6.391234
5.266351
3.053467
0.252910
-2.394699
-3.735612
-3.010757
-1.318021
-0.500440
1.203608
4.019012
6.130378
6.000556
5.501658
2.889131
-0.252952
-2.079380
-3.068341
-2.411819
-0.839108
-0.360453
0.912288
3.056040
5.548984
6.903010
5.298049
2.838439
0.219651
-1.888233
-2.331065
-1.874928
-0.385245
0.388802
1.552148
3.787772
5.371886
6.289088
5.007869
3.053266
0.206079
-1.239759
-2.074019
-1.023589
0.421618
0.839929
1.556137
3.329896
5.930781
6.606507
5.588264
3.215623
0.454156
-1.874591
-2.884830
-1.567832
-0.062094
0.546973
1.848931
4.185036
5.886701
6.513217
5.200608
3.138106
0.129848
-1.945184
-2.166883
-1.341987
-0.023822
0.792790
1.802970
4.441917
6.031157
6.223918
4.846435
2.251852
-0.437593
-2.435795
-3.197913
-2.107536
-0.961158
-0.157392
1.130734
2.944319
5.143649
5.362849
4.357264
1.871157
-0.275767
-2.214882
-2.436378
-1.771364
-0.164385
0.599056
2.086999
3.473787
5.030665
5.696666
5.162972
3.019649
0.246991
-1.522021
-2.664321
-1.722034
0.289010
0.424249
1.293667
3.485035
5.880727
6.239785
5.428958
2.420743
0.023223
-1.900552
-2.608212
-1.987681
-0.538016
0.437117
1.371007
3.296430
5.332603
5.632903
4.789872
2.851669
0.023981
-2.215537
-2.629085
-1.695526
-0.277793
0.836880
2.192720
3.443457
5.213222
5.720248
5.190616
2.413509
-0.206309
-1.937966
-2.976447
-2.250016
-0.854092
-0.350454
1.553576
3.869616
5.840144
6.715592
5.754741
3.703868
1.143756
-1.344060
-2.089050
-1.319239
-0.408072
0.707110
1.953514
3.586879
5.739360
6.668038
5.006244
2.693135
-0.009931
-2.583081
-3.136127
-1.953980
-0.306864
0.579333
1.155343
3.195024
5.204047
6.036559
5.080970
2.729867
0.122091
-2.047270
-2.797610
-1.078000
0.197152
0.390350
1.295142
3.550033
5.810954
5.915977
4.423646
2.562740
-0.055083
-1.882644
-2.793043
-2.407176
-1.001231
0.379066
2.187655
3.482784
5.746875
6.348826
5.504600
3.407174
0.609773
-1.700411
-2.518842
-1.884715
-0.646697
0.457037
1.688601
3.337667
5.048045
6.140145
4.865499
2.863862
-0.045955
-2.188779
-2.614263
-1.777553
-0.590011
0.150917
1.164753
3.218595
5.462806
5.735318
4.707355
2.497385
0.016481
-2.445219
-3.398093
-2.612731
-1.598626
-0.660662
0.809394
2.826994
5.065337
6.023911
5.203547
3.298473
0.612047
-1.666172
-2.487736
-1.751124
-0.793661
0.509381
1.862350
3.689029
5.406814
6.108111
5.035356
2.690034
-0.562278
-2.479924
-3.127622
-2.744646
-1.238262
-0.498181
0.785182
2.804068
5.265441
5.457433
5.045894
2.228309
-0.398083
-2.828069
-3.941619
-2.829937
-1.669236
-0.537053
1.203194
3.064501
4.853847
5.203925
3.890078
1.669139
-0.455793
-2.441783
-3.034595
-2.511385
-0.654782
-0.074119
0.871345
2.866016
4.684854
5.403655
4.392100
2.044413
-0.716231
-2.581944
-3.165577
-1.717475
-0.022378
0.558969
1.013420
3.217038
5.049212
4.851268
3.874152
1.704005
-1.047179
-2.849915
-3.431017
-2.751829
-1.362521
-0.234452
0.561777
2.225280
4.604777
5.410216
4.817258
2.539350
-0.228281
-2.264139
-2.022320
-1.527883
-0.545754
0.772046
2.134179
3.390239
5.148822
5.801721
4.441225
2.329137
-0.512339
-3.022331
-3.777864
-2.825374
-1.414069
-0.108489
0.951672
2.734744
4.753463
5.556720
4.959363
2.833053
-0.073058
-1.895118
-2.926323
-2.446706
-1.319187
0.014347
1.054265
2.366885
4.445457
5.885982
5.010474
2.942344
0.454363
-1.702202
-2.363971
-1.692068
-0.194503
1.007864
1.707752
3.345508
5.539561
5.872024
4.878259
2.713945
-0.248463
-2.472347
-3.177929
-1.817824
-0.269996
0.238564
0.803873
3.066854
5.367919
6.359271
5.344726
2.769881
-0.121294
-1.893044
-2.184390
-1.578156
-0.327975
0.060231
0.976514
3.233425
5.403991
5.939601
4.730174
2.351093
-0.603398
-2.651099
-3.730387
-2.555989
-1.133480
-0.103903
0.570280
2.407269
4.266280
4.950526
4.031617
1.808045
-0.751535
-3.061805
-3.525960
-2.720530
-1.884686
-0.818447
0.232081
2.023085
4.193511
5.118051
4.329269
2.214699
-0.598670
-2.963984
-4.004360
-2.847265
-0.626369
0.427001
1.170516
2.624493
5.161162
5.949660
4.561086
2.285804
-0.546123
-2.519516
-3.667569
-2.497823
-1.077660
0.121360
1.063981
2.819962
4.808013
5.553218
4.295535
2.534608
-0.484209
-2.771608
-3.371563
-2.215604
-0.822032
0.028061
0.835373
2.361230
4.304397
5.466655
4.430835
1.744807
-0.947952
-2.850893
-3.338589
-2.938360
-1.641649
-0.486441
0.436032
2.087935
4.040436
4.234591
3.144241
0.959594
-1.647231
-3.300875
-3.612266
-2.932843
-1.978098
-0.790471
0.108196
2.053542
3.944670
4.825709
4.440208
2.111640
-0.831820
-3.079183
-3.658754
-2.908094
-1.557572
-0.279781
0.337817
2.507914
4.547168
4.890388
3.745838
1.087957
-1.441514
-3.044744
-3.947502
-2.660103
-1.186134
-0.242229
0.195855
2.098963
4.282542
4.951095
3.394842
1.896043
-1.188032
-3.010781
-4.094261
-3.288838
-2.077041
-0.741798
0.749616
1.852525
3.097557
4.310574
3.248565
1.278071
-1.238045
-2.889998
-3.141295
-2.116380
-0.646768
-0.267858
0.452389
2.323626
4.817233
4.912456
3.487006
1.297906
-1.596228
-3.174900
-3.271459
-2.118677
-0.933206
-0.115908
0.454288
1.806800
3.837803
4.728332
3.827076
1.272637
-1.164814
-3.407235
-4.711010
-4.231118
-2.463457
-0.552896
0.216694
2.297522
4.497043
4.583678
3.051989
1.123183
-1.239354
-3.501361
-4.432546
-3.597699
-2.020926
-0.455672
0.045040
1.814509
3.839455
4.370731
3.366303
1.055451
-1.392373
-3.844247
-4.447644
-3.477042
-2.205493
-1.119405
0.118350
2.097516
3.843718
4.294738
3.067919
1.400601
-1.171030
-3.596587
-4.376112
-2.868616
-1.219218
-0.924502
-0.139235
1.639554
2.920485
3.888529
2.729688
0.631948
-2.177297
-3.563260
-3.859104
-3.025023
-1.583421
-0.600229
0.064889
1.573400
3.328590
4.048464
2.730750
0.571909
-1.778268
-3.345520
-4.070903
-3.177978
-2.083847
-0.836838
0.480876
1.833003
3.583356
4.159853
3.538691
0.879457
-1.021425
-3.109987
-3.594367
-2.233325
-0.592418
0.234802
0.247705
1.678958
3.836805
4.690742
3.524471
1.678079
-1.032657
-3.074143
-3.723625
-2.799376
-1.382221
0.026677
1.130052
2.897502
5.183791
5.597833
4.393024
1.969268
-0.861762
-3.045042
-3.882769
-2.983411
-1.942530
-0.463729
1.426310
2.499619
4.391900
5.214526
4.265889
1.824635
-1.069288
-3.056896
-3.777274
-2.818875
-0.790681
-0.074207
0.413085
2.115744
4.477931
4.897529
3.882439
2.004142
-0.455882
-2.286922
-2.734681
-2.150928
-1.182811
-0.153149
0.739213
2.412323
3.690350
4.271084
3.120429
1.124010
-1.685390
-3.892215
-4.395226
-3.536967
-2.138681
-0.543578
0.172428
1.680062
3.690947
4.145476
3.317645
1.288413
-1.221985
-3.042747
-3.604505
-3.008228
-1.309056
-0.089541
0.653125
1.867268
3.228374
4.083822
2.756588
0.696938
-2.155801
-3.922411
-4.463586
-3.729944
-1.826686
-0.978786
-0.142487
1.587148
3.704428
3.703334
2.936130
0.460950
-2.207033
-4.293324
-4.890540
-3.699500
-1.703536
-1.327486
-0.506263
1.095961
2.704246
3.208553
2.736199
0.115463
-2.185233
-3.773238
-4.269919
-3.489754
-1.981158
-0.839130
0.054748
1.609959
2.842209
3.839180
2.763329
0.603118
-1.633305
-4.053123
-4.436045
-3.471352
-2.101523
-1.044161
-0.211006
1.362247
3.096699
4.220654
2.865718
0.609555
-2.129622
-4.470186
-5.066960
-4.140218
-1.994431
-1.280634
-0.186046
1.555368
3.464868
4.104712
3.111043
0.937757
-2.088860
-4.297892
-5.223251
-3.342341
-1.891009
-1.740170
-0.197801
1.353455
2.879958
3.533599
2.887984
1.431909
-1.418575
-3.617769
-4.810054
-3.074852
-1.955927
-1.362214
0.098917
1.733520
3.295676
4.628924
3.600919
1.122373
-1.778058
-3.907032
-4.080338
-3.010656
-1.151927
-0.077865
0.671653
1.972959
3.013474
3.888512
2.763182
1.125498
-1.933156
-4.347084
-4.875261
-4.278956
-2.290144
-1.116328
0.420165
1.529490
2.995354
3.601059
3.149362
1.129079
-2.213341
-4.312659
-4.695575
-2.827161
-1.526057
-0.495977
0.521762
1.206213
2.830718
4.018113
2.883819
0.760427
-2.116785
-4.213196
-4.871605
-3.823665
-1.672910
-1.131134
-0.103191
1.336850
3.123665
4.195702
2.992453
0.304460
-2.125202
-3.530682
-3.663420
-3.257400
-1.638232
-0.323997
-0.179860
0.880031
2.203143
3.181025
2.642854
0.106782
-2.193357
-3.656754
-3.501970
-2.842034
-0.953603
-0.105809
0.121144
1.173895
2.377358
3.311968
2.379757
0.247025
-2.011458
-3.113785
-3.388587
-2.894621
-0.483478
-0.672432
-0.176929
1.302370
2.842505
3.704933
3.223041
1.084175
-1.363797
-3.133438
-3.683415
-3.112592
-1.522561
-0.637385
0.245708
1.990703
3.582107
3.926935
2.899578
0.818548
-2.328660
-4.092413
-4.398211
-3.368093
-1.243953
-0.506233
0.444252
2.000690
3.300051
3.547444
2.264169
0.320524
-2.278259
-4.071792
-4.752452
-3.084094
-1.801806
-0.709245
0.198340
1.366145
2.365958
2.845046
1.842264
-0.303226
-2.630895
-4.543446
-5.343392
-4.511489
-2.729677
-1.255305
-0.259171
1.053612
2.166228
2.400276
1.782979
-0.606493
-2.968748
-4.399698
-5.211138
-4.133721
-2.184152
-1.591672
-0.664913
0.886935
2.462596
3.033625
1.971458
-0.111588
-2.788050
-4.593207
-4.778240
-3.229305
-1.605294
-0.673463
-0.001709
1.558561
3.056572
3.833607
2.948357
0.117187
-2.743117
-4.808558
-5.166778
-3.801126
-2.503577
-1.087490
-0.848761
0.309269
2.973537
3.499650
2.495097
0.321504
-2.331025
-4.011132
-4.675602
-3.489942
-1.896718
-0.746245
-0.104749
1.023788
2.029655
2.725670
1.605659
-0.402175
-2.928786
-4.469837
-5.377994
-4.263458
-2.595558
-0.958946
0.051479
0.898304
2.650572
3.251996
1.735066
-0.403976
-3.222811
-4.906942
-4.233998
-2.428529
-1.611129
-0.878783
-0.736530
0.401703
2.173403
2.698891
1.140759
-0.845754
-3.428223
-5.467715
-5.849215
-5.028306
-3.159636
-2.341366
-1.472476
-0.257835
1.668777
2.375666
1.152421
-0.596325
-3.003790
-4.444292
-5.177622
-4.152148
-2.232331
-1.162307
-0.376214
0.893053
1.724764
2.005443
1.540007
-0.256678
-2.378695
-4.092564
-4.104232
-3.237699
-1.921041
-0.677831
-0.030107
1.378428
2.373394
3.258345
1.800620
-0.037766
-2.744468
-4.262332
-5.227822
-3.898515
-2.032893
-0.553254
0.102907
0.852187
2.536941
3.186495
2.839677
0.344728
-2.334706
-4.333309
-4.649563
-3.315426
-1.581496
-0.640769
-0.397530
1.023638
2.738842
3.691489
2.925525
0.488733
-2.424090
-3.767715
-4.264651
-4.107606
-2.206874
-0.723390
-0.392129
0.642069
2.561051
2.896987
1.664797
-0.271563
-3.056020
-4.705638
-5.118069
-4.348216
-2.530469
-1.337548
-0.042941
1.228498
2.115051
2.495476
1.957275
0.433038
-2.030346
-4.219291
-4.636955
-3.315454
-1.959044
-1.356345
-0.272717
0.877647
2.363367
2.353137
1.847356
-0.582059
-2.873145
-4.393847
-4.286578
-3.114799
-1.772641
-1.308808
-0.133008
1.432199
2.449354
2.868187
2.124521
0.263334
-2.384959
-4.557614
-5.514069
-4.242195
-2.332540
-1.356172
-0.460833
1.043603
2.675180
3.310264
2.312142
-0.171839
-2.322476
-3.738862
-4.289985
-3.607856
-2.155795
-1.152030
-0.069314
0.640719
1.523398
2.494843
1.748432
-0.684995
-2.977430
-4.764400
-5.379378
-4.484313
-2.987781
-1.495737
-0.830748
0.967151
2.327703
2.659188
1.696696
0.039834
-2.571654
-4.463608
-5.051558
-4.336216
-2.614825
-1.121022
-0.742945
0.602740
2.023322
2.208724
1.465797
-0.840935
-3.484797
-5.086735
-4.971400
-3.911106
-2.165900
-1.532045
-0.846635
0.975430
2.762335
2.841355
1.916900
-0.586671
-2.941565
-4.724411
-5.317439
-3.717924
-2.248048
-1.302644
-0.398645
-0.011282
1.903845
2.068112
1.064121
-0.964525
-3.071663
-4.741676
-6.050401
-5.005452
-3.026820
-1.287896
-0.489980
0.987789
2.269973
2.599248
1.851156
0.013184
-3.118518
-5.203000
-5.190546
-4.435772
-2.999240
-1.739078
-1.020403
0.227172
1.751177
2.012575
1.290094
-0.986821
-3.192760
-4.518318
-5.022601
-3.824667
-2.567281
-1.123010
-0.591484
0.723545
1.941930
2.292578
1.241122
-0.226848
-2.256614
-4.702449
-5.205085
-4.393257
-2.620347
-1.450774
-0.588292
1.416687
2.536044
3.052839
1.546719
-0.105332
-2.385550
-4.341245
-4.456249
-2.940248
-1.615399
-1.224013
0.035114
1.374485
2.973070
3.085119
1.414022
-0.734665
-2.479964
-4.280141
-4.442618
-4.030003
-1.736051
-0.866107
-0.145056
0.827174
2.135975
2.630472
1.184203
-0.483008
-2.462017
-4.049989
-4.881482
-4.210085
-2.376935
-1.555175
-0.595902
0.709675
1.626497
2.109751
1.282024
-0.766403
-3.283923
-4.787578
-5.295835
-4.694661
-2.887923
-1.616315
-0.597245
0.208926
1.668563
1.548858
0.791298
-1.483154
-3.611835
-5.092512
-5.427884
-3.711133
-2.116683
-1.974830
-0.779891
0.580627
1.541869
2.173638
0.957682
-0.798183
-2.758819
-4.839285
-5.096667
-4.374128
-2.894822
-1.523406
-0.648323
0.761953
1.963799
2.520329
1.386551
-0.647631
-3.232821
-4.636959
-4.946962
-3.662951
-1.531426
-1.690886
-0.920399
0.594952
1.917374
2.541335
1.134745
-1.102225
-3.369874
-4.884399
-5.672528
-3.781193
-2.357570
-1.362414
-1.029796
0.131831
1.510433
1.860523
0.698801
-1.149090
-3.617587
-5.098725
-5.550750
-4.944549
-2.976237
-1.660251
-1.077736
0.149739
1.208873
1.436729
0.295367
-1.621418
-3.758955
-5.829395
-6.115354
-5.149709
-3.407687
-2.425422
-1.622035
-0.103415
1.286163
1.619416
1.000319
-0.666186
-2.638425
-3.896276
-4.349475
-3.601232
-2.036941
-1.081443
-0.364573
0.777971
2.013788
2.330673
1.272107
-1.329855
-3.484007
-5.214851
-4.886414
-4.470060
-2.523980
-1.753610
-0.932496
-0.334574
1.089825
1.461085
0.530832
-1.506104
-3.928757
-5.500541
-5.644533
-4.414223
-2.760287
-2.085359
-1.802282
0.155085
1.087494
1.580373
0.347558
-1.327027
-3.638152
-4.875096
-4.858521
-3.413260
-2.604508
-1.260089
-0.414556
0.815550
1.586037
1.922683
1.280829
-1.277028
-3.632953
-5.115322
-5.065598
-3.645371
-1.356635
-1.017146
-0.651820
0.133978
1.468445
1.847481
0.453768
-1.572558
-3.498822
-4.976563
-5.391790
-3.807725
-2.537675
-1.666366
-0.853309
-0.079501
1.333066
1.985701
0.865790
-1.279042
-3.949417
-5.679065
-5.437191
-4.632610
-3.517074
-2.214828
-1.510458
-0.206077
1.680219
1.553056
1.009569
-0.657141
-2.442352
-4.072306
-5.086518
-3.861560
-1.780080
-0.504455
0.250648
1.017844
1.827765
2.283070
1.109589
-0.907999
-3.712960
-5.042657
-4.669661
-4.032283
-1.916284
-0.948148
-0.311514
0.468890
1.582077
1.997784
0.727396
-1.220813
-3.877664
-5.769173
-5.708327
-5.145060
-2.906703
-1.445876
-1.045295
0.106150
1.413352
1.458245
-0.235172
-1.663896
-3.940732
-5.691251
-5.813997
-4.392453
-2.487039
-1.900971
-1.124065
-0.511080
0.426377
0.999112
0.557167
-1.095731
-3.714679
-5.375758
-5.428446
-4.369563
-2.501487
-1.074508
-0.882736
-0.523889
0.699646
1.239323
-0.042461
-2.137648
-4.239340
-5.945516
-5.692187
-4.495252
-2.883243
-1.989350
-1.847480
-0.417412
0.682530
0.865810
-0.555838
-2.203827
-4.080052
-5.351741
-5.083159
-4.079309
-2.803906
-2.171128
-1.332469
-0.405832
1.051743
0.770043
-0.335669
-2.280828
-4.294739
-5.150834
-5.294797
-4.909872
-3.235587
-2.034678
-1.924480
-0.639104
0.427443
0.653605
-0.051346
-1.872970
-4.095981
-6.000073
-6.134232
-4.836511
-3.108317
-1.949235
-1.533208
-0.543632
0.902317
0.874236
-0.190577
-1.249740
-3.505580
-4.987187
-5.526030
-3.969195
-2.708804
-1.506860
-1.126554
-0.094458
1.375949
1.814729
0.694258
-1.319742
-3.746484
-5.176662
-5.747703
-4.939375
-2.980906
-1.392230
-0.191906
0.347897
1.530544
1.879677
0.333037
-2.110783
-4.138716
-5.553139
-5.122257
-4.461471
-2.207412
-1.000546
-0.911715
-0.040967
1.068750
1.157598
-0.077487
-2.357992
-4.030993
-5.907737
-6.528634
-5.769957
-3.856719
-2.326974
-1.536233
-0.296719
0.642032
0.772677
-0.111489
-1.842097
-3.481726
-4.832037
-4.825982
-4.310176
-2.765273
-1.430528
-1.064919
0.194340
1.420498
1.354334
0.339769
-1.981840
-4.451305
-5.678894
-6.094680
-4.326926
-2.678411
-1.406245
-0.840136
0.214733
1.071902
1.370469
0.105755
-1.879378
-4.229340
-5.889428
-6.226810
-5.340744
-2.948548
-1.663218
-1.312388
-0.425959
0.764581
1.161937
-0.111510
-2.166753
-4.177741
-5.663281
-6.007323
-5.194250
-3.166358
-2.088164
-1.716804
-0.295377
0.679720
1.023815
-0.192452
-2.002970
-3.958375
-5.763117
-6.039653
-4.957019
-2.763337
-1.904111
-1.837625
-0.598429
0.440084
1.136835
0.415682
-2.144915
-4.377694
-5.942752
-6.110010
-4.564956
-3.645436
-2.471915
-1.807165
-0.530571
0.419172
0.635132
-0.318995
-2.835885
-4.836345
-6.255705
-6.683327
-5.563860
-3.641437
-2.315976
-1.893561
-0.721918
0.041684
0.333147
-0.772414
-2.590142
-4.772950
-5.767790
-6.010154
-4.382510
-2.675294
-1.739341
-1.084856
-0.203441
0.985608
1.055193
-0.470799
-2.484189
-4.498296
-5.998132
-5.748978
-4.601039
-2.912406
-1.866544
-1.392091
-0.453876
0.889346
0.665361
-0.732468
-2.068914
-4.105700
-5.276458
-5.537660
-4.284707
-1.823283
-0.678571
-0.398959
0.159904
0.934735
1.157902
-0.433553
-2.572045
-4.699998
-6.782538
-7.070486
-5.278426
-2.780070
-2.093762
-1.717805
-1.079238
-0.066077
0.285047
-0.382159
-2.465678
-4.494419
-6.380333
-7.116761
-6.171515
-3.542129
-2.503100
-1.886140
-0.984222
0.162062
0.297073
-0.638093
-2.882922
-5.351313
-6.590313
-5.804349
-4.406011
-3.120465
-2.095845
-1.945669
-1.049849
0.011802
0.277827
-1.016331
-2.680722
-4.798988
-6.038974
-5.942275
-5.229814
-3.522363
-2.147891
-1.588589
-0.948929
0.008716
0.212606
-0.410047
-2.568899
-4.812773
-6.135440
-6.346289
-5.234982
-3.164523
-1.838061
-1.517514
-0.089518
0.935124
0.779236
-0.656759
-2.946640
-4.954250
-5.643651
-5.451919
-4.711555
-2.990233
-1.683215
-1.546340
-0.493132
0.682518
0.580035
-0.856497
-2.395729
-4.517100
-6.479578
-6.000941
-4.756598
-2.466235
-1.856833
-1.053770
-0.119056
0.656168
0.001307
-0.785709
-2.683225
-4.712111
-6.398322
-6.515146
-5.645356
-3.848166
-2.141047
-1.438796
-1.132444
-0.099011
-0.230751
-0.957890
-2.921398
-5.600738
-7.090364
-6.773471
-4.969890
-2.638713
-1.933434
-1.661688
-1.097881
-0.136474
-0.529084
-1.259373
-3.344624
-5.328617
-7.164766
-7.315935
-6.591768
-4.021552
-2.586253
-2.545951
-1.596725
-0.418833
-0.205633
-1.586671
-3.498845
-5.862480
-7.629219
-8.115049
-6.241385
-4.609624
-3.491765
-2.090730
-0.962745
-0.120645
-0.220170
-0.904974
-2.575818
-4.264718
-5.939146
-6.570341
-4.938121
-2.957196
-1.698461
-1.089706
-0.188750
0.858485
0.615959
-0.690714
-2.640965
-5.233338
-7.130173
-6.493986
-5.017129
-3.669734
-2.730399
-1.970282
-1.160009
-0.438010
0.152139
-1.567575
-3.397488
-5.440928
-6.941165
-7.097532
-5.209605
-3.409041
-3.096150
-2.230468
-1.600074
-0.304693
-0.375775
-1.462843
-3.573182
-5.225579
-6.625934
-6.184933
-5.422498
-3.864461
-2.198033
-1.718594
-0.910022
-0.222136
-0.477411
-1.351784
-3.472142
-5.860677
-7.351315
-7.273772
-6.737620
-4.552581
-3.010356
-2.023110
-0.936889
0.182059
0.329740
-1.214576
-2.864107
-5.393267
-6.980818
-7.532172
-6.199663
-3.965695
-2.650512
-1.921135
-0.838803
0.194503
0.158792
-0.988605
-2.910378
-5.106925
-6.078156
-5.948969
-4.715068
-3.529357
-2.005486
-1.799082
-0.743966
0.052496
0.209486
-1.047202
-3.108273
-5.201443
-6.896087
-7.038297
-5.377091
-3.405807
-2.378682
-2.107948
-1.006150
-0.183271
-0.229535
-1.632586
-3.515286
-5.707211
-7.133158
-7.061346
-5.771503
-4.124055
-2.904546
-2.311710
-0.734872
0.593376
0.648880
-0.213106
-2.506603
-4.520515
-6.625425
-6.975595
-5.885874
-3.561149
-2.611026
-2.142424
-0.901963
-0.138786
0.417702
-0.616638
-2.821405
-5.114417
-7.009337
-6.659137
-5.631805
-4.118865
-2.785199
-1.716911
-0.748060
0.049685
0.145050
-1.052204
-2.833741
-5.277787
-6.505260
-6.485921
-4.479590
-2.987491
-1.770560
-1.568497
-0.695496
-0.512274
-0.560507
-1.657985
-3.393046
-5.681153
-6.640317
-6.735504
-5.755679
-4.174695
-2.502339
-1.935925
-1.124513
0.052204
0.386457
-0.684810
-2.396631
-4.191619
-6.131144
-6.500601
-5.988442
-3.920165
-2.659488
-2.093864
-0.712253
0.442434
0.342120
-0.730648
-2.594205
-4.715050
-6.367732
-6.708751
-5.637102
-3.779046
-2.782537
-1.793762
-1.219000
-0.098838
0.191925
-0.786235
-2.943892
-5.208665
-7.244411
-6.768350
-5.801900
-3.705110
-3.258300
-2.373034
-1.301465
-0.061567
-0.320476
-1.171976
-3.025358
-4.944084
-6.625514
-7.073009
-5.450040
-3.482167
-2.147391
-1.872539
-1.105184
-0.557887
-0.023547
-0.663033
-3.141557
-5.159928
-6.860723
-7.177244
-5.815153
-4.000323
-2.801838
-2.673470
-1.833048
-0.494846
-0.073105
-1.331360
-3.345386
-6.091849
-7.709656
-7.644204
-6.631460
-4.639354
-2.746142
-2.256922
-1.539064
-0.765997
-0.850832
-1.374411
-3.536849
-5.571283
-7.203181
-7.563802
-5.787709
-3.661731
-3.362465
-2.753807
-1.779153
-1.111809
-1.008832
-2.190269
-3.935326
-5.815330
-7.638333
-7.850711
-6.629018
-4.269523
-3.466300
-2.575305
-1.071552
-0.427921
-0.349570
-1.137456
-2.911942
-5.351276
-6.687931
-7.166799
-5.769297
-4.061442
-2.750227
-2.266521
-1.282236
0.460564
0.799623
-0.714076
-2.887540
-5.215875
-7.254609
-7.700515
-6.477675
-5.150088
-3.015774
-2.277205
-1.070740
-0.307513
-0.162227
-1.119674
-3.072364
-5.153011
-7.120047
-6.977027
-5.174572
-3.123055
-2.858547
-2.161280
-1.360627
-0.205607
-0.196731
-1.457126
-3.195589
-5.089724
-6.037618
-6.302834
-5.300230
-4.051145
-3.093466
-2.424356
-1.372984
-0.496267
-0.555209
-1.669864
-3.090760
-5.311845
-6.284616
-6.454036
-5.503201
-3.862521
-2.849010
-2.078106
-0.712832
0.254373
0.183416
-0.798676
-2.962560
-5.471019
-6.773757
-6.706619
-4.885166
-3.740235
-2.649520
-2.473295
-1.147965
0.120289
-0.294386
-1.388776
-3.407292
-5.832035
-7.578968
-7.754952
-6.607220
-5.362655
-3.664358
-2.750134
-1.662660
-0.996496
-0.572534
-1.090192
-3.183606
-5.333920
-7.187002
-7.680079
-6.205215
-4.397667
-3.076153
-2.120287
-1.191691
-0.315837
-0.448628
-1.335629
-3.342259
-5.414849
-7.289907
-6.960001
-5.848057
-4.878727
-3.478368
-2.733793
-1.352014
-0.422890
-0.220195
-1.637650
-3.679750
-5.938465
-7.490458
-7.633101
-6.651665
-5.015319
-3.799797
-3.049564
-1.686431
-0.077918
0.031651
-1.094209
-3.375903
-5.460840
-6.852214
-7.035657
-5.345672
-3.413760
-2.522949
-2.002978
-1.177624
-0.087746
0.068833
-1.163406
-2.905678
-5.077441
-6.792907
-6.676291
-5.223609
-3.878179
-2.667911
-1.725137
-0.894430
-0.147527
-0.256439
-1.122697
-3.195363
-5.472765
-6.823429
-7.464650
-5.603107
-3.873823
-2.673122
-2.273605
-1.109641
0.007462
-0.222274
-1.510400
-3.664502
-5.866858
-7.510439
-7.353387
-6.232079
-4.342024
-3.107866
-2.446995
-1.577874
-0.816048
-0.689668
-1.356099
-3.114594
-4.915064
-6.343950
-7.006955
-6.020688
-4.308226
-2.884854
-2.153522
-0.316212
1.334377
0.694898
-1.081262
-3.158574
-5.350358
-7.613947
-7.746821
-5.724356
-3.678529
-3.172124
-2.123767
-1.204326
0.146070
-0.029550
-0.814050
-2.946145
-5.316995
-7.310693
-7.638300
-6.367764
-4.761051
-3.536858
-2.955502
-1.930213
-0.389584
-0.052705
-1.541123
-3.214664
-5.585495
-7.375019
-6.891778
-6.251668
-4.431415
-3.493049
-2.816775
-1.801143
-0.801221
-0.154598
-1.083772
-3.396318
-5.611383
-7.425622
-7.504224
-6.673341
-4.399221
-3.315218
-3.197379
-1.750507
-0.874465
-0.682467
-1.933566
-3.586821
-5.416657
-6.717867
-7.739988
-6.615470
-5.023790
-3.752087
-3.056409
-1.363017
-0.575764
-0.272468
-0.718350
-3.055144
-5.150471
-6.008062
-6.089282
-5.324825
-3.878977
-2.876915
-1.367855
-0.465782
0.023710
0.139256
-1.117818
-3.271649
-5.976779
-7.629683
-7.419758
-6.687233
-4.908356
-3.204737
-2.250205
-1.035359
0.155604
0.109444
-0.464717
-2.465587
-5.102070
-7.176942
-7.644636
-6.602862
-4.744870
-3.103855
-2.794622
-1.384567
-0.274714
-0.255200
-0.585493
-2.554481
-4.326856
-5.929875
-6.548306
-5.253448
-4.131381
-2.984642
-2.457513
-0.936328
0.551134
0.325842
-1.119424
-3.022694
-5.765288
-7.442039
-7.853954
-6.936664
-5.038299
-3.459503
-2.519144
-1.384701
-0.516537
-0.459924
-1.391160
-3.930471
-5.910899
-7.808222
-7.848250
-7.142928
-4.485275
-3.546697
-2.917511
-1.730685
-0.875503
-0.680007
-1.491698
-3.528968
-6.006896
-7.842368
-8.510295
-6.985624
-5.072647
-3.503351
-2.993020
-2.090907
-0.783036
-0.486999
-1.242566
-3.385756
-5.679364
-6.732929
-6.642757
-6.102224
-4.671365
-3.175191
-2.834167
-1.644011
-0.321157
-0.078160
-1.265908
-3.500030
-6.080290
-7.418998
-7.402743
-6.440207
-5.225785
-3.654878
-3.086357
-1.817752
-0.429348
-0.098693
-0.697171
-2.562829
-5.638412
-7.716136
-8.028214
-6.065006
-4.576019
-3.417832
-2.414288
-1.433360
-0.188278
0.099164
-1.605812
-3.650186
-6.058575
-7.917388
-8.243373
-7.121349
-4.485360
-3.659224
-2.580879
-1.659328
-0.562152
-0.122765
-1.799945
-3.547378
-5.643091
-7.193983
-7.449897
-6.909075
-5.324950
-4.316182
-3.229442
-1.567104
-0.565790
-0.324593
-0.900400
-2.576123
-5.205996
-7.044769
-7.172248
-6.569188
-4.719091
-3.749122
-2.966156
-1.114594
0.572762
0.800099
-0.760449
-2.544406
-5.206533
-7.342668
-7.745684
-7.032081
-4.544283
-3.428454
-2.095191
-0.842063
0.212632
0.238428
-0.573193
-2.844484
-5.437550
-7.131619
-7.446621
-6.225621
-4.847840
-4.206256
-3.563267
-1.655807
-0.666263
-0.204041
-0.862931
-3.131479
-5.309688
-7.616477
-8.216484
-6.737745
-5.557396
-4.360098
-3.502385
-2.071965
-0.436114
-0.180049
-1.012014
-2.775833
-5.608736
-7.596128
-8.304059
-7.109286
-5.210304
-3.939946
-2.953854
-1.597713
0.264100
0.464681
-0.375237
-2.521239
-5.188781
-7.205014
-7.602227
-7.025887
-5.953803
-4.162289
-2.654984
-2.054158
-0.515775
0.537158
-0.373254
-2.589125
-4.995512
-6.257266
-6.677209
-5.685966
-4.326601
-3.380185
-2.229428
-0.653938
0.028920
0.860215
0.083615
-2.523508
-4.974213
-7.101660
-7.645237
-6.589737
-4.869249
-3.678768
-2.665182
-1.640959
0.239850
0.518048
-0.513743
-2.631530
-5.261002
-7.452662
-8.173329
-6.186645
-4.342815
-3.245380
-2.629569
-1.297038
0.369142
0.160772
-0.797990
-3.165500
-5.794931
-8.157550
-8.359365
-6.856393
-5.308356
-4.076430
-2.821513
-1.292062
-0.308019
-0.252093
-1.219795
-2.699292
-4.908887
-7.246277
-7.376642
-5.893868
-4.875300
-3.678194
-2.799671
-2.077192
-0.797378
-0.347528
-0.911313
-3.536437
-5.987743
-7.656239
-8.212559
-6.850882
-5.732450
-4.085827
-3.685056
-2.227436
-0.993613
-0.196756
-1.445485
-3.190227
-5.757431
-7.719891
-7.971376
-6.816498
-4.657833
-3.097458
-2.124403
-1.420199
-0.537955
0.086632
-1.004171
-3.016372
-5.818946
-7.389763
-7.276342
-5.537226
-3.940279
-3.446079
-2.933372
-1.945712
-0.582475
-0.402659
-1.449483
-3.290385
-5.317243
-7.344717
-7.759224
-6.411013
-5.103280
-4.451098
-3.512831
-1.922479
-0.368924
-0.244377
-1.448818
-3.621001
-6.388567
-8.152678
-8.220613
-7.143610
-5.303330
-4.405152
-3.611826
-2.481566
-0.927880
-0.212995
-1.312342
-3.586306
-6.144564
-7.874475
-8.069942
-6.688818
-5.483438
-4.145957
-3.046937
-1.937783
-0.208482
0.618943
-0.699222
-3.587289
-6.370074
-8.356864
-8.419421
-7.830133
-5.996814
-4.122199
-3.325323
-1.921268
-0.515786
0.296414
-0.943243
-2.883248
-6.111829
-8.316862
-9.329311
-8.419255
-6.678136
-4.849617
-3.530751
-1.857452
-0.752990
0.027945
-1.030894
-3.564581
-6.431489
-8.515848
-8.855430
-7.430773
-6.114540
-4.370133
-3.602844
-2.613499
-1.298739
-0.654619
-1.761725
-3.581874
-5.775177
-7.941175
-8.534880
-6.822766
-5.767337
-3.926424
-2.863906
-1.360332
-0.131957
0.059279
-1.276745
-4.167924
-6.447059
-8.112747
-8.600453
-8.300575
-6.050621
-4.862376
-3.384763
-1.333031
-0.029897
0.665593
-0.396063
-2.987604
-5.628286
-7.287771
-8.180557
-7.541012
-6.015072
-5.167244
-3.793218
-2.177787
-0.331618
0.071578
-0.845586
-2.848618
-4.979073
-7.038595
-6.987576
-5.531968
-4.158861
-3.316294
-2.594248
-1.568519
0.288621
1.024518
0.211632
-2.293042
-4.906099
-6.700595
-7.427727
-6.437511
-4.734645
-3.510203
-2.252033
-1.183234
0.272397
1.039449
0.841908
-1.950012
-4.591251
-6.626924
-7.272259
-5.712014
-4.703460
-3.568335
-2.663775
-1.091270
0.451883
0.993726
0.234248
-1.260114
-4.372785
-6.546020
-7.733587
-6.862123
-4.921097
-3.524096
-2.771974
-1.283543
0.162601
1.358281
0.275768
-1.361770
-4.769446
-6.976003
-7.829392
-7.366262
-5.113659
-4.201378
-3.155398
-1.764243
-0.041374
1.072768
-0.357298
-1.970771
-4.888699
-7.483822
-7.882935
-7.189137
-5.015643
-3.740441
-2.165064
-1.273095
-0.203906
0.670850
-0.216062
-2.389830
-4.706940
-6.718235
-7.162124
-6.013731
-4.462337
-3.645251
-2.676307
-1.073015
0.289937
1.324485
0.780799
-1.085399
-3.594699
-6.162813
-6.773150
-5.713654
-4.113370
-2.871397
-1.616446
-0.049706
1.772758
2.064876
0.939847
-1.375937
-3.800640
-5.648553
-6.866595
-5.624300
-4.405777
-3.351715
-2.145813
-0.267694
1.275259
1.509253
0.735755
-1.322082
-4.272206
-6.679333
-7.017510
-5.961164
-4.341681
-2.875161
-2.256657
-1.088632
0.611190
1.249545
0.564920
-1.297389
-4.419698
-6.403564
-7.010271
-5.914804
-3.766650
-3.085240
-2.170691
-0.785466
1.105624
1.742648
0.668878
-1.193028
-4.136421
-6.624565
-7.368756
-6.104205
-4.182990
-3.458413
-2.480268
-1.112508
0.492213
0.802587
0.090602
-1.740886
-4.160362
-6.371233
-7.059177
-6.198135
-4.576798
-2.907331
-1.847896
-0.595796
0.215308
0.936950
-0.144035
-1.693816
-4.406596
-6.003062
-6.378500
-6.007040
-4.556665
-3.118776
-2.139676
-0.894009
0.867621
1.385796
0.760758
-1.242264
-4.229454
-6.331555
-7.157817
-6.409720
-4.857730
-3.757668
-2.436265
-0.641477
0.959832
2.153256
0.551173
-1.221637
-4.223148
-6.957523
-7.510934
-6.558357
-5.047364
-3.897563
-2.762159
-0.875331
0.484868
0.917341
0.034642
-2.328240
-4.522881
-6.711697
-6.990801
-5.801485
-4.105139
-2.790046
-1.974105
-0.441955
1.043866
1.580230
0.699614
-1.464925
-4.677533
-6.383241
-6.658660
-6.389400
-5.140589
-3.888962
-2.523691
-0.904348
0.933824
1.898978
0.775723
-1.398723
-4.627630
-6.999075
-7.646454
-6.349936
-4.747409
-3.407724
-2.288950
-0.627712
0.755977
1.311969
0.252213
-1.711680
-4.318594
-6.131621
-6.921846
-5.833751
-4.063685
-2.798333
-2.211102
-1.060047
0.280356
0.458240
-0.007397
-1.945722
-4.488651
-6.698101
-7.452789
-5.554002
-3.843937
-3.347073
-2.490490
-1.435057
0.266535
1.229783
0.263644
-1.356085
-3.779935
-5.854146
-6.832634
-5.973449
-4.577513
-3.873894
-2.367915
-0.377171
1.503286
1.549949
0.904753
-1.313718
-3.941260
-6.014089
-7.040216
-6.226110
-4.283056
-2.780586
-1.276835
0.327759
1.434201
1.663112
0.951660
-1.094136
-3.414607
-5.679474
-6.660037
-5.540597
-4.130450
-3.045407
-2.139647
-0.830933
1.108716
1.389485
0.747724
-1.197801
-3.727954
-6.074663
-6.718826
-6.015939
-4.210352
-3.730084
-3.028509
-1.322330
1.258899
1.725584
0.528752
-1.336841
-4.129354
-6.262792
-6.901563
-6.021181
-4.409956
-2.961152
-2.513912
-0.891026
0.971240
1.987645
1.167605
-1.374047
-3.890635
-5.926161
-6.722927
-5.760500
-4.261617
-3.500551
-1.650166
0.020683
1.329845
1.707887
1.306176
-0.346949
-3.427440
-5.758776
-6.144152
-5.420597
-4.346438
-2.939235
-2.051604
-0.069448
1.582929
2.431161
1.743850
-1.011501
-3.526259
-5.819175
-6.576982
-6.039070
-3.929233
-2.374402
-1.850624
-0.052603
2.070024
2.833659
2.190990
-0.285396
-2.824441
-4.850815
-5.582549
-4.244971
-2.908602
-2.112028
-0.717979
0.070313
1.601153
2.554753
1.971237
-0.351665
-3.026477
-5.457821
-6.951732
-6.643655
-5.206565
-3.402088
-1.884259
0.118163
1.982401
3.005877
2.159856
-0.139197
-2.906755
-5.330908
-6.205156
-5.367484
-4.016315
-3.037203
-1.955936
-0.345411
1.623929
2.246703
1.900948
-0.202026
-2.928782
-4.880812
-5.368260
-5.190097
-3.765188
-2.601357
-1.923459
0.138631
2.129169
2.748517
1.643636
-0.316583
-3.162013
-5.141503
-6.096164
-5.107735
-3.357306
-2.461452
-1.433630
0.372606
2.238223
2.870046
2.128155
0.303734
-2.428853
-5.273252
-6.258031
-4.873298
-3.577627
-2.730284
-1.794984
-0.069433
1.749071
2.878863
2.206222
0.263790
-2.080062
-4.363947
-5.090463
-4.642134
-3.661282
-2.758417
-1.173952
0.428411
2.504996
3.724221
2.809911
0.150986
-3.013885
-4.842240
-6.110899
-5.233732
-3.606667
-2.319863
-1.603414
0.377061
2.720798
3.082324
2.263537
-0.106511
-2.636367
-4.862301
-5.226916
-4.148574
-3.162331
-2.351771
-1.572763
0.225823
2.079629
3.284339
2.288806
0.359300
-2.417033
-4.579027
-5.253717
-3.898353
-2.491885
-1.657541
-1.107285
0.367665
2.366276
3.399072
2.692594
0.612843
-2.007158
-4.135424
-5.067324
-3.687986
-2.508863
-1.445769
-0.341305
0.933869
2.644495
3.538290
2.821054
0.625235
-1.736950
-4.337405
-5.632533
-4.114451
-2.863272
-1.709690
-0.818272
1.392767
3.309501
3.735538
3.380367
1.045391
-1.529901
-3.795457
-4.268568
-3.236414
-1.707582
-1.188654
-0.253475
1.598138
3.210135
3.942224
2.985190
0.520074
-1.973668
-3.624497
-4.312649
-3.576885
-1.835587
-0.548416
-0.026866
1.081796
3.582163
4.547618
3.678633
1.935332
-0.965056
-3.289159
-3.433725
-3.016401
-1.858352
-0.573793
0.310367
2.022518
4.220857
5.018592
3.671822
1.776618
-1.147655
-3.709843
-4.926398
-3.847651
-2.140997
-1.136631
0.044830
1.803659
3.711600
4.649661
3.324707
0.691564
-1.715034
-3.898609
-5.196140
-4.534819
-2.927257
-1.191303
-0.306039
0.645336
2.597178
3.713171
3.260300
1.340060
-1.434568
-4.397611
-5.000845
-3.871955
-2.801088
-1.733277
0.634365
2.379965
3.928235
5.005290
4.083057
1.650811
-0.675258
-3.225734
-4.268988
-3.018384
-2.100976
-1.133833
-0.058389
1.586729
3.645888
4.873111
3.534833
1.542358
-1.260443
-3.367430
-4.388567
-3.301257
-1.686292
-0.274194
0.037647
1.840539
4.121110
4.535064
3.912256
1.363198
-0.808378
-2.527581
-2.806690
-1.552955
-0.578832
-0.404232
0.496921
1.626402
3.278987
4.130702
3.741783
1.752026
-1.047739
-2.778107
-3.398809
-2.456170
-0.819054
0.023802
1.036646
2.714500
4.496604
5.244212
4.182880
1.733483
-0.908892
-3.205075
-4.237374
-3.839289
-2.076052
-0.919163
0.444141
1.849422
4.186592
5.259177
4.227197
1.847187
-1.145998
-3.332475
-3.528458
-3.146916
-2.048833
-1.035076
-0.267269
1.882015
3.964538
4.508578
3.781069
2.122922
-0.539446
-2.368558
-2.810493
-1.920082
-0.734565
0.325615
1.495358
2.704011
4.242435
4.804652
3.785110
1.751131
-0.676907
-2.919919
-3.463596
-2.460226
-1.034128
-0.048758
0.934473
2.837671
5.057723
6.143800
4.230757
2.629617
-0.468925
-2.188059
-2.438805
-2.016791
-0.505233
0.263524
1.749606
3.376360
5.630496
6.152301
5.197253
3.181168
0.295024
-2.036484
-2.594687
-2.031578
-0.378106
0.825567
2.036737
3.661820
5.513732
5.802363
4.529136
2.530221
0.063144
-2.246992
-2.947090
-2.276298
-0.767518
0.011676
1.016889
3.059620
4.848632
5.092933
4.881389
2.628242
0.013822
-2.068283
-2.246069
-1.583851
-1.110375
0.085932
0.838884
3.099640
5.041083
5.724538
4.212290
2.540696
-0.059507
-2.011315
-2.989921
-2.264629
-0.750044
0.683001
1.320939
2.998582
5.009255
5.512738
4.726409
2.732204
-0.322707
-2.219925
-2.503187
-1.791096
-0.619430
0.247855
0.574524
2.645060
4.657348
5.406360
4.282938
2.121525
0.101440
-1.813806
-2.356866
-1.613292
-0.521628
0.116966
1.363161
3.201250
5.191279
5.832749
4.959846
3.057327
0.064523
-2.181315
-2.438785
-1.674128
0.004004
0.775436
1.281340
3.286385
5.384210
6.061399
4.800921
2.965061
0.048128
-1.904080
-2.619940
-1.936336
-0.433221
0.870716
1.848121
3.172324
5.335288
6.154073
5.473563
3.237628
0.462932
-1.249220
-1.353417
-0.380130
0.752126
0.971961
1.724074
3.618901
5.806874
5.962535
4.811200
2.530915
0.612802
-1.082779
-1.311048
-1.067933
0.472405
0.909162
1.577358
3.057718
5.926192
6.613708
5.451617
3.276411
0.860537
-1.252386
-1.736422
-0.449441
0.811711
1.659646
2.653373
4.227197
5.694821
6.753306
5.852792
3.901508
1.309659
-1.181604
-1.857455
-0.921049
0.089002
1.310546
2.058829
3.890530
6.124829
6.550525
6.010631
3.409731
0.988584
-1.128132
-1.714840
-0.821223
0.956616
1.695498
2.202254
3.734984
5.553226
6.601415
5.792129
3.258215
1.036902
-1.027271
-1.823470
-1.388506
0.222672
1.106137
2.410685
4.331099
6.665074
7.281829
5.622100
3.601463
1.305038
-0.896466
-1.646699
-0.238866
0.839723
0.955741
1.518965
3.263744
5.280984
6.448707
5.732238
3.981336
1.583325
-0.354832
-1.018295
-0.235297
1.316974
1.024348
2.056746
3.815041
5.785893
6.675929
5.967029
3.570889
1.068852
-0.776627
-1.012621
-0.091891
0.917296
1.224290
2.102071
4.440922
6.519038
7.058095
6.291343
3.518371
1.423446
-0.378862
-1.452365
-0.810481
0.528195
1.686637
2.336701
4.109473
5.656051
6.565253
5.888438
3.173375
0.826193
-0.278465
-0.916566
-0.011996
1.179162
1.696017
2.384221
4.275484
5.987420
7.037885
6.057010
4.306870
1.264860
-0.628446
-1.397874
0.000869
1.052859
1.434316
2.356725
3.808112
5.425643
6.983090
5.859984
3.812763
1.340420
-0.329860
-1.351630
-0.647571
0.845109
1.780269
2.581282
4.399929
5.988055
6.733466
5.988391
4.176073
1.703640
0.214946
0.273824
-0.174975
0.499515
1.575095
2.823257
4.355369
6.377881
7.416190
6.365970
4.206705
1.326493
-0.601226
-1.177313
-0.186318
1.310782
1.546395
2.774535
4.277539
6.930203
7.504638
6.147506
3.981478
1.704461
0.193662
-0.485802
0.243356
1.329902
1.555076
2.399975
3.968311
5.748633
7.033746
5.624904
3.757931
1.109458
-0.861741
-1.937751
-0.453546
0.797526
1.414956
2.036548
4.094038
5.511355
6.074458
5.182689
2.862638
0.330723
-1.201620
-1.716801
-0.456344
0.755769
1.295663
1.975310
3.459791
5.666959
6.048415
4.821883
3.196823
1.163501
-1.035974
-1.810249
-1.295329
0.124110
1.106452
2.367720
3.806899
5.547088
6.912652
6.490127
4.259879
2.172581
0.726622
0.488959
1.310815
2.231862
1.877294
2.958543
4.518905
6.814771
7.558909
6.229056
4.261987
1.615166
-0.424056
-0.544556
0.938727
1.757358
1.698939
2.882570
5.106101
6.852393
7.966018
6.477412
4.308712
1.444247
-0.313190
-0.676955
-0.371415
0.565911
1.101630
2.460111
4.320142
6.220799
6.951270
6.096496
3.708158
1.403371
-0.406385
-0.896867
-0.482024
0.940421
1.738826
2.820705
4.867164
6.802623
6.746253
6.233315
4.069751
1.785582
-0.555760
-0.513036
0.128640
1.163438
1.983069
2.973248
4.606597
6.475825
7.140326
6.461455
3.661786
1.149094
-0.501974
-1.037863
-0.948226
0.664981
1.541003
2.783566
4.641269
6.888101
7.323955
6.355432
4.388307
1.680919
-0.355222
-0.896405
-1.119199
0.920899
1.815793
3.052328
4.675904
6.158565
6.899470
6.077748
4.317925
1.551879
-0.403725
-1.859912
-0.464206
1.073373
1.325494
2.598217
4.623664
6.284308
6.652900
5.962749
3.803528
1.015365
-0.710551
-1.296143
-0.173240
1.237435
1.822530
2.659106
5.051272
6.591138
6.629220
6.164245
4.173698
1.239685
-0.739482
-1.516826
-0.062692
0.861465
1.344182
2.744349
4.459737
6.150245
6.969899
5.758536
3.657459
1.674598
-0.396166
-0.683310
0.226827
0.394261
1.226050
2.406070
4.009398
6.135867
7.386035
6.312102
4.156186
1.143619
-0.923829
-1.650438
-0.113791
1.147107
1.287847
2.087914
3.934453
6.396899
7.219653
6.418279
3.866571
1.575456
-0.632113
-1.358237
-0.629590
1.606662
1.372176
2.373624
4.727202
6.235091
6.972678
6.090779
4.399267
1.727073
-0.034266
-0.231796
0.266025
1.281554
1.574706
2.464999
4.200096
6.193734
6.454978
5.891164
4.081415
0.945865
-1.035763
-1.653867
-0.538146
0.846936
1.120311
2.087784
3.607901
6.079345
6.661481
5.668761
3.616752
1.684784
-0.032293
-0.339082
0.000640
1.069837
1.582349
2.829921
4.236403
6.368094
6.529918
6.115912
3.505830
0.760183
-1.335058
-1.875309
-1.156654
0.058312
1.509025
2.223588
3.351376
4.943282
5.850692
5.261962
3.305802
0.338734
-1.576218
-2.109120
-0.963064
-0.118945
0.901817
2.250262
4.049524
5.703183
6.676833
5.867686
4.232358
0.981941
-0.174312
-0.214712
0.247052
0.894454
1.296638
2.076052
4.097860
6.015714
6.643096
5.661460
3.727037
1.233625
-1.489005
-2.341370
-1.139091
-0.036906
0.599663
1.835759
3.595426
5.677657
6.268451
5.471385
3.581044
0.997846
-1.095535
-1.691318
-0.669826
0.277408
1.170862
2.050788
4.158459
6.050380
6.281901
4.976035
2.693419
0.194038
-1.613779
-1.978239
-0.584262
0.302522
1.241902
2.454165
3.802974
5.430057
6.444863
5.647685
3.567583
0.896586
-0.545547
-0.488779
1.385821
1.779826
1.998622
3.244119
4.940158
6.597846
6.958728
6.261060
3.958058
1.234720
-0.451519
-0.878882
-0.261333
0.812510
1.550403
2.455025
4.174870
7.276408
7.802598
6.433684
4.060017
1.308762
-0.467111
-0.376787
0.306682
0.957389
1.655044
2.620039
4.953986
6.370429
7.223300
5.997121
3.503778
0.617256
-1.071151
-1.713350
-0.927503
0.041478
1.335504
2.163873
3.931638
6.033263
6.771686
5.445748
3.745032
0.895270
-0.867938
-1.456437
-0.297862
0.563876
0.938445
2.230428
4.853282
6.890866
7.515792
6.155787
4.223101
1.743055
-0.497611
-1.211328
-0.893640
0.931151
1.487489
2.933044
4.389647
6.378917
7.691985
6.843596
4.446418
1.478250
-0.638272
-1.106759
0.064731
1.706859
1.892762
2.534019
4.352854
6.273635
7.162724
6.629066
4.279407
1.650723
-1.054706
-1.561923
-1.108040
0.389209
1.172502
2.829138
5.252976
7.076894
8.040915
7.164714
4.437323
2.307260
0.267447
-0.585330
0.609113
1.023049
1.526189
3.086707
5.250304
7.504418
7.629869
6.590713
4.389380
1.546886
-0.491948
-1.485600
-0.006680
0.908570
1.412007
2.620573
4.805675
6.692809
7.481444
5.857059
3.855320
1.544922
-0.360380
-0.999859
-0.194320
0.659270
1.202028
1.998770
4.088221
6.294051
6.710013
5.779845
3.709390
1.311862
-1.100779
-2.078002
-1.235153
0.008218
0.885329
2.370895
4.018310
6.012027
6.603511
5.610127
3.139839
0.912075
-1.084303
-1.293579
-0.320834
-0.402797
0.017795
0.986682
3.256854
5.592391
6.736651
6.032390
3.837978
1.061679
-0.911114
-1.990832
-1.258456
0.131326
0.526402
1.453921
3.784223
6.181962
6.705020
5.860433
3.573437
0.620280
-0.970345
-1.298884
-1.011579
-0.158441
0.682979
1.903753
3.911741
5.938296
6.899890
6.058982
3.447550
0.466477
-1.803135
-2.206172
-1.429982
-0.284104
0.287899
1.202345
3.272230
4.992095
5.620727
4.860763
2.973823
0.542231
-1.602979
-2.289417
-1.717542
-0.316365
0.694701
1.782655
3.667710
5.602864
6.594691
4.927459
2.883782
0.197520
-1.495980
-1.771413
-0.688405
0.106681
0.734804
1.783865
3.687403
5.424403
6.428510
6.102723
3.763683
1.137921
-0.748372
-1.622763
-1.062799
-0.048566
1.203064
2.977796
4.541530
6.665713
6.975158
5.634974
3.125428
0.818024
-0.618004
-1.170253
-0.956971
-0.276328
0.166821
1.650429
3.104875
5.417949
5.549170
5.044017
2.690821
0.185450
-1.538971
-2.548679
-1.810802
-0.386378
0.747840
2.203551
3.795460
5.622733
6.397929
5.826606
3.844784
1.055720
-1.030145
-1.571182
-1.024366
0.082810
1.094609
2.597523
4.760467
6.670297
7.152884
6.200862
3.972582
1.565457
-0.700130
-1.626762
-1.381970
0.303554
1.000857
1.774363
3.933710
6.045169
6.786885
6.403934
3.766773
1.112293
-0.317371
-1.196915
-0.532843
0.834098
1.343386
2.338737
4.725287
6.690991
6.682914
5.126964
3.185738
0.521455
-0.851230
-1.920458
-0.758265
0.455779
1.079560
1.788747
3.679605
5.372685
6.031812
5.405021
2.934101
0.729101
-1.229099
-1.882023
-0.436011
0.496341
0.883556
2.139474
4.036075
6.446223
7.352897
6.402766
4.306935
1.659548
-0.652940
-1.662493
-0.729363
0.683333
1.214454
2.297005
4.869601
7.059751
7.366679
6.035270
3.290515
0.962538
-0.824581
-1.867435
-1.222603
0.147019
0.552280
1.742179
3.745546
6.067348
7.511775
6.562947
4.115267
1.737961
-0.102489
-1.101090
-0.655000
0.425233
1.106371
1.916759
4.125836
6.598123
7.202304
6.266131
3.887771
0.970680
-1.166603
-2.224733
-1.407204
0.036496
0.750444
2.175251
4.158696
5.680942
6.835357
6.235541
4.256145
1.746619
-0.522971
-1.195780
-0.012170
0.393233
1.390580
2.433171
4.262145
6.705010
7.429515
7.079841
4.638694
1.733734
-0.396197
-1.042712
-0.160802
0.689294
1.913426
2.628055
4.654927
7.223451
7.602828
6.435843
3.741590
1.262672
-0.523227
-1.558295
-0.959332
-0.011996
0.980799
2.205398
5.012919
6.584310
7.380654
5.908549
3.297308
0.831963
-0.999507
-1.497719
-1.031707
0.579488
1.361489
2.066602
3.737443
5.940602
6.518687
5.282081
3.067285
0.905635
-1.569372
-2.218882
-1.814212
-0.300078
0.316681
1.329570
3.016129
5.229854
5.957200
5.891400
3.711379
1.308247
-1.084072
-1.363678
-0.689947
0.104768
0.416519
2.333391
4.557374
6.118007
6.488849
5.283854
3.065267
0.471300
-1.737138
-2.324097
-1.752041
-0.182544
1.082642
1.757211
3.375280
5.156367
6.299563
4.997947
2.963203
-0.088539
-1.886683
-2.521157
-1.664276
-0.576592
0.258507
1.120717
3.032960
5.386981
6.372817
5.100940
2.549510
-0.002246
-2.089464
-2.439122
-0.762701
0.182343
0.978509
2.334908
3.666536
5.792094
6.291974
5.861415
3.885513
1.500329
-0.816326
-1.905902
-1.132637
0.540643
1.790988
2.170285
4.278831
5.905404
6.866921
6.287751
4.136728
1.210790
-0.672136
-1.571166
-0.845597
-0.039741
0.351057
2.117683
4.530536
6.055362
6.470717
5.402631
2.939800
0.331859
-1.711716
-2.313138
-1.523888
-0.132066
0.821808
1.875833
3.687363
5.425551
6.338119
5.504779
2.789576
0.362281
-1.360475
-1.597761
-1.275494
0.090831
1.057465
2.159828
3.614295
5.526370
7.017856
6.205115
4.227147
1.130086
-1.467408
-2.454998
-1.600172
-0.197278
0.556790
1.618639
4.262003
6.204761
6.907067
6.188704
3.828514
0.639815
-1.327327
-2.396142
-2.036197
-0.635552
0.583101
2.102395
4.047865
5.826001
6.829160
5.638942
2.919557
0.317364
-1.998910
-1.946947
-1.460630
-0.637992
0.467686
1.640476
3.668895
5.632155
6.534461
5.384154
3.507756
0.839122
-1.613281
-1.963464
-1.156689
-0.299523
0.642837
1.969003
4.126365
6.220515
7.654487
5.992219
3.197739
0.609944
-1.517217
-2.209328
-1.217346
-0.303966
0.509768
1.651842
3.612350
6.191096
6.451392
5.726563
3.502962
1.012940
-1.523479
-1.938158
-1.507648
-0.320887
0.778625
2.265203
4.247156
6.538884
7.223189
5.754142
3.826948
1.032423
-0.909140
-1.468431
-0.913369
0.507764
1.556435
2.902432
4.614058
6.719428
7.484921
6.167140
3.604114
1.100834
-0.794808
-1.389854
-1.071655
0.603015
0.990302
1.887620
3.788658
5.934430
6.224130
5.572173
3.428041
0.781082
-1.124302
-2.314441
-1.593491
-0.114655
0.644619
1.443316
3.882409
5.887095
6.189738
5.490149
3.275748
0.162619
-1.276371
-1.687643
-1.402670
-0.105897
0.681405
1.833723
3.362142
5.173097
5.901824
4.940873
2.916013
0.562130
-1.551637
-2.273693
-1.600994
0.053611
0.843250
1.769671
3.829391
6.037122
6.482371
5.318954
3.228522
0.441581
-1.668930
-1.733137
-0.734394
0.018771
0.676707
1.437788
3.516566
6.194503
6.585900
5.867793
3.492220
0.735683
-1.171356
-1.525710
-0.516795
0.660151
1.734776
2.417394
3.750837
5.755427
6.749640
5.734988
3.165610
0.398087
-1.428206
-2.437957
-1.761714
-0.303361
0.173311
1.446490
2.990698
5.266253
6.281722
5.554589
3.566346
0.608471
-1.732898
-2.174785
-0.718987
0.795032
1.063501
2.770421
4.038151
5.942748
6.444102
5.687417
2.974338
0.424996
-1.497540
-2.399846
-1.165837
-0.229358
0.925933
2.157681
4.031878
6.081496
6.718789
5.675355
3.419042
0.606150
-1.381155
-1.998144
-1.099983
-0.117595
0.420885
1.357901
3.658876
5.949515
6.428605
5.375592
3.212627
0.623598
-1.351018
-2.318261
-1.172914
0.427855
1.192826
2.396999
3.557755
5.905448
6.554900
5.812495
3.037023
0.757037
-0.966939
-2.485863
-1.471090
-0.191184
0.614465
1.846382
4.030511
5.778670
6.850204
5.330260
3.089644
0.479429
-1.646341
-1.966913
-1.281575
-0.287042
0.796233
1.607965
3.630762
5.410911
6.323985
5.637488
3.475222
1.120228
-1.014668
-2.106533
-0.873846
0.116387
0.718962
1.775699
3.358532
5.422950
6.052665
5.845721
3.248799
1.022123
-0.347938
-1.632754
-0.458338
0.559926
0.779346
2.096728
4.074598
6.520854
7.416747
6.822692
3.604833
0.953039
-1.230637
-2.231123
-1.232238
0.057367
0.534163
1.753643
4.330417
6.315324
6.930083
5.995948
3.842718
0.766238
-1.513765
-2.690593
-1.759747
-0.061454
0.897582
1.723007
3.368651
5.023005
6.373624
5.203994
3.284422
0.565879
-1.794561
-2.394629
-1.760047
-0.851833
0.459740
1.245018
3.245755
5.266471
5.808547
4.474513
3.095851
0.811119
-0.791715
-1.367341
-1.072524
0.354424
1.308436
1.843016
3.425105
5.436984
5.857068
4.654464
2.831790
0.723707
-0.631803
-1.567912
-0.939240
0.323133
1.078612
1.654935
3.882268
5.861274
6.619254
6.132228
3.489448
0.995565
-0.912730
-1.196952
-0.142032
0.857465
1.500914
2.975250
4.427524
6.098542
6.508544
5.850795
3.729554
1.049168
-1.119102
-1.825873
-1.616557
-0.412619
0.377124
1.863616
4.481757
6.634330
7.583787
6.453763
3.877982
1.153849
-1.450585
-1.777755
-0.991895
-0.000842
0.606131
1.518149
4.279290
5.849761
6.608930
5.573995
3.420216
0.426718
-1.410475
-2.492706
-2.065562
-0.764778
0.583817
1.210024
3.769789
5.984122
7.053767
5.721919
3.537418
0.926676
-0.910047
-1.380025
-0.433742
0.597013
1.051188
2.269985
4.523685
6.617793
7.475324
6.389384
4.424506
1.665219
-0.317507
-1.291486
-0.603600
0.978560
1.895015
3.293930
4.780211
6.809417
7.025924
6.296157
4.081658
1.599903
-0.575616
-1.658484
-0.912946
0.203914
1.262615
2.710353
4.694926
6.338023
6.804694
6.084018
3.814606
1.266635
-1.252313
-1.498914
-0.983720
0.206346
0.779938
2.093475
4.279322
6.378890
7.317189
6.134583
3.523828
1.332813
-1.281475
-1.649288
-0.450392
0.756299
1.309593
2.654297
4.378159
6.154815
6.829391
5.604503
3.108214
0.543888
-1.854372
-2.004654
-1.122544
-0.556221
0.797453
1.559141
3.893443
6.165095
7.021995
5.575374
3.258682
0.441416
-2.074088
-3.090411
-1.695639
-0.373315
0.311402
1.542956
3.615358
5.476401
6.251321
5.249919
3.366425
0.623719
-1.861935
-2.676980
-1.341609
0.125606
0.453408
1.908990
3.799826
5.221004
5.955129
5.291507
3.209608
0.712459
-1.728227
-2.867068
-2.043889
-0.346633
0.230717
1.524060
3.264773
5.105683
5.871459
5.254046
3.381245
0.438292
-1.766668
-1.908321
-1.227525
0.138522
0.577675
1.763235
3.609086
5.734782
5.915772
5.209620
3.148392
0.627065
-1.661243
-2.376154
-1.527402
-0.252119
0.981383
1.847025
4.165440
6.267650
7.315009
6.427810
3.745124
1.069956
-1.126773
-2.345002
-0.725425
-0.301330
0.456341
1.781612
3.750209
6.360152
6.603591
5.325675
3.541261
0.945180
-1.232214
-1.911898
-1.244638
0.381463
1.568452
2.236195
4.821113
6.572839
7.146514
5.608092
3.447433
0.560585
-1.613637
-2.014400
-1.350436
0.119815
1.037580
1.399346
3.422552
5.360982
6.268832
4.943946
3.078993
0.436696
-1.523655
-1.965588
-1.037086
0.077575
0.938726
1.694806
3.332871
5.485538
6.498370
5.262961
2.760501
0.637875
-1.993318
-2.480367
-2.132262
-0.687960
0.321291
1.137011
3.611307
5.750690
6.960090
5.777658
3.368976
0.414395
-1.699869
-2.240444
-1.970706
-0.169488
0.688965
1.560040
3.469243
5.546062
6.019687
5.282271
2.828984
-0.045515
-1.758244
-1.696732
-1.761540
-0.568608
0.740842
1.606801
3.347679
5.236026
6.115300
5.363074
2.614895
0.293339
-1.461361
-2.365610
-1.344242
-0.053285
0.640095
1.839952
3.582178
5.566665
5.930070
5.529941
3.017864
0.861740
-1.673265
-2.557807
-2.042085
-0.648002
0.211699
1.670649
3.761070
5.849568
6.515395
6.172042
3.480355
0.851811
-1.617333
-2.235598
-1.071097
0.021708
1.012797
1.918557
3.884069
6.344161
7.726855
6.611323
3.865842
0.919295
-1.248522
-1.684272
-0.955029
0.308015
1.110885
2.136801
4.266505
6.353251
6.962728
5.654681
3.427553
0.805926
-0.949525
-0.981278
-0.402430
0.511231
1.004375
1.854156
3.663004
5.684848
6.574788
5.261733
3.271468
0.334682
-1.466925
-1.779415
-0.857949
0.331527
0.941005
1.834449
3.854589
5.513812
6.327746
5.283980
3.312557
0.409267
-1.480407
-2.089597
-0.913681
0.778991
1.280933
2.455215
4.480723
6.307212
6.995904
5.362678
3.207850
0.774612
-1.177830
-1.954620
-1.124323
0.067868
0.639227
2.050463
3.930795
6.638619
7.612082
5.884910
3.297151
0.587379
-1.782269
-2.874997
-2.222492
-0.797981
-0.368057
1.349974
3.807039
5.584842
6.227372
5.372808
2.906535
0.161592
-1.899695
-2.830861
-2.354605
-1.542242
-0.518575
0.992038
2.862036
4.874526
5.898166
4.744761
2.697554
0.267220
-2.175391
-2.998456
-2.477871
-0.950429
0.320335
1.769780
3.824750
5.758595
6.353560
5.620339
3.117265
0.693468
-1.188334
-1.657684
-0.682642
0.836286
1.155464
2.026214
4.090082
5.954225
6.324908
5.501258
3.580682
0.358283
-1.908260
-2.511578
-2.116915
-1.122618
0.426153
2.094967
4.224584
6.109141
6.735473
5.960549
3.399738
0.619789
-1.334104
-2.229729
-1.419847
-0.279657
0.874238
1.358549
3.201034
5.562533
6.642257
4.974719
2.914677
0.415296
-1.762314
-2.347391
-1.507399
-0.003177
0.453071
1.502005
3.577964
5.117690
5.864177
5.550857
3.546055
0.695768
-1.592893
-1.699811
-0.848255
0.844600
1.544106
2.165817
4.157002
6.039668
6.940669
6.178111
3.761698
1.060763
-0.889374
-1.435369
-1.055568
0.617475
1.753476
2.695385
4.844478
6.637656
7.353311
5.680339
3.649796
1.065409
-1.706817
-2.075926
-0.858787
0.097936
0.808443
1.791396
3.759118
5.772124
5.885491
5.096755
3.271233
1.386079
-1.121089
-1.837239
-0.846699
0.664163
0.841264
1.898810
4.059402
6.543355
7.305911
5.658549
3.400499
0.255218
-1.770544
-2.512701
-1.253432
0.533458
1.228300
1.836886
3.647385
6.379355
7.023234
5.506509
3.141685
0.535459
-1.729118
-2.414487
-1.307660
0.050542
0.962993
1.395253
3.261851
5.654731
6.027698
5.343303
3.138060
0.716551
-2.202378
-2.877454
-2.316554
-1.048374
0.250313
1.527782
3.902124
6.038085
6.636706
6.059592
3.668290
1.043410
-0.964401
-1.729988
-1.302345
0.204337
1.019091
2.071911
4.569205
6.379098
6.519546
5.707635
3.397689
0.560132
-1.195601
-2.416636
-1.602532
0.120854
0.699271
1.896935
4.633849
6.457393
6.481292
5.169406
2.910354
-0.414369
-2.604966
-2.838447
-1.144763
-0.297151
0.311232
1.668669
3.755857
5.500144
6.384139
4.921973
2.588844
0.200953
-2.063166
-3.221297
-2.200363
-0.889901
0.043163
0.715686
2.464257
4.731969
5.967452
5.427831
3.336990
0.558169
-2.063192
-2.823953
-1.953371
-0.754183
0.372068
2.081905
3.785121
5.489884
6.334994
5.133819
2.624362
0.179938
-1.484696
-2.077025
-2.019886
-0.045155
0.448681
1.787747
3.718405
5.603854
6.055640
5.206473
2.808833
0.236929
-1.883244
-2.843550
-1.881668
-0.443860
0.345826
1.490172
3.357483
5.632812
5.879092
4.931575
2.391131
-0.148243
-2.317176
-2.814745
-2.137313
-0.319049
0.453877
1.472140
3.276097
5.601768
6.226027
5.372741
3.493404
0.899673
-1.375489
-1.838809
-0.994351
0.114469
0.905648
2.395408
4.581960
6.191222
7.373878
5.843753
3.446478
0.483870
-1.587139
-2.319674
-1.578340
-0.086640
0.750324
1.684236
3.461875
5.624007
5.935828
4.981555
3.515886
1.209858
-0.893028
-1.843475
-1.346656
-0.001693
0.406894
1.222666
3.432637
5.041419
6.622485
5.919120
3.470771
0.854266
-1.427134
-2.023393
-1.381991
-0.330790
0.191237
1.375512
3.795571
6.120704
7.341466
6.591088
3.716815
1.010400
-0.945350
-2.003345
-1.172771
0.286719
0.767492
2.004169
4.005864
6.547982
6.741902
5.752841
3.392776
0.200153
-2.207885
-3.039078
-1.887271
-0.766096
1.110068
2.068663
3.538470
5.654334
6.343001
4.806933
2.692159
-0.065002
-1.984809
-2.594262
-2.130776
-0.185197
0.371225
2.054664
3.228386
5.383903
6.037364
5.057958
2.756683
-0.279240
-2.636415
-3.291886
-2.803293
-0.881635
-0.236869
1.066550
2.908724
5.447516
5.609878
4.874391
2.729029
0.261131
-2.102952
-2.492840
-1.620818
-0.450520
0.698431
1.478996
3.447537
6.008075
6.651193
5.514672
2.987839
-0.227813
-2.252269
-2.219325
-1.139529
-0.361732
0.520441
1.812601
3.833742
5.743855
6.845672
5.429328
2.982100
0.123866
-1.598176
-1.564083
-0.594477
0.179109
0.579851
2.125936
4.608333
6.026710
6.523356
5.455590
3.369386
1.106883
-1.362035
-2.292560
-1.775939
-0.788667
-0.179799
1.146212
3.536888
5.829936
6.483005
5.934154
3.613252
0.565903
-1.420698
-2.105023
-1.394576
-0.168701
0.498654
1.821259
3.688103
5.914065
6.483171
5.661237
2.825183
0.017121
-1.916708
-1.733131
-1.203766
-0.263276
0.399161
1.495222
3.891960
6.259280
7.035386
5.940448
3.462889
0.424420
-1.677676
-2.503448
-2.124408
-0.801527
0.103254
1.856356
3.425351
5.889815
6.849322
5.354899
2.848315
0.557693
-2.127407
-2.508813
-1.713842
-0.278140
0.357844
1.329251
3.299826
5.601014
6.028728
5.506160
3.307007
0.374306
-1.726990
-2.364651
-1.316371
0.293477
0.565925
1.893055
3.953975
5.692155
6.430003
5.369363
2.919862
-0.109086
-1.880975
-1.758840
-1.072775
0.329177
1.486855
2.431164
4.354969
5.998019
6.322883
5.339442
2.695175
0.077739
-2.546968
-2.916559
-2.063537
-1.001873
-0.401217
1.209916
3.808682
6.399518
6.512954
5.108735
2.726315
0.063457
-2.263122
-3.102002
-2.679334
-1.313266
-0.314098
1.599400
3.531322
5.688605
6.520164
5.571347
3.565084
0.872058
-1.392668
-1.729255
-1.082335
0.081806
0.786661
2.094436
4.790357
6.396985
6.815444
5.481057
3.626077
1.025924
-1.092273
-1.175220
-0.721039
0.589366
1.008507
2.180932
4.118198
6.027061
6.784265
5.554070
3.630260
1.017119
-0.692780
-1.976117
-1.498093
-0.314301
0.672288
1.601368
3.695515
6.247245
7.031518
6.124675
3.546496
1.062868
-0.829356
-1.307962
-0.753744
0.612391
1.503974
2.196742
4.403749
6.533603
7.286849
6.400550
3.956450
1.302464
-0.876204
-1.721644
-1.418095
0.054971
1.171608
2.166613
4.144022
6.218778
6.749511
6.339095
3.857339
1.413980
-0.998935
-1.714917
-0.757280
0.774528
1.438657
2.217410
4.322142
6.334905
7.229400
6.429271
3.978994
0.990213
-1.021800
-2.122042
-0.832159
0.499776
0.491486
1.451469
4.012727
5.982768
6.293880
5.660769
3.039720
0.016673
-2.152617
-3.039120
-1.882338
-0.463006
0.281720
1.508644
3.312480
5.565627
5.957391
5.126767
2.740203
0.249108
-2.587693
-2.879240
-2.005023
-0.705457
0.389760
1.496862
2.941033
4.952588
6.073377
5.409770
3.059916
0.234561
-1.478532
-2.649702
-1.613800
0.065700
0.472471
1.516307
4.103909
6.198571
7.072677
4.909154
3.078316
1.063051
-0.876905
-1.540077
-1.270753
-0.190677
0.652013
1.790581
4.001893
5.850570
7.055472
6.070113
3.837785
1.409826
-0.902395
-1.301359
-0.273657
0.934054
1.131653
2.035621
4.156796
6.181964
7.057918
5.903178
3.785079
0.471742
-1.627099
-2.027860
-1.242221
-0.020692
0.556390
1.432573
3.059696
5.355670
6.166820
4.847339
2.000407
-0.558313
-2.433818
-3.037037
-2.405389
-0.522165
0.379027
0.959381
2.826211
4.406593
5.302077
4.555903
2.999117
0.422053
-1.656701
-2.546434
-1.341575
0.073775
0.795697
1.676775
3.495361
5.166909
6.142413
4.983964
2.833375
0.504562
-0.813149
-1.588094
-0.818097
0.216302
1.112368
2.320693
4.036304
5.990020
5.891141
5.711881
3.320797
0.140730
-1.645507
-2.255266
-1.451975
-0.461073
0.833251
2.131132
4.173100
6.288016
6.607730
4.939498
3.176500
0.930210
-0.980103
-2.082863
-1.238622
0.205701
0.986441
1.472491
3.774856
5.716559
6.675843
5.523334
2.770373
0.445022
-1.646787
-2.354326
-1.943980
-0.294069
0.814798
2.011299
3.356513
5.677836
6.462457
5.474952
3.309815
0.895798
-1.293137
-2.391136
-1.512847
0.325093
0.721844
2.051560
3.975017
6.583079
6.730422
5.439338
3.092114
0.121567
-2.322782
-2.953123
-2.160701
-0.870730
0.348082
1.807150
3.934945
6.292933
6.429704
5.167958
2.946934
0.540612
-1.774196
-2.558239
-1.741058
-0.239926
0.588453
1.636380
3.319065
5.728763
5.874333
5.138717
2.846832
0.219021
-1.786873
-2.355397
-1.560388
-0.656061
0.190001
1.314605
3.899998
5.458117
6.182136
5.521949
2.978109
-0.108441
-2.057031
-2.383030
-1.467454
0.308908
0.429173
1.622724
3.704502
5.689021
6.242305
5.411506
3.005874
0.201801
-1.958325
-2.459975
-1.595536
0.036965
0.134752
1.731920
3.767392
6.423759
6.110183
5.501834
3.548163
0.847051
-1.322401
-1.690172
-1.224993
-0.436355
0.523602
1.388486
3.703368
5.623046
