6.696257
4.956045
2.853469
0.412935
-1.822530
-1.777287
-1.262993
-0.173620
0.284065
1.444309
3.556896
5.735125
5.932434
5.124495
3.268581
0.534844
-1.667866
-2.323733
-1.708254
-0.815740
-0.193868
1.293105
3.160817
4.601232
5.329636
4.690208
2.738576
0.269457
-2.311868
-3.072842
-2.018110
-0.900579
0.332438
1.305683
3.631528
5.450531
5.944481
4.477100
2.506834
-0.478645
-2.116083
-2.395120
-2.033513
-0.633435
0.409786
1.517985
3.124569
5.058294
5.630888
4.621174
2.232882
-0.644867
-2.737188
-3.340256
-2.851973
-1.000198
0.006096
0.916170
2.911831
5.276480
6.263327
4.996565
3.240491
0.359241
-2.130717
-2.618337
-1.959311
-0.502450
1.179693
2.407188
4.140697
6.082218
6.243364
5.295561
3.078655
0.299846
-2.033326
-2.956426
-2.197845
-1.061601
-0.261225
1.570222
3.854229
5.567984
6.392485
5.668697
2.774808
-0.011724
-1.973539
-2.852000
-1.814830
-0.117641
0.643919
1.921414
3.782572
5.479876
5.929888
5.109192
2.424297
-0.137535
-2.284970
-2.829406
-1.900520
-0.350120
0.741121
2.144749
4.294670
6.033628
6.370787
5.190287
2.775414
0.496623
-1.822895
-2.730731
-2.176979
-1.038568
0.633212
2.202005
3.891427
5.531206
5.979000
4.735432
2.765364
0.160313
-1.664122
-2.104342
-1.124392
-0.025185
0.721292
1.722140
4.280234
6.183044
6.699293
5.815748
3.120702
0.644199
-1.380841
-2.002448
-1.307176
0.011307
0.417006
2.154913
3.986815
6.461132
6.418215
5.405504
2.564342
0.383490
-2.007006
-2.974917
-1.432227
-0.034296
0.594913
1.984159
4.144524
5.775877
6.252687
4.820704
3.051199
0.490319
-2.123667
-2.498577
-1.527325
-0.410784
0.295201
1.278100
3.023174
5.956854
5.815680
5.488443
2.886019
-0.014958
-2.564497
-3.323762
-2.373541
-0.671115
-0.198635
1.346270
3.536160
6.202377
6.810827
5.321558
2.632824
0.464644
-2.110969
-3.453989
-2.528560
-1.123059
0.018248
1.337363
3.696679
5.443983
6.253750
5.256689
3.120298
0.937078
-1.450407
-2.283224
-1.453292
0.159388
0.551720
1.609906
3.438894
5.526968
6.317854
4.988167
2.378317
-0.261022
-2.393584
-3.085984
-2.043146
-1.168991
0.154938
1.192541
2.967358
5.482674
5.976084
5.182756
2.884874
0.349560
-1.846973
-2.795256
-1.922211
-0.323501
0.291265
1.346363
3.300786
5.646748
6.129404
4.847578
2.717054
-0.153001
-2.690271
-3.189477
-2.090447
-0.697663
0.258959
1.393777
3.530266
5.645411
5.737610
4.473664
2.351645
-0.466859
-2.419303
-3.285265
-2.775927
-1.057289
0.045077
0.984790
3.202851
4.744118
5.468782
4.114426
2.141160
-0.730548
-2.698818
-3.400227
-2.931952
-1.693666
-0.084628
1.236717
3.101305
5.038704
5.953854
4.830359
3.073359
0.265431
-1.877329
-2.243372
-1.893220
-0.443611
0.982346
1.969575
3.674971
5.965885
6.088259
5.057596
2.577778
0.391069
-1.309537
-1.544230
-0.950595
0.301603
1.278269
2.244399
3.969425
5.968805
6.458979
5.582773
3.739674
0.401349
-1.846297
-2.579827
-1.891925
-0.315491
0.448534
1.607168
3.679796
5.793795
5.949907
4.873465
2.251076
-0.276279
-2.344878
-2.802019
-2.250325
-0.295328
-0.038145
0.452332
2.685639
4.534176
4.695221
4.289306
2.126097
-0.711830
-2.661647
-3.065345
-2.540794
-0.859770
0.127564
1.336730
3.100309
5.206993
5.807306
4.888544
2.078435
-0.723292
-2.610303
-3.135282
-2.011097
-0.992359
-0.360600
0.859952
2.341014
4.253149
5.505384
4.251700
1.744429
-1.503006
-3.552701
-4.005356
-2.674899
-1.420857
-0.247072
0.431615
2.496424
4.376523
5.663523
4.370083
2.352361
-0.630094
-2.672155
-3.438920
-2.940226
-1.184540
0.051920
0.856964
3.011645
4.757780
5.370829
4.364800
1.860764
-0.845947
-2.629650
-3.662557
-3.052884
-1.024060
-0.132885
0.984979
2.196900
4.306673
4.628629
3.458783
1.198633
-1.374840
-2.960192
-3.359637
-2.347186
-1.363734
-0.582006
0.445960
2.494858
4.451995
5.243330
4.197954
2.482889
-0.011874
-1.909397
-2.221650
-1.079348
0.210541
0.830978
1.551838
3.398582
4.928839
5.272999
4.208906
2.142524
-0.770559
-2.649876
-3.301240
-2.513008
-0.695365
0.360897
1.297234
2.697420
4.607471
5.391584
4.884731
2.426008
-0.465838
-2.450397
-3.474531
-2.332587
-1.166116
-0.186708
0.606923
2.801494
4.376219
5.086458
4.344981
2.057133
-0.076540
-2.144603
-3.454684
-2.347863
-0.564817
0.099360
0.962754
2.576166
4.029060
4.949518
3.902882
1.714790
-1.098602
-3.150253
-3.737642
-2.928928
-0.694670
-0.190854
0.849306
2.387165
4.180464
5.226484
4.222280
1.909451
-0.873965
-2.984569
-3.749337
-1.976810
-0.812716
0.210525
1.297002
2.984570
4.722311
5.391050
4.618117
2.355399
-0.575537
-2.453683
-3.196340
-1.916598
-0.397652
-0.015614
0.854115
2.426766
4.234531
4.657570
4.020679
2.223014
-0.289701
-2.456322
-2.735724
-2.000842
-1.093994
0.271620
1.134428
2.282399
4.526726
4.878130
4.256268
2.432059
-0.527965
-2.299961
-2.949193
-2.009048
-0.363180
0.926900
1.308716
2.848157
5.186201
6.016548
5.097200
2.911321
0.098087
-2.294897
-3.174337
-2.307025
-0.637480
0.382650
1.126717
3.220832
4.625271
5.081018
4.398082
2.148454
-0.353959
-2.531931
-3.667092
-2.657318
-1.579399
-0.110903
0.929087
2.283110
3.869587
4.742308
4.038942
1.695494
-0.765350
-2.743216
-3.038921
-2.265424
-1.294454
-0.167069
0.837204
2.307653
4.286880
5.440264
4.685067
2.384127
-0.531350
-2.156765
-2.413095
-1.893353
-0.524513
0.666720
1.031538
2.661611
4.945944
5.478014
4.073674
1.915249
-0.703712
-2.961664
-3.727705
-2.860806
-1.139959
0.046243
1.269630
2.625912
4.257982
5.153021
4.059915
1.696883
-1.035319
-3.083282
-3.900662
-2.735549
-1.166191
-0.324797
0.843791
2.718747
4.600809
5.157278
3.861940
1.816031
-0.826561
-2.990325
-3.451516
-2.392844
-0.747149
0.012789
0.542509
2.006262
3.587394
4.253689
3.395456
0.937657
-1.388747
-3.602691
-3.768650
-2.794086
-0.742056
-0.385815
0.787067
1.623180
3.333257
4.679976
3.993939
1.285076
-1.311402
-3.666027
-3.915104
-2.686371
-1.246872
-0.221142
0.213925
1.548777
3.278594
4.104546
2.883737
1.058935
-1.535159
-3.567368
-3.944458
-2.554383
-0.990475
-0.357870
0.451882
2.485622
4.381694
4.743832
3.629146
1.607871
-0.998235
-3.191689
-3.903665
-2.825317
-1.376224
-0.588966
0.316215
1.585567
3.666904
4.605384
3.429173
0.968932
-1.442300
-3.502814
-4.024222
-2.755402
-1.039598
-0.447052
0.646325
1.842943
3.782388
4.253067
2.944847
0.518822
-2.339779
-3.710438
-4.452824
-3.437818
-2.566592
-0.509442
-0.202653
1.413754
3.384238
4.739553
3.609778
1.622404
-0.917563
-2.975105
-3.487694
-2.157804
-0.763496
0.094382
0.319640
1.592986
3.381408
4.143964
3.024442
0.969706
-2.247623
-3.909678
-4.144526
-3.002346
-1.259228
-0.712196
0.037592
1.858922
3.609032
3.844931
3.488353
1.426996
-1.128411
-3.100343
-3.577199
-2.665233
-1.367794
-0.702674
0.605223
2.055463
3.539665
3.879193
3.190420
1.450016
-1.564727
-2.869322
-3.306059
-2.801391
-1.121431
-0.528553
0.477124
1.729020
3.687206
4.355349
4.020547
1.658097
-1.456069
-3.740927
-3.864222
-3.027776
-1.730842
-0.175519
0.322648
1.899233
3.654519
4.292906
4.185125
1.701796
-1.092629
-2.905779
-3.378043
-2.554081
-1.281822
-0.403647
0.564811
1.754311
3.705864
4.561223
3.835718
1.281082
-1.603891
-3.564400
-3.970393
-2.901513
-1.380198
-0.169971
0.455045
1.561412
3.795621
4.938650
4.161462
1.546017
-1.348426
-3.446729
-3.830897
-2.537027
-1.538494
-0.533832
0.130073
1.436311
3.287005
4.217473
3.279064
1.118421
-1.247500
-3.245713
-3.888844
-2.556520
-1.140690
-1.097798
-0.173799
1.240851
2.872646
3.801313
3.613592
1.293525
-1.184433
-3.185750
-3.849122
-2.595875
-1.125090
-0.560376
1.031825
2.351392
3.460042
3.849661
3.035888
0.861056
-1.968540
-3.929568
-5.262018
-4.300341
-2.460688
-0.954078
0.354882
2.044533
3.282389
3.681601
3.327576
0.812675
-1.658375
-3.306393
-4.066322
-3.426088
-1.630792
-0.224996
0.468145
1.730623
2.891360
3.692904
2.851090
0.619002
-2.020997
-3.514721
-3.824496
-3.168345
-1.428564
-0.728458
0.333151
1.757223
3.209624
3.855595
3.177450
1.611876
-0.618855
-3.064933
-4.073046
-3.174635
-1.489073
-0.346203
1.100021
2.300479
3.597774
3.964708
3.316513
1.314120
-1.558092
-3.760201
-4.159714
-3.375587
-1.930065
-1.171146
0.361610
1.516361
3.388464
4.461229
3.337260
0.910149
-2.072794
-3.593245
-4.271454
-3.509264
-1.750397
-0.704933
-0.100369
1.209552
2.769526
3.898277
3.244221
0.873019
-1.809981
-3.966565
-5.042529
-4.173223
-2.021187
-1.301208
-0.554353
0.616031
2.747919
3.131830
2.707577
0.647981
-1.940524
-4.014349
-5.065144
-4.448103
-2.709330
-1.377584
-0.547192
1.000854
3.172635
3.509502
2.356576
0.647843
-1.500486
-3.527371
-4.098169
-2.975008
-1.559418
-0.748512
0.110395
1.624952
3.869736
3.873963
3.126454
0.746617
-1.599163
-3.559472
-4.226874
-3.451941
-2.126677
-1.082149
-0.200380
1.248645
2.962651
3.671556
3.179903
0.739998
-1.924104
-4.004804
-4.304800
-3.370735
-1.811426
-0.834692
0.329129
1.854812
3.498355
3.929356
2.986929
0.646361
-1.449070
-3.738667
-3.857878
-2.431871
-0.278458
0.103218
-0.176783
1.208042
3.148018
4.204316
2.819346
0.676808
-1.893643
-3.931409
-4.745526
-3.317874
-2.055311
-0.785785
0.070248
1.817378
3.190364
4.053331
2.600512
0.622070
-1.865210
-3.728464
-3.826565
-2.868056
-1.956194
-1.090081
-0.321055
1.116196
2.943165
3.747068
2.822931
0.707825
-1.570033
-3.354036
-3.903728
-2.568132
-1.305101
-0.129866
0.128864
1.463163
2.846630
3.420120
2.379362
0.295756
-2.450576
-4.177003
-4.640541
-3.808707
-2.037647
-1.028900
-0.431051
1.341560
2.879135
3.595181
2.855910
0.952198
-1.539470
-3.930453
-4.143450
-3.029701
-2.246887
-1.488305
-0.597021
1.105115
2.534314
3.410981
3.030448
0.817863
-1.793527
-3.702264
-4.192482
-2.971551
-1.106792
0.178476
0.483612
1.654703
2.937037
3.580699
2.914622
0.494940
-2.030780
-4.327623
-4.848485
-3.655218
-2.433006
-1.369405
-0.541218
1.283371
3.371230
3.892701
2.300021
0.003211
-2.564036
-4.511159
-4.954347
-4.230573
-2.844246
-1.109344
-0.476541
1.125889
2.558745
3.715956
2.656301
0.245157
-2.191706
-3.881245
-4.304556
-3.900589
-2.314064
-0.938184
-0.106692
1.264548
2.930511
3.246758
2.483191
0.624869
-1.631319
-3.413800
-3.990424
-3.587837
-2.461156
-1.125654
0.027804
1.568954
3.354146
3.410808
2.626416
0.408211
-2.350574
-4.257988
-5.106429
-3.913709
-1.971903
-0.873143
-0.369085
1.041626
2.679002
3.315259
2.657649
0.285038
-2.418322
-4.833114
-5.657514
-4.570733
-2.430286
-1.221102
-0.734089
0.974193
1.934237
2.729651
1.248882
-0.463163
-2.638609
-4.304493
-4.924637
-4.152287
-2.276873
-1.620757
-0.903193
0.756295
1.609244
2.511660
1.913196
0.025624
-2.541475
-4.112304
-4.517222
-3.209441
-1.910036
-0.955720
-0.432311
1.398679
2.558785
3.067917
2.829937
0.365618
-2.190548
-3.416857
-3.792047
-3.031477
-2.031441
-0.897138
-0.174054
1.174303
2.436168
2.618635
1.480355
0.045402
-2.317429
-4.311217
-4.553905
-3.293553
-1.617764
-0.871017
-0.465673
0.616313
2.470648
2.673586
1.929503
0.101822
-2.426799
-4.916467
-5.822085
-4.651630
-2.890491
-1.569516
-0.922949
0.165414
1.668677
2.360573
2.029074
-0.242463
-2.568836
-3.953757
-4.637794
-3.649196
-1.816208
-1.342241
-0.138425
1.282372
2.687920
3.697133
2.480977
0.173276
-2.646679
-4.428429
-4.078940
-3.839781
-2.038687
-1.402488
-0.412536
0.735560
2.278163
2.954012
2.143560
-0.444967
-2.694722
-4.246916
-4.789333
-4.267654
-2.236328
-0.988491
-0.681975
0.338799
1.879700
2.187222
1.438267
-0.873158
-3.370714
-5.131083
-5.560440
-4.088366
-2.383074
-1.458050
-0.741584
0.242368
1.361866
1.583634
0.852780
-1.025105
-2.879347
-4.135415
-5.010050
-4.239581
-2.680420
-1.704435
-0.188429
0.605903
2.189428
2.199226
1.171947
-0.623593
-3.205883
-4.680826
-4.912051
-3.886350
-2.226385
-1.289934
-0.812627
0.390661
2.133600
2.312150
1.211840
-0.560544
-3.504692
-5.157008
-5.188692
-4.045539
-2.435789
-1.747200
-0.873041
0.332813
1.734436
1.875793
1.152606
-0.586930
-2.944697
-4.961543
-5.382841
-3.943729
-2.517656
-1.742014
-0.744647
0.247434
1.580108
2.290693
1.615194
-0.255534
-2.555168
-4.504028
-5.202888
-3.921873
-2.399681
-1.674620
-0.720151
0.468261
1.961051
2.120797
1.288297
-0.447042
-2.914627
-4.340894
-4.909893
-3.460627
-1.742741
-0.988348
-0.827747
0.376031
1.859524
2.286860
1.183022
-1.000527
-2.926693
-4.510055
-4.421915
-3.236681
-1.957510
-0.849985
-0.044237
0.884198
1.733579
1.965311
1.803733
-0.014935
-2.394386
-3.915822
-4.477034
-3.782522
-2.481062
-1.100344
-0.027757
0.700704
1.815057
2.683918
1.628245
-0.587109
-3.162122
-4.833854
-4.893406
-3.511180
-2.355667
-1.017891
-0.074134
0.959619
2.046448
2.796175
1.301839
-0.793877
-3.207454
-4.703744
-5.365152
-3.305176
-1.437881
-1.085966
-0.731681
0.691713
1.668804
2.298945
1.546447
-0.408298
-2.432334
-3.858028
-4.478527
-3.344282
-2.458447
-0.938663
-0.297691
0.926066
2.087689
2.156179
1.351429
-0.403968
-2.834694
-4.178978
-4.558013
-3.832027
-1.969267
-0.856997
-0.299682
0.838499
2.240195
2.097465
0.927324
-0.936604
-3.482492
-5.425962
-5.653641
-4.561886
-2.377153
-1.281750
-1.037754
-0.020037
1.254964
1.615893
0.633321
-1.274089
-3.811101
-5.652962
-5.714739
-3.992173
-2.438566
-1.475155
-1.348313
-0.114580
1.092875
2.025169
0.713106
-1.058083
-3.101710
-4.559532
-5.080317
-4.272635
-2.746395
-1.257017
-0.607253
0.434396
1.166905
1.497904
0.298656
-1.622334
-3.934667
-5.691714
-5.670835
-4.836205
-3.089981
-1.909014
-1.010087
0.074213
0.828703
1.163007
0.360187
-1.449366
-4.034747
-5.304824
-5.648692
-3.538710
-1.825617
-0.943501
-0.920802
0.239492
1.549538
1.684097
0.302085
-1.834503
-4.058088
-5.624670
-5.605198
-4.713574
-2.598791
-1.605068
-0.933239
0.198804
1.806165
2.602196
1.435109
-1.069755
-3.467814
-4.501285
-5.124877
-4.151796
-2.209871
-1.270519
-0.678792
0.247625
1.269993
1.230527
0.214607
-1.941497
-3.684642
-5.424467
-5.716815
-4.599053
-2.996883
-1.937418
-0.913452
0.603415
1.359021
2.005008
0.865442
-0.822164
-2.750144
-4.676264
-5.087167
-3.876831
-2.271637
-0.900875
0.006189
1.016913
2.046077
2.612126
0.946315
-1.273275
-3.735503
-5.426973
-5.527237
-3.851250
-1.768322
-0.944016
-0.881949
0.323272
2.079130
2.118118
1.422315
-0.699307
-3.434474
-4.708099
-5.106454
-3.981939
-2.244175
-0.656025
-0.354995
0.560780
1.481131
2.203703
0.616735
-1.400508
-3.059484
-4.631168
-4.507026
-4.231562
-2.419855
-0.700380
-0.273110
0.400916
1.543739
1.501369
0.249141
-1.908599
-3.909260
-5.287310
-5.205084
-3.899174
-2.188158
-1.229742
-0.753146
-0.163680
0.942947
0.992331
0.271945
-1.657650
-3.819257
-5.258477
-5.324360
-4.067350
-1.976637
-1.174288
-0.137678
0.615059
1.387649
1.296310
0.678438
-1.024834
-3.150270
-4.607394
-4.138643
-3.302219
-1.499220
-0.179329
0.390480
1.162885
1.712206
1.720411
1.010528
-1.282596
-3.848162
-5.292090
-5.114545
-3.591110
-1.368572
-0.922035
-0.510399
0.550125
1.573833
1.552003
0.414699
-1.481193
-3.885548
-5.497177
-5.576484
-4.125866
-2.763021
-1.909559
-1.152935
0.138770
0.956258
1.229961
-0.086637
-1.901859
-4.004343
-6.086810
-6.095936
-4.807823
-2.824032
-1.541449
-0.153128
0.789736
1.467626
1.102844
0.440308
-1.295969
-3.561601
-4.745894
-5.203216
-3.889652
-2.153084
-0.631542
-0.540029
0.261219
1.304547
1.186227
0.120066
-1.819480
-4.231545
-5.721700
-6.436504
-4.805636
-2.162548
-0.863873
-0.896076
-0.258623
1.094643
1.341008
0.119253
-1.553677
-3.794490
-5.385837
-5.103344
-4.455441
-2.881359
-1.595154
-0.478634
0.583623
1.390328
1.524575
0.595851
-1.358469
-3.515144
-5.316443
-5.909458
-4.404150
-2.646009
-1.182632
-0.466222
0.319999
1.256291
1.423868
0.517463
-1.252777
-3.879514
-5.856440
-6.098060
-4.680389
-2.847204
-1.792070
-1.262954
0.150060
0.977421
1.451535
0.128010
-2.040018
-4.167684
-5.413403
-5.360579
-4.468750
-2.372824
-1.533510
-1.476458
-0.618015
0.285946
0.444091
-0.311593
-2.131373
-3.700559
-5.163782
-4.907744
-4.519091
-2.944088
-1.606737
-1.218230
-0.012880
1.031875
0.510145
-0.690599
-2.582754
-4.926362
-6.258951
-6.331361
-4.906065
-3.002729
-2.183313
-1.608452
-0.264118
0.910957
1.075841
-0.070075
-2.216401
-4.484585
-6.100368
-6.229689
-5.184537
-3.021851
-1.403164
-0.823745
-0.301399
0.842716
1.617811
-0.183061
-2.063463
-4.327584
-6.045050
-6.707808
-5.320248
-3.416290
-1.990221
-1.650702
-0.310380
0.533472
0.615548
-0.542405
-2.374134
-4.594234
-6.518500
-6.609445
-5.045584
-3.498211
-1.909306
-1.338781
-0.771468
0.228434
0.452515
-0.593237
-2.514874
-4.536095
-6.037736
-6.457417
-4.466194
-2.942125
-1.550640
-0.820512
-0.099744
1.412180
1.625807
0.279193
-1.671796
-3.757901
-5.309569
-5.584105
-4.458395
-2.666122
-1.517134
-0.553761
0.545712
1.706670
1.727271
0.086696
-1.952160
-3.587360
-4.825587
-5.358369
-4.830534
-2.371099
-1.780977
-1.154141
0.048267
0.948451
1.313234
0.010265
-2.370895
-4.919182
-5.909000
-6.640711
-5.218548
-3.177704
-1.401628
-1.240689
-0.486826
0.583335
0.487393
-1.022362
-2.479555
-4.382872
-5.793146
-5.584048
-3.647085
-1.248501
-1.270401
-1.173297
-0.671348
0.422534
0.572353
-0.329683
-2.189179
-4.884812
-6.183825
-5.846716
-4.637278
-2.890512
-1.292591
-1.007565
-0.348678
0.992144
0.865736
-0.132061
-2.292396
-4.830924
-6.359721
-6.200312
-4.787271
-3.254843
-2.484396
-2.031081
-0.781654
0.516704
0.428514
-0.785291
-2.742645
-5.048258
-6.515852
-6.895774
-5.730750
-3.487442
-2.644524
-2.069561
-1.052277
-0.219438
0.063051
-0.837072
-2.686520
-5.093916
-6.266172
-6.162479
-4.657492
-3.590292
-2.127249
-1.100192
-0.543657
0.138524
0.295879
-0.812653
-2.638687
-4.824063
-6.224046
-6.244726
-4.880545
-3.331022
-2.275917
-1.535456
-0.772152
0.084728
-0.079361
-1.137746
-2.974333
-5.443023
-6.970532
-7.628564
-6.524574
-4.626646
-3.292573
-2.223474
-1.224636
-0.514114
-0.453598
-1.955782
-3.859533
-6.101861
-7.489064
-7.977221
-6.868177
-5.109562
-3.154909
-2.054217
-1.450954
-0.777686
-0.922825
-2.188504
-3.731177
-5.738167
-7.364134
-7.765030
-6.379689
-4.093626
-2.324768
-2.006265
-0.853436
0.292649
0.139326
-1.002130
-2.534540
-5.367842
-7.194437
-6.877089
-5.167631
-3.625572
-2.176483
-1.856555
-0.991537
0.231737
0.476217
-1.007197
-3.524443
-5.441913
-7.056943
-7.339845
-6.064602
-4.056076
-3.470929
-2.320701
-1.356603
-0.260894
-0.212639
-1.172308
-3.023241
-5.341526
-6.994691
-6.435171
-5.358333
-3.904516
-2.482042
-2.121305
-1.360421
0.032909
0.792812
-0.716101
-2.163175
-4.693040
-6.545998
-6.255968
-4.611822
-2.849342
-1.928877
-1.465398
-0.766549
1.263727
1.536798
-0.568948
-2.664869
-5.093435
-6.898921
-6.805308
-6.062598
-4.575668
-3.282059
-2.335532
-1.590333
-0.501797
0.465406
-0.254348
-2.622448
-4.758946
-5.866007
-5.578248
-3.869066
-2.866028
-2.050173
-1.620410
-0.995187
-0.054187
0.090367
-1.236174
-3.164968
-5.380766
-6.919562
-7.290549
-5.741652
-4.133032
-2.845514
-1.971073
-0.915498
0.127342
0.127577
-0.805067
-2.323225
-4.973813
-7.033173
-7.313830
-5.849159
-3.876883
-2.924952
-2.022658
-0.668917
0.125249
-0.069737
-1.229799
-3.080124
-5.460810
-7.314252
-7.507047
-6.103402
-3.749500
-1.883173
-1.389654
-0.860253
-0.447768
-0.280419
-1.427421
-3.265552
-5.306404
-6.998442
-7.007692
-6.250579
-4.562750
-2.748726
-2.257201
-1.105618
0.601773
0.293329
-1.104342
-3.244404
-5.426186
-7.077084
-6.443632
-5.258351
-3.772350
-1.984217
-1.170622
-0.356858
0.539257
0.749808
-0.855170
-2.994722
-5.329570
-6.646502
-7.577548
-6.206061
-3.564135
-2.245569
-1.675850
0.201330
0.956077
0.096400
-1.638176
-3.666539
-5.702172
-7.382149
-6.908423
-6.054162
-4.424364
-3.361066
-2.881303
-1.134534
-0.310703
-0.005678
-1.208721
-3.025194
-4.796455
-6.442778
-6.120179
-5.741108
-3.896334
-2.366285
-1.883902
-1.280330
-0.222303
-0.261831
-1.164059
-3.312591
-5.814340
-7.255074
-7.762369
-5.876553
-3.726757
-2.424208
-1.939937
-0.769173
0.038148
0.291727
-1.090834
-3.159210
-5.336718
-7.075252
-7.248524
-6.112596
-4.059961
-2.525282
-2.027137
-0.971255
-0.233064
-0.058091
-1.479380
-3.562536
-6.186946
-7.972240
-7.798089
-6.692707
-4.815193
-3.817879
-2.435900
-1.369344
-0.818300
-0.731754
-2.013496
-3.548747
-5.443308
-6.296577
-6.314659
-5.173744
-3.164471
-2.389603
-2.458638
-1.692479
-0.375221
-0.047320
-0.827339
-2.961553
-5.302422
-6.872614
-7.383796
-6.449820
-4.506861
-3.144965
-1.975655
-1.094161
0.033839
-0.224532
-1.263264
-3.395567
-5.653057
-7.115685
-7.093719
-5.628447
-4.008516
-2.844523
-1.751811
-1.106933
-0.569326
-0.233856
-0.876636
-2.687912
-4.853830
-6.373652
-6.396900
-5.390061
-3.548067
-2.175661
-0.980764
-0.601884
0.931518
0.622846
-0.785191
-3.046801
-4.909995
-6.308887
-7.054585
-6.159987
-4.344561
-3.048022
-2.119523
-0.317167
0.802799
0.795534
-0.420723
-2.895576
-5.279211
-7.174108
-7.181905
-5.490462
-3.883381
-2.908966
-2.635040
-1.178582
-0.049461
0.097915
-1.157475
-3.309385
-5.376531
-7.552648
-7.974963
-6.515706
-4.483369
-3.627397
-2.428081
-1.317878
-0.299394
-0.434036
-1.376622
-3.104113
-5.226945
-6.647487
-6.766824
-5.108261
-3.506739
-2.454990
-2.100313
-1.182497
-0.044927
-0.311060
-1.211988
-3.441519
-6.101833
-7.902467
-7.504530
-6.507545
-4.176027
-3.308867
-2.373418
-1.988183
-1.175259
-0.703203
-1.890343
-3.781088
-5.965518
-7.344197
-7.165789
-6.026768
-4.572057
-3.941868
-3.112852
-2.102912
-1.114612
-0.558393
-1.628256
-3.737017
-5.719748
-6.559676
-7.041453
-6.597474
-4.830801
-3.525650
-2.599384
-1.676408
-0.776161
-0.421614
-1.565424
-3.562134
-6.141365
-7.798112
-8.395210
-7.361303
-4.638304
-3.434925
-2.719398
-1.901985
-0.912588
-0.858055
-1.805363
-3.784883
-5.898627
-7.822625
-8.053658
-6.644831
-4.478568
-2.951704
-1.876186
-0.973443
-0.925755
-0.541208
-1.482630
-3.506845
-5.655326
-6.682676
-7.521451
-5.959988
-3.693928
-2.447931
-2.130886
-0.907201
-0.348433
-0.227134
-1.246634
-3.176228
-5.937131
-8.191261
-8.609241
-6.930068
-4.957835
-3.964628
-3.321529
-1.863588
-0.622592
-0.214958
-1.222074
-2.987534
-5.683772
-7.470079
-7.703570
-6.749788
-4.852020
-3.384924
-3.002204
-1.733140
-0.739015
-1.103035
-2.048146
-3.907276
-6.142581
-7.492575
-7.857039
-6.582659
-4.898412
-3.710414
-3.187509
-2.011539
-1.239754
-0.646650
-2.022597
-3.757234
-5.829556
-7.493345
-7.907211
-6.669015
-4.592596
-3.215594
-2.120852
-0.864037
-0.053931
-0.200453
-1.038562
-2.915674
-5.640551
-7.761346
-8.127032
-7.232565
-5.140897
-3.834820
-2.994053
-1.439878
0.058556
-0.022021
-1.258804
-3.217062
-5.962701
-7.838955
-7.916691
-6.040356
-3.552830
-2.408592
-2.452357
-1.449237
-0.422686
-0.389614
-1.381516
-3.488322
-5.484879
-7.452900
-8.011429
-6.493566
-4.722934
-4.300666
-3.360955
-1.996317
-1.071136
-0.955243
-2.037300
-3.571984
-5.647338
-7.393353
-7.533822
-6.393934
-5.065502
-3.739363
-2.866971
-1.096416
-0.268547
-0.134936
-1.225309
-3.330645
-5.719919
-7.533076
-8.228653
-7.013553
-5.699334
-4.879892
-2.980179
-1.939464
-0.109959
-0.405600
-1.227839
-2.824680
-5.557559
-7.435256
-7.802436
-6.786171
-5.641305
-4.386530
-3.350902
-1.683899
-0.659894
-0.387466
-1.273569
-3.150246
-5.611204
-7.311568
-7.422825
-6.055897
-4.713275
-2.930358
-2.355412
-1.206554
-0.390930
-0.157268
-0.798759
-2.952717
-5.538228
-7.251227
-7.467336
-6.582492
-5.152612
-3.610709
-2.375634
-1.050732
-0.261859
0.209020
-1.039490
-3.137726
-5.837596
-8.313376
-8.994559
-8.022749
-6.171488
-4.552502
-3.476229
-2.145413
-0.794855
-0.565242
-1.164655
-2.853456
-5.202670
-7.060535
-8.332910
-7.370557
-5.266692
-3.555410
-2.476288
-1.197139
-0.122198
-0.249388
-1.367652
-3.246725
-5.993216
-7.644774
-7.846087
-6.782567
-4.932699
-3.708081
-2.356172
-1.483972
-0.492119
-0.301417
-1.201414
-2.986426
-5.737797
-7.268903
-7.204268
-6.233420
-4.706862
-3.938752
-2.952675
-1.724269
-0.382719
0.229614
-1.295835
-3.130478
-5.479911
-7.439252
-6.961458
-6.670597
-5.224372
-3.890018
-2.660459
-0.862441
0.260443
0.672230
-0.933117
-3.226841
-5.846498
-7.948062
-8.256829
-7.552876
-5.638916
-4.356751
-2.984792
-1.442775
-0.594238
-0.019306
-1.233305
-3.205543
-5.809229
-8.252789
-8.602478
-6.753239
-5.707768
-4.675435
-3.581869
-2.054198
-0.625902
-0.621328
-1.353277
-3.220187
-5.621608
-8.299928
-8.550997
-7.657851
-5.812560
-4.301195
-3.241792
-2.217189
-0.659025
0.008032
-0.285716
-2.650113
-4.798012
-6.818976
-7.421558
-5.664755
-4.155726
-2.640755
-2.183521
-1.019195
0.446459
0.294150
-0.680113
-2.710812
-5.620860
-7.139418
-7.942906
-7.015633
-4.932039
-3.718488
-2.775779
-1.049546
0.528460
1.050777
-0.298103
-2.694006
-5.136555
-6.627841
-6.885654
-6.429543
-4.978235
-3.491435
-2.664328
-1.907144
-0.301873
0.438486
-0.641302
-3.384497
-5.841619
-7.625063
-7.500377
-5.814890
-4.207397
-3.670804
-3.231680
-1.609033
-0.221546
0.563042
-0.882721
-3.438901
-6.066474
-8.210484
-8.574862
-7.619085
-5.617454
-3.479535
-3.103075
-1.630644
-0.422207
0.115496
-1.128040
-3.071710
-6.050974
-8.332997
-9.136543
-7.495450
-5.597981
-4.366873
-3.189282
-1.673855
0.028262
0.627891
-0.590441
-2.762850
-5.097825
-7.089167
-7.158893
-6.894076
-4.723837
-3.461928
-2.485042
-1.440835
-0.272940
-0.108846
-0.606116
-2.879894
-5.664584
-7.523692
-7.867484
-6.729222
-5.093681
-3.862413
-2.838532
-1.174835
0.341665
0.778561
-0.518824
-2.778080
-5.282414
-6.758873
-6.777131
-5.625526
-3.964962
-3.180247
-2.795334
-0.936624
0.347363
1.220377
-0.275902
-2.987202
-5.384054
-7.120911
-7.828420
-6.693685
-5.172914
-3.726317
-2.371703
-1.450574
-0.293147
-0.252103
-1.300535
-3.651879
-6.012767
-7.788224
-8.112410
-6.872855
-5.371690
-4.019002
-2.981939
-1.398348
-0.181789
-0.002400
-0.392082
-2.884937
-5.363825
-7.301140
-7.558674
-6.391797
-4.651681
-3.376101
-2.217600
-1.319108
0.352025
0.250624
-0.522631
-2.706612
-5.257249
-7.649065
-8.137037
-6.786890
-4.960230
-3.872886
-2.587220
-1.593192
0.096059
0.864227
-0.090171
-2.576948
-4.862773
-7.248384
-7.971196
-6.683213
-5.730267
-3.831557
-2.894585
-1.630887
-0.165525
0.105864
-0.514961
-2.754581
-5.299776
-7.842105
-8.673883
-7.337172
-5.557251
-4.449329
-3.235010
-1.792259
-0.379928
0.236814
-0.640766
-3.070389
-5.308643
-7.029730
-7.020609
-6.199808
-4.796786
-4.307910
-2.628122
-1.298525
-0.315777
0.440069
-0.260063
-2.514894
-5.270759
-7.628998
-8.094740
-6.745148
-4.571256
-3.456860
-2.452514
-1.057409
0.552156
0.866635
-0.074036
-2.637649
-5.306263
-7.167407
-7.870011
-7.383497
-5.846143
-4.393149
-3.037031
-1.627041
-0.108276
0.000658
-0.578403
-2.979615
-5.617051
-7.472699
-8.038661
-6.353704
-4.963522
-3.661850
-2.389366
-1.702670
-0.692737
0.184951
-0.717152
-2.952464
-5.317778
-7.061431
-7.930532
-6.408634
-4.620974
-3.300794
-2.310232
-0.989195
0.185963
-0.058414
-1.155767
-3.411136
-5.743067
-7.878225
-7.973725
-7.078467
-5.429039
-3.975573
-2.745145
-0.743228
0.284399
-0.091244
-1.027771
-2.715446
-4.983005
-7.056209
-7.619425
-6.860189
-5.126124
-2.972531
-2.970938
-1.607836
0.147882
0.987482
-0.021244
-2.306421
-4.520829
-6.519387
-7.916286
-6.822228
-5.590246
-3.744159
-2.397610
-1.151249
0.528872
0.918281
0.027390
-2.384632
-5.246672
-7.768888
-8.835102
-7.683735
-6.403904
-4.543685
-3.611950
-2.014524
-0.215099
0.274019
-0.711238
-2.951109
-5.373395
-7.432775
-7.487231
-6.255145
-4.595085
-3.514887
-2.831140
-1.825595
-0.246355
0.215363
-0.571623
-2.825920
-5.352900
-7.292812
-7.787720
-6.493037
-5.398386
-4.823339
-3.745548
-2.158178
-1.008423
0.025698
-0.746767
-3.175154
-5.439982
-7.470244
-8.649755
-8.062454
-6.460000
-5.072935
-4.351852
-2.384905
-0.576689
-0.049955
-1.260744
-3.181539
-5.842368
-7.882254
-8.395746
-7.225024
-5.488222
-4.089306
-3.231035
-1.770766
0.024673
0.963776
0.203253
-2.312134
-4.805519
-7.159021
-7.942732
-6.510642
-4.584821
-3.727463
-2.412107
-0.620285
0.734678
0.631817
-0.291124
-2.164343
-5.101566
-7.369548
-8.019076
-6.410534
-4.859947
-3.227202
-3.084336
-1.605330
0.121831
0.758636
0.359680
-2.332693
-5.053260
-7.080862
-8.127625
-7.022191
-4.972995
-4.040015
-3.121944
-1.351927
0.327621
0.508141
-0.562515
-2.598846
-5.345068
-7.343407
-8.486336
-7.032640
-5.497229
-4.700009
-3.477735
-1.394672
0.212017
0.285704
-0.752885
-2.210205
-4.785717
-6.234964
-7.248835
-6.319447
-4.515409
-2.997173
-1.955737
-0.616075
0.956999
1.106655
0.098412
-1.854781
-4.914851
-6.648246
-7.486543
-6.111566
-4.321402
-3.690253
-2.290696
-0.616404
0.909760
0.913725
-0.064597
-2.506212
-5.006302
-7.356011
-8.518776
-7.508868
-5.866723
-4.317421
-3.682631
-1.606255
-0.031511
0.209970
-0.175311
-2.569000
-5.325803
-7.505029
-8.008139
-6.207463
-4.914152
-3.536089
-3.066499
-1.198345
0.803568
1.485047
0.452736
-1.705294
-4.558845
-7.013748
-7.531776
-6.285579
-5.164188
-3.974174
-2.433511
-0.716386
0.487017
0.831246
-0.200285
-2.741280
-5.604112
-7.762796
-8.686943
-7.218228
-5.655582
-4.382990
-3.515625
-2.155985
-0.290796
0.458639
-0.392323
-2.781067
-5.305465
-7.416614
-8.142503
-7.138631
-5.800455
-4.742610
-3.379549
-1.814070
-0.199627
0.488493
-0.489595
-2.540792
-5.507044
-7.320712
-8.573313
-7.824900
-5.343966
-3.701346
-2.773123
-1.302938
0.491652
0.674076
-0.274973
-2.498467
-5.575368
-7.797559
-8.001874
-7.310167
-5.387178
-4.469761
-3.087705
-1.012287
0.400974
0.679621
-0.631190
-2.684513
-5.330788
-7.432425
-8.510393
-8.087059
-6.599314
-5.506498
-4.002595
-2.233908
-0.341560
0.760392
-0.175326
-2.460871
-4.886658
-7.065039
-7.679368
-7.073516
-5.441836
-4.270848
-3.255681
-1.779821
-0.418577
0.110746
-0.943005
-2.537139
-5.269170
-7.254775
-7.770635
-6.375603
-5.436551
-4.441901
-3.241264
-2.103979
-0.504108
0.342918
-0.379189
-2.388937
-5.272182
-7.510922
-8.217196
-7.115892
-5.372579
-4.152244
-2.868315
-1.735012
-0.203409
0.550353
-0.447757
-2.339216
-5.259902
-7.189514
-7.894479
-5.797990
-4.639641
-3.481008
-2.828850
-1.017290
0.210471
0.678047
-0.458902
-2.695214
-5.294178
-7.302247
-8.102314
-6.970938
-5.344154
-3.681636
-2.196012
-0.859262
0.639513
1.541599
0.467403
-1.819227
-4.768901
-7.051039
-7.745872
-6.724196
-5.493625
-4.326103
-2.729311
-0.747477
1.428799
2.134706
0.991407
-1.140173
-3.934901
-6.294318
-6.864335
-5.750484
-5.054356
-4.145018
-2.578183
-0.683037
1.078042
1.727518
0.474869
-1.173513
-4.239077
-6.600722
-7.317986
-5.884240
-4.269757
-3.040912
-2.208818
-0.738143
1.075727
1.824663
0.742078
-1.228382
-3.757870
-6.155622
-6.465993
-6.369589
-4.529270
-3.443866
-2.076488
-1.277496
1.002895
1.717548
0.299497
-1.855588
-4.723159
-7.009893
-7.444007
-6.873640
-5.578542
-4.128795
-2.982474
-0.556632
0.606164
1.716043
0.379053
-1.454445
-4.504773
-6.611547
-7.319031
-6.187458
-4.575556
-3.176355
-2.494029
-0.537869
1.136704
1.351121
0.825619
-1.947989
-4.569706
-6.477830
-6.653223
-5.172322
-3.998549
-2.884583
-2.343762
-0.899845
0.877764
1.792011
0.456587
-1.732440
-4.161462
-6.744595
-7.247401
-5.588778
-4.062226
-3.581550
-2.983377
-0.769171
1.333151
1.979811
1.519777
-0.770170
-3.784700
-5.471158
-5.864627
-5.230109
-4.597517
-3.517195
-2.424606
-0.685628
1.252557
2.123779
0.879807
-1.515491
-4.432108
-6.899801
-7.260856
-6.643210
-5.303318
-3.948375
-2.484844
-1.110540
0.569304
1.524468
0.632351
-1.161554
-4.211596
-6.623477
-6.926304
-6.190460
-4.161959
-3.662299
-2.810525
-0.787556
0.972003
1.056784
0.086053
-1.850004
-4.473543
-6.692566
-7.357275
-6.259283
-4.761068
-4.359703
-2.956296
-0.148869
1.298553
2.316183
1.570619
-0.800364
-3.778028
-6.339731
-7.150931
-6.544495
-4.610778
-3.513377
-2.681538
-0.312481
1.412418
2.281097
1.523026
-0.963377
-4.064556
-6.752250
-7.540782
-6.618966
-4.868505
-3.777243
-2.762889
-1.182429
0.802542
2.010891
1.066809
-1.372221
-3.842524
-6.325466
-7.099788
-5.744168
-3.931852
-3.423852
-2.766644
-0.625061
1.781494
2.594214
0.849775
-1.326275
-3.897786
-5.991148
-6.415739
-5.558622
-3.719678
-2.671527
-2.036635
-0.723883
0.987754
1.631863
1.254773
-1.359562
-4.120270
-6.223861
-6.763372
-6.113896
-4.817845
-4.185103
-2.583338
-0.473209
1.318168
2.071383
1.152875
-1.793561
-4.379476
-6.663887
-7.960037
-6.271868
-4.685490
-3.771713
-2.614750
-0.649441
1.533752
1.986752
1.313824
-0.681068
-3.329038
-5.729724
-6.447193
-5.504743
-4.053042
-2.754823
-1.855061
0.490498
1.890258
1.968803
1.499803
-0.859758
-3.502911
-5.668391
-5.554981
-5.452470
-4.733433
-2.584586
-1.553581
0.494814
2.529337
3.091275
1.989153
-0.027821
-2.975857
-5.408044
-5.708214
-4.065908
-2.734113
-2.034381
-1.624936
-0.004552
2.011071
2.977197
1.820548
-0.585835
-3.059460
-5.864062
-6.913262
-6.001819
-5.050318
-3.676870
-2.063269
-0.373766
1.316652
2.267817
1.430223
-0.889533
-3.557847
-6.019435
-6.751889
-5.960375
-3.805638
-2.711671
-1.438779
0.196785
1.830780
2.595860
1.472144
-0.545324
-3.091085
-5.431946
-6.273211
-5.206453
-3.691112
-2.355371
-1.822886
-0.126467
1.630957
2.698869
1.541201
-0.520967
-3.020725
-5.648252
-6.199082
-4.905888
-3.743756
-2.611163
-0.779005
0.903341
3.496279
4.433212
3.356457
0.590853
-2.521443
-4.628701
-5.150738
-4.489685
-2.784552
-1.726955
-1.031237
0.433082
2.785407
3.266222
2.569401
0.236847
-2.864046
-5.466802
-5.767718
-4.940263
-3.839521
-2.499864
-0.948249
0.692630
2.535104
2.943050
2.051305
0.204379
-2.134974
-4.874855
-5.644972
-4.661125
-2.354951
-1.462109
-0.451624
1.360475
2.868710
3.702982
2.891336
0.721787
-2.710730
-5.105229
-5.994857
-5.374901
-4.272576
-2.621357
-1.050580
0.812987
2.782370
3.691999
2.595728
-0.103838
-2.807619
-5.269378
-6.249933
-5.184014
-3.773170
-2.720395
-1.496039
0.820344
2.331402
3.294191
2.626695
0.301455
-2.584068
-4.921399
-6.167616
-5.085165
-3.251663
-2.013297
-1.169146
0.102207
2.207226
3.537348
2.487216
0.459612
-2.338516
-4.247590
-4.775251
-3.885913
-2.631099
-2.165552
-0.468859
1.413108
2.883064
3.649363
3.106281
0.763775
-2.344952
-4.601411
-5.236179
-4.482265
-3.225914
-2.455706
-0.663383
1.333129
3.367971
4.424538
3.418930
0.981926
-1.822613
-3.958033
-4.387338
-3.933668
-1.841675
-1.186584
-0.690666
0.994082
3.084509
3.490557
2.610331
0.605015
-2.097822
-4.249263
-4.611305
-3.577850
-2.130701
-1.469890
-0.500825
0.508985
3.211067
3.798827
2.916502
0.842789
-1.594131
-4.181835
-4.860529
-4.177579
-2.700681
-1.888785
-0.631466
1.597632
4.264917
4.907410
3.415921
1.007710
-1.907509
-4.171837
-5.138005
-4.413973
-3.011210
-1.637609
0.006010
2.139627
4.375884
4.920000
3.806858
1.767602
-0.296643
-3.245747
-4.359749
-3.355920
-2.043638
-1.084670
-0.162159
1.812455
4.185137
5.243082
4.347376
2.074574
-0.367843
-2.883472
-3.711370
-3.212720
-1.972207
-0.970532
0.412934
2.382255
4.661733
4.924246
4.369346
2.481298
-0.200765
-2.602602
-3.333311
-2.768616
-1.959988
-1.052995
0.309669
2.617599
4.647590
5.015600
3.629965
1.878985
-0.674953
-2.861605
-3.819336
-3.389206
-2.196641
-0.991811
0.420853
2.395144
4.325873
4.958570
4.302340
2.424779
-0.612320
-2.651568
-3.347245
-2.816787
-1.063773
-0.444526
0.736880
2.212717
3.914065
5.142376
4.391699
2.124444
-0.549341
-2.185814
-3.202168
-2.372285
-0.811636
0.070415
0.928101
2.552950
4.904783
5.634605
5.175623
2.522057
-0.365565
-2.797688
-3.516218
-2.418371
-1.200316
-0.621971
0.766342
2.612375
4.437016
5.614946
4.567333
3.031490
0.701594
-1.267290
-2.252004
-1.811465
-0.691966
0.052474
0.684939
2.914085
5.080189
6.042570
5.433912
3.172731
0.205351
-2.027700
-2.722980
-1.595404
-0.375416
0.228623
1.647003
3.482663
5.284704
6.235193
4.749384
2.241969
0.408955
-1.563827
-2.142323
-1.152966
-0.434895
0.246340
1.392357
3.316217
5.424765
6.000219
5.114794
2.949265
-0.076294
-1.545311
-2.211805
-1.578861
-1.169025
-0.135185
1.408092
2.867632
5.101784
5.053883
4.483283
2.358566
0.097053
-1.832319
-2.221377
-1.295045
0.243378
0.530672
1.461514
3.706342
5.949610
5.874868
5.257658
3.013161
-0.072951
-2.430657
-2.838022
-1.794942
-0.042847
0.913660
1.853043
3.801542
6.196243
6.614271
5.330229
2.768167
0.429300
-1.829767
-2.406610
-1.408856
0.518841
0.675232
1.036622
3.265100
5.097736
6.274460
4.532193
2.364862
0.018903
-1.684793
-2.489323
-1.828525
-0.464825
0.398135
1.617107
3.091599
4.760372
5.763430
4.993670
3.094287
0.362578
-1.838108
-2.499918
-1.889336
-0.210503
0.323671
1.117846
3.184789
4.988825
5.644068
4.985620
2.659891
-0.175742
-2.414922
-2.687556
-1.659908
-0.274343
0.154964
1.200479
3.255658
5.440844
6.265123
4.901224
3.459647
0.882804
-1.952397
-2.518058
-1.935700
-0.475352
-0.097722
1.593536
3.683743
5.556067
6.707045
5.761297
3.103966
0.730862
-1.088842
-1.694689
-1.465433
-0.128229
0.685464
1.266515
3.495088
5.625956
6.224356
5.413973
2.767277
0.436741
-1.321001
-1.930442
-0.822042
0.572124
1.345337
2.007433
4.298040
6.319071
6.942598
5.548395
3.905898
1.146581
-0.840350
-1.104565
-0.352919
0.836157
1.509129
2.032459
3.922271
5.867582
6.488451
5.834478
3.845645
1.564546
-0.368237
-1.462794
-0.239191
0.631054
1.482094
2.816246
5.022787
6.720510
6.919682
6.239824
4.090094
1.885367
-0.292939
-1.168071
0.308842
1.161631
1.802818
2.411031
4.606401
6.600544
6.631557
5.908060
4.053826
1.237117
-0.482548
-0.723769
-0.410543
0.324509
1.069874
2.167331
4.224622
6.022020
6.399252
5.981743
3.726416
1.482387
-0.121975
-1.088003
-0.146646
0.553539
1.375301
2.269936
3.950063
6.525438
7.491308
5.752420
3.345917
1.258330
-0.536489
-1.066540
-0.220449
0.774519
1.630459
2.609890
4.058742
6.025366
6.982220
6.050890
3.675469
1.328540
-0.517247
-0.579624
0.186413
0.814293
1.752487
2.219612
3.935889
6.385124
6.899149
5.946142
4.479184
2.037087
0.354420
-0.276596
0.316961
1.465229
1.670435
2.398060
4.047277
5.977739
6.438581
5.983473
3.933254
1.656325
-0.746770
-1.452189
-0.921008
0.391567
1.879402
2.826446
4.377958
6.608679
7.552317
6.438839
3.968038
1.632811
-0.324054
-1.360426
-0.569316
0.831463
1.472918
2.302522
4.517406
6.233015
7.066236
6.481998
3.956493
1.364212
-0.443368
-0.654444
0.307144
1.533772
2.084539
3.100815
4.283850
6.356270
7.061697
6.372305
3.850976
1.538627
-0.589138
-1.240520
0.007940
0.536434
1.090088
1.863571
3.702841
5.855879
6.325726
5.963392
3.970422
1.875815
-0.338918
-0.737569
-0.076302
0.650005
1.413950
3.005877
5.447906
7.076029
7.183592
6.423800
3.869725
1.259310
-0.669561
-1.037686
0.268309
1.464035
1.948875
2.988684
4.601912
6.806803
6.763117
5.939144
3.976740
1.387067
-0.360629
-0.498068
-0.040659
1.347332
1.701855
2.238498
4.186331
6.065969
6.791351
5.827532
3.688229
0.984112
-1.158559
-1.535045
-0.712743
0.688135
1.072510
1.855256
4.001261
6.351370
6.685381
6.074858
3.551229
1.002028
0.051877
0.050134
-0.133312
1.148022
2.102461
2.969846
4.612186
6.176020
7.148245
6.274595
4.217892
1.675991
-0.054184
-0.611490
0.117779
1.255014
2.043251
3.504306
5.086586
6.871321
7.395258
6.832384
4.224494
1.530827
0.003783
-1.011420
-0.467312
0.770376
1.555445
2.824502
4.546625
7.315512
8.324099
6.816526
4.814419
2.397169
0.110229
-0.249890
0.105932
1.319120
2.028709
2.828700
4.849661
6.800089
7.304846
5.698366
3.866794
1.213483
-0.990910
-0.684417
0.121014
2.000002
2.127228
2.412313
4.217509
6.350317
6.984615
6.342714
4.488474
2.269448
-0.137620
-0.673692
-0.582464
0.865780
1.468781
2.950430
4.725599
6.562675
7.420317
6.489134
4.294139
1.960860
0.222165
-0.515596
-0.117451
0.922337
1.603535
2.794641
4.838385
6.852449
7.251635
6.489817
4.093480
1.561145
-0.046825
-0.707503
0.232195
0.930632
1.744864
2.785589
4.685490
6.892569
7.841724
6.832644
4.498352
2.147594
0.114335
-0.690009
0.094410
1.321640
1.373161
2.323602
4.343692
6.722479
7.746523
6.979441
4.669713
2.128596
0.170261
-1.043777
-0.241276
0.893950
1.803400
2.786633
4.633596
7.251234
7.621889
6.639597
4.217438
1.547921
-0.117320
-0.320102
0.263069
1.596874
2.192787
3.151156
4.741320
6.670126
7.430054
6.418152
4.759554
2.417209
-0.145279
-0.807417
0.049942
1.008490
1.788025
3.025363
5.044821
6.761335
7.050604
5.534828
3.579443
1.896523
-0.166894
-1.170830
-0.448942
0.817671
2.047493
2.861543
4.821215
7.059431
7.310125
6.363600
4.664080
2.008734
0.442321
-0.116649
0.676180
1.325817
1.683882
2.424998
4.674558
7.128937
7.396139
6.711334
4.011669
1.224515
-1.124520
-1.433697
-0.636483
0.668369
1.207975
2.321514
4.513492
6.455061
7.296190
6.395914
4.102648
1.457309
-0.565382
-0.551765
0.283348
0.747639
1.646612
2.430056
4.189715
6.127853
6.940180
6.143797
3.867972
2.003633
-0.163460
-1.165591
-0.309685
0.836975
1.441383
2.485306
5.040142
6.895412
7.204170
6.326860
3.939533
1.778702
0.097466
-0.648690
0.550278
2.324131
2.084278
2.960917
4.479313
6.024096
7.081730
6.046721
3.358749
1.049174
-1.125793
-1.229022
-0.859582
0.639565
1.539148
2.471838
4.108789
6.062830
6.927576
5.930159
3.648191
1.243030
-0.370044
-1.134556
-0.568371
0.766714
1.273245
2.213119
4.498709
6.423014
6.936314
5.995001
4.280552
2.199729
-0.457831
-0.963089
0.050230
0.831516
1.603237
2.762156
4.863367
6.487293
7.507536
6.216675
3.955205
1.499639
-0.493167
-0.920595
-0.047367
1.063362
1.793919
2.120453
4.339860
6.594709
7.439901
6.085218
3.711905
0.999980
-0.671397
-1.763563
-0.908203
0.514620
1.411837
2.318755
3.690658
5.906660
6.813459
5.987597
3.836953
1.286773
-0.555555
-0.671166
0.141148
1.496426
2.139462
2.803179
5.031427
6.816820
7.301508
6.559450
3.824080
1.586380
-0.076576
-0.986708
-0.581847
0.936445
1.353897
1.966087
4.411040
6.306604
7.003881
6.158890
4.101155
1.097122
-0.768970
-1.706181
-0.744012
0.540958
1.834728
2.838839
4.685994
6.835871
7.337046
6.148527
4.129419
2.101345
-0.074756
-0.259417
0.066156
1.032469
2.365093
2.749553
4.716974
6.747147
7.756081
7.139000
5.038523
1.900095
-0.244890
-0.480175
-0.052834
0.904242
1.885807
2.800245
5.095930
7.088423
7.548185
6.217657
4.348091
1.838920
-0.259095
-0.883970
-0.418592
1.134483
1.733627
3.107525
5.222736
6.532881
7.194448
6.016823
3.680060
1.314298
-0.342105
-1.004891
-0.229706
0.965956
1.574701
2.217536
3.718173
6.377401
7.066687
6.626703
4.308580
1.603134
-0.381726
-1.105158
-0.470930
1.042137
1.473246
2.991589
4.651404
6.976023
7.777914
6.798014
4.518736
1.657938
-0.305936
-0.797274
-0.197035
0.810480
1.158396
2.112737
4.300956
7.068060
8.354021
6.924753
4.603660
2.031382
0.255642
-0.848181
-0.092087
1.100872
1.576183
3.033980
4.690154
6.900486
7.544357
6.632502
3.939790
1.429826
-0.642282
-1.037440
-0.541546
0.564270
1.485556
2.196286
4.308800
6.177187
6.945528
5.865400
4.081258
1.703366
-0.441067
-1.483343
-1.056615
0.291849
1.629755
2.994495
5.035822
7.044155
7.161970
5.896822
3.718272
1.150624
-0.695546
-1.213043
-1.038397
0.769503
1.528635
2.020173
4.331403
6.383318
6.785242
5.546301
3.266514
0.826145
-0.906895
-1.953627
-0.709620
0.344311
1.078696
2.120341
4.065291
6.333761
6.790461
5.731134
3.091658
0.300173
-1.271766
-1.635137
-1.594600
-0.547256
0.311769
1.438436
3.506732
5.958200
6.999393
5.943184
3.729990
1.679744
-0.379658
-0.579374
-0.634553
0.511467
1.273326
2.518780
4.523120
6.695024
6.605562
5.310625
3.160673
0.809879
-1.331648
-1.278715
-0.261164
0.663710
1.599621
2.571940
3.932692
5.634985
6.368067
5.137714
2.967753
0.024678
-1.458695
-2.240264
-1.154575
0.521757
1.145684
2.011036
3.733120
5.553862
6.487301
5.205484
3.736323
0.904391
-0.768058
-1.859355
-0.201351
0.517181
0.917561
2.579851
4.429450
6.308563
6.757269
5.720688
3.495192
1.077660
-1.267770
-1.936978
-0.818384
0.261337
0.995530
2.372931
3.981763
5.923954
6.856970
5.798018
3.157110
0.980633
-1.423441
-1.645092
-0.549428
0.972683
1.725927
2.387448
4.465439
6.081175
6.950033
6.193872
3.986910
1.592558
-0.647433
-0.880044
-0.369876
0.773655
1.655947
2.684588
4.519574
5.888578
6.474218
5.868761
3.336782
1.226056
-0.954391
-1.474084
-1.143344
0.228905
1.474463
2.745348
4.930120
6.493002
7.034418
5.967247
4.154898
1.541946
-0.662691
-1.602478
-1.035145
0.042555
1.094436
2.490173
4.275846
6.182503
7.183641
6.060453
4.040961
1.454333
-0.358275
-0.919105
-0.488807
0.657433
1.578686
2.380780
4.392758
6.052189
6.274656
5.590641
3.675585
1.762957
-0.568352
-1.302434
-0.991568
0.448143
1.569464
2.480512
4.282902
6.589148
6.866943
6.622269
4.787373
1.745694
-0.831663
-1.445940
-0.631884
0.279680
1.623675
2.846151
4.739307
6.752699
7.308397
6.378534
3.987042
0.995182
-0.954843
-1.783592
-0.783958
0.156940
1.655709
2.684987
4.474572
6.003901
7.178209
5.950848
3.577735
1.281551
-0.677837
-1.462075
-0.250030
1.105421
1.918062
2.819603
4.367595
6.381565
6.563314
5.649035
3.865732
1.278071
-0.942578
-1.545458
-0.617644
0.542690
1.562057
2.711851
4.209153
6.262407
6.667316
5.919886
4.359449
2.162325
-0.105814
-0.543818
-0.047066
1.607460
2.212307
3.123182
4.889883
6.970659
7.763826
6.831678
4.555839
1.752952
-0.040729
-0.821189
-0.267123
0.636814
1.654886
2.825892
5.085966
7.109472
7.185856
6.101015
4.069416
1.725098
-0.123772
-0.972312
-0.003603
0.716894
1.582213
3.034865
4.186147
5.969204
6.409529
5.624538
3.445601
1.066186
-0.875448
-2.078163
-0.991968
0.307190
0.908961
1.917983
3.785574
5.885221
5.975309
5.385794
2.708152
0.208849
-2.113805
-2.624336
-1.661332
-0.397899
0.308841
1.564409
3.522278
5.458467
6.184313
5.601576
2.935953
0.756083
-0.881944
-1.932495
-0.770898
0.504574
1.610865
1.802819
3.390115
5.907976
6.696659
5.619900
3.844954
1.315781
-1.035270
-2.126619
-0.849872
0.560568
1.321814
2.658769
4.389051
6.243729
6.400215
5.702295
3.699538
0.609250
-1.126672
-2.034860
-0.939623
0.180502
1.170520
2.185220
4.042036
6.096643
6.450848
5.591558
3.457720
1.180218
-0.964890
-1.884377
-0.419834
0.727081
1.071879
2.607196
4.080029
5.985043
7.091249
5.996475
3.384709
0.889304
-0.740003
-1.019278
-0.820495
0.625525
1.624898
2.182618
3.816295
5.601610
6.729170
6.024706
3.482718
0.336696
-1.482091
-1.536938
-1.191137
-0.060289
0.573396
1.847436
4.446037
6.249811
6.672186
5.469948
3.442464
0.882803
-0.704965
-1.355844
-0.560712
1.174484
1.649851
2.194414
4.052409
6.015133
6.723831
5.551329
3.839221
1.297751
-0.533156
-1.547852
-0.517451
0.939695
1.689180
2.532768
4.560446
6.624571
7.109129
6.035820
3.471919
0.846944
-0.580051
-1.387975
-0.205709
1.047129
1.082982
2.146089
4.582521
6.609921
6.374903
5.273962
3.063544
0.571545
-1.127595
-1.542109
-0.823610
0.268272
0.725440
1.490422
3.261360
5.588827
6.277323
5.701246
4.152724
1.419391
-0.917965
-1.660005
-0.483643
0.070129
1.125424
1.728453
3.653410
5.631411
6.626608
5.440794
3.157323
0.482205
-1.792719
-2.428374
-1.082825
-0.053413
0.880741
2.562430
4.357083
6.279842
6.805677
5.314764
3.264146
0.462417
-1.203034
-1.783731
-0.877233
0.159815
1.257000
1.722024
3.389681
5.052238
5.913164
4.646732
2.629114
-0.040666
-1.917224
-1.607308
-1.110633
0.242716
0.741105
1.238804
2.737706
4.803778
5.959040
5.292065
3.032817
0.695072
-1.179690
-1.477231
-0.915309
0.205128
1.058739
2.264190
3.949881
5.698561
6.352942
5.858603
3.531641
0.751201
-0.854188
-1.738939
-0.631607
0.390682
0.632603
1.730538
3.773175
5.873991
6.947733
5.925566
3.458290
1.034145
-0.580260
-1.680694
-0.996077
0.381851
1.274129
2.090825
4.432541
5.744390
6.391108
5.712568
3.566476
0.867555
-1.360756
-1.954416
-1.358871
-0.545506
0.686707
2.027021
4.209349
6.221125
6.821177
5.971369
4.043544
1.522193
-0.020647
-0.758181
-0.038614
1.021587
1.717625
2.835340
5.267252
7.426664
8.508013
7.229044
4.318485
1.637339
-0.480512
-1.150753
-0.178690
1.237415
1.734645
2.562631
5.032492
6.988821
7.464394
6.421806
3.750974
1.305456
-0.450141
-1.138889
-0.642612
1.142618
2.080280
2.885660
4.408703
6.527353
7.278399
6.145868
3.799418
1.099741
-1.083056
-1.945297
-0.940816
0.298203
0.727496
1.871659
4.181834
5.612413
6.546911
6.102766
3.739447
0.708335
-1.173864
-1.620471
-0.887719
0.281675
1.062530
1.818436
3.850561
5.866404
6.709459
5.090321
3.627214
1.131425
-1.252739
-1.923105
-0.818840
0.834045
1.081455
2.138939
3.990277
5.807209
6.220846
5.638174
3.081351
1.120290
-0.629354
-1.033669
-0.135187
1.008307
1.961933
3.161916
4.879498
6.841255
6.713705
5.869459
3.402537
0.826074
-0.555809
-0.737876
-0.618589
-0.002132
1.430039
2.533110
4.443565
6.452108
6.869883
6.239052
3.722217
1.601867
-0.354616
-0.527987
-0.461247
0.569199
1.484980
2.640058
4.724722
6.647234
7.373903
5.727432
3.805500
1.630795
-1.004948
-1.330278
-0.125729
0.439358
1.343168
2.482340
4.015511
6.043915
7.215694
6.359118
4.230724
0.965528
-0.970318
-1.248655
-0.047110
1.249210
1.972265
2.891404
4.263630
6.324196
7.009649
5.882074
3.739974
1.333490
-0.427800
-1.272130
-0.397382
1.091591
1.471600
2.106375
4.164563
6.241093
7.186064
5.989016
3.978623
1.304188
-0.510250
-2.050558
-1.496099
0.184193
1.181900
2.287477
4.444467
6.078474
6.720247
5.989042
3.824677
1.098151
-1.028423
-0.964634
-0.913155
-0.146458
0.511708
1.955412
4.162115
6.164255
6.440649
5.910692
3.636604
0.844847
-1.186801
-1.196964
-0.585978
0.425251
1.258088
1.925723
4.267636
5.907595
6.797012
5.907461
3.394940
0.243670
-1.857751
-1.881325
-1.115129
0.013355
1.025422
2.630016
4.486403
6.129374
6.725058
5.612551
2.990376
0.478154
-1.653389
-2.445564
-1.468588
0.047211
0.854162
2.299326
4.543059
6.290146
6.697927
5.409540
3.500600
0.656307
-1.431723
-1.702315
-1.095718
0.914177
1.533401
2.541799
4.247344
6.334648
7.079197
6.481493
4.008462
1.653225
-0.583158
-1.062373
-0.323224
0.942167
1.234461
1.978126
4.375227
6.345026
6.794758
5.648237
4.035546
1.616590
-0.531615
-1.355290
-0.578927
0.799242
1.618792
2.615466
4.366252
6.545732
7.247816
6.142237
3.579884
0.860955
-1.172942
-1.765898
-0.634267
0.313681
0.971778
2.629514
4.302218
6.582300
7.019243
5.795088
3.530067
1.433802
-0.399068
-1.160892
-0.825393
0.102789
1.398411
2.383578
3.903317
5.970881
6.573332
5.416037
3.984613
1.593978
-0.561839
-0.630733
-0.077053
0.851112
1.635113
2.850544
4.697203
6.873278
6.976980
6.490740
4.246253
1.491913
-0.844187
-1.000346
-0.266609
1.295963
1.546425
2.216889
4.455697
6.076475
6.752958
5.877073
3.217012
0.531325
-1.127789
-1.999223
-1.294056
0.016300
0.824524
2.361882
3.906319
5.736975
5.910299
4.741991
2.684578
0.058602
-1.585291
-2.066433
-1.441230
-0.127872
1.241835
2.540692
3.687115
5.738127
6.539013
5.291788
3.134145
0.359538
-1.517539
-1.846066
-0.939069
-0.132215
0.846762
1.968270
3.936640
5.461489
6.220638
4.864649
3.579486
0.241923
-1.187961
-1.451795
-0.885458
0.147053
0.979129
2.103541
3.889081
5.920424
6.676298
5.418102
3.359368
0.328903
-1.743490
-1.977327
-1.187201
-0.226588
0.656157
1.462591
3.383464
5.921597
6.548037
4.766104
3.012132
0.414466
-1.905807
-2.255933
-0.930120
-0.150112
0.741470
1.627321
3.866099
5.476648
6.409101
5.560034
3.439844
0.861517
-1.295095
-2.082204
-1.185894
0.023588
0.378575
1.948534
3.941152
5.466003
6.313971
5.137268
3.396569
1.201372
-0.699560
-1.933662
-1.274830
-0.031250
0.706621
1.985628
4.286013
6.701082
7.303404
5.772982
3.186071
0.807799
-1.268337
-2.263569
-1.142181
0.140768
1.117389
2.186559
4.218967
6.349195
6.912256
6.382708
3.829415
1.155576
-0.821484
-1.774652
-0.674701
0.438194
0.902969
1.667521
3.788016
6.185446
7.229227
6.593573
3.912637
1.650158
-0.244606
-1.114694
0.320072
1.560425
1.278586
2.315865
4.653208
6.717592
7.351522
6.519403
4.173928
1.941988
-0.248202
-0.759751
-0.320070
0.726616
1.706418
2.545707
4.950941
6.899015
7.423674
6.068686
3.882122
1.174724
-0.838187
-1.365969
-1.114204
0.644506
1.604393
2.451471
4.247929
5.992033
6.847559
5.702894
3.844499
0.885478
-1.149467
-1.854489
-1.150805
0.219473
0.854458
2.296940
4.437799
5.907660
6.781076
5.959669
3.591287
1.460063
-0.521034
-1.694390
-0.796411
0.173912
0.825953
2.522251
4.164079
6.206980
6.877974
6.038311
3.401542
0.661061
-0.833288
-1.407126
-0.753692
0.055832
1.037069
2.554904
4.823162
6.827671
6.760345
5.978844
3.446040
1.027716
-1.059273
-1.520239
0.003734
0.331121
1.122778
2.754967
4.493469
6.650549
6.929026
5.934095
3.602617
0.443683
-1.378728
-1.762021
-0.698652
-0.051344
0.459904
1.921718
3.448408
5.146681
6.078856
5.502455
3.180531
0.313976
-1.821256
-2.324051
-1.710523
0.147583
0.556641
1.528609
3.458471
5.427547
5.610365
4.906401
2.359472
0.158440
-2.078781
-2.934815
-1.987626
-1.240335
-0.550473
0.881207
3.253459
4.892824
6.236513
4.836828
3.035228
0.196095
-1.347120
-2.373868
-0.862576
0.071985
0.774351
1.978721
4.094255
5.781677
6.341963
5.738394
3.054765
0.348467
-1.645001
-1.808555
-1.182670
0.676317
1.033845
2.003563
4.239731
6.222126
6.434149
5.132019
3.948768
1.058715
-1.253430
-2.194782
-1.172352
0.666302
0.680665
1.799929
4.262260
6.316320
6.974663
5.815016
3.490844
1.196859
-1.000407
-1.475005
-0.512381
0.615803
1.113003
1.817855
3.628837
5.743673
6.854544
6.278513
3.845283
1.093243
-0.912883
-0.890941
-0.813547
0.787853
1.170694
1.899323
3.882912
6.319433
6.988636
6.429922
3.943936
0.934227
-1.224333
-1.543608
-1.023030
0.055520
1.432200
2.263450
4.147949
6.465540
7.183554
5.398323
2.833814
0.439727
-1.268764
-2.127262
-1.152796
0.272163
1.015800
1.992929
4.247276
6.150877
6.726526
6.180687
3.673033
1.533488
-0.949191
-2.238060
-0.798465
0.605629
1.613276
2.437732
4.982519
7.271723
7.210733
5.979471
3.362159
0.522159
-1.253128
-1.773547
-0.857195
0.276022
1.168510
1.907171
3.719828
5.789402
6.466761
5.133856
3.018007
0.852149
-1.218429
-2.424095
-1.420831
0.114698
1.330218
2.175904
4.089375
6.143602
6.742990
5.943052
4.213586
1.413649
-0.609089
-1.463297
-1.308399
-0.214187
0.552872
2.061758
4.245582
5.940849
6.881695
5.982534
3.600313
0.582114
-0.872758
-1.113852
0.005768
0.471724
1.112823
2.213702
4.297434
5.922880
7.074949
5.962950
3.502819
0.766725
-1.208367
-2.018616
-1.330385
-0.391492
1.074787
2.943563
4.506315
6.061359
6.820463
5.484287
3.134201
0.627679
-1.138429
-1.873080
-1.052300
0.308779
1.290734
1.708926
3.711144
5.845322
6.597689
5.869139
3.482367
0.554276
-1.700396
-2.083506
-1.066088
-0.153671
0.748839
2.244338
4.316792
6.194918
6.908773
5.684969
3.446510
1.109028
-0.821797
-1.638293
-1.149394
0.130417
0.966435
2.274225
4.065782
5.919367
7.200708
5.486408
3.399026
0.399770
-1.778472
-2.132525
-1.733391
-0.420077
0.408198
1.613382
3.471159
5.624666
6.350931
5.293169
2.997252
0.026018
-1.818575
-2.046780
-1.463131
-0.167789
0.305100
1.387160
3.704433
5.452188
6.004511
5.243147
3.311347
0.750118
-1.566861
-2.350092
-1.188578
0.144091
0.882833
2.321114
3.623813
5.448591
6.284788
5.228205
2.929618
0.563990
-0.955949
-2.273313
-1.589737
-0.363998
0.499236
1.769300
3.666096
5.915466
6.655138
5.268087
3.167737
0.430696
-1.773811
-1.788610
-0.702267
0.109093
0.862919
2.259930
4.204048
6.764061
6.920694
5.590368
3.386044
0.648030
-1.266456
-1.785142
-0.264044
0.970581
1.004562
2.088604
3.826732
5.205267
6.536100
5.794649
3.258446
0.484453
-1.858939
-2.480536
-1.937503
-0.149083
0.803183
2.047256
3.887398
5.971243
7.178961
5.987238
3.473768
0.519589
-1.193694
-1.860795
-1.287192
-0.324712
0.575429
1.707500
3.847804
6.128607
6.772631
5.582354
3.480278
0.568661
-1.336519
-2.325438
-1.590609
-0.786965
0.019804
1.982389
3.931172
6.119677
7.045630
5.709841
3.170689
0.761661
-1.056956
-1.267163
-0.685198
1.225580
1.216599
2.098539
4.130270
6.253782
6.880178
5.729040
3.739491
0.922874
-1.485664
-1.977612
-1.298193
0.132069
1.239625
2.488220
3.986868
5.456697
6.929125
6.101650
3.080118
0.261107
-1.704086
-2.289779
-1.103488
-0.098798
0.868315
1.919127
4.057872
5.392065
5.998203
5.076063
2.904882
0.208344
-1.851776
-1.922870
-0.871926
0.513737
0.649776
1.345119
3.510220
5.545485
6.274616
5.626951
3.529488
0.653341
-1.337849
-2.294436
-1.056580
0.326756
0.984620
2.296373
4.076776
5.819391
6.440248
5.679979
3.390221
1.034555
-0.828302
-1.638511
-0.784451
0.850367
1.553392
2.169055
4.017078
5.842623
6.363625
6.090960
3.530212
0.225922
-1.799229
-2.154012
-1.092006
-0.014578
1.210024
2.045581
3.343251
5.307493
6.180811
5.199982
2.895035
0.698495
-1.466391
-2.243225
-1.438347
-0.184829
0.094700
1.348459
3.203977
5.102839
6.726332
5.535933
3.282732
0.897766
-1.189494
-1.673622
-0.696845
-0.275567
0.721889
1.794396
4.190850
6.207697
6.730082
5.881922
3.808182
1.327562
-0.916139
-1.365501
-0.839544
0.450663
1.443960
2.330524
4.202431
6.465332
7.385752
6.236771
3.723480
0.879944
-1.238467
-1.745945
-1.535966
-0.189064
0.571786
2.096359
4.802824
6.929211
7.148512
5.693838
3.397500
0.639479
-1.622688
-2.207485
-1.664112
-0.636202
0.863171
2.119478
3.890190
5.770910
6.441269
5.596682
3.337570
0.490410
-1.183487
-1.689191
-0.757292
0.458494
1.081632
1.679499
3.675066
5.992334
6.613201
5.419085
3.250559
0.316262
-1.385798
-1.870390
-0.784790
0.758436
1.674742
2.486227
3.649994
5.325935
6.030441
5.246099
3.161090
0.876866
-1.192883
-1.487785
-1.031884
0.293695
1.244020
1.572165
3.621908
5.931988
6.556391
5.899393
3.496434
1.275978
-0.941381
-1.400282
-0.655787
0.527603
1.057653
2.423847
3.846206
5.822184
6.589388
5.904964
3.839816
1.171923
-0.540606
-1.837457
-1.368845
0.415087
0.915001
1.803754
4.021438
6.176798
6.665443
5.693750
2.977764
0.141968
-1.805704
-2.399147
-1.868867
-0.309592
0.194406
1.465646
3.858659
5.996180
5.920223
5.023767
2.745206
0.333987
-2.071329
-2.784085
-1.958111
-0.330237
0.746112
1.532966
3.716103
5.172426
6.036251
5.384108
2.903570
0.051760
-1.655008
-2.591362
-1.944635
-0.368570
0.421610
1.398978
3.265705
5.520620
5.715816
4.899313
2.529245
0.602338
-0.832327
-0.973967
-1.056955
0.396544
1.067084
2.231121
3.874313
6.031622
7.059031
5.863531
3.533820
0.819190
-1.346869
-1.619376
-0.569505
0.348560
1.163089
2.113154
4.423476
5.915590
6.533531
5.422472
2.944141
0.444314
-1.535955
-1.952091
-1.563187
0.225893
1.572303
2.386902
3.558715
5.677954
6.494566
5.477552
3.157726
0.643516
-1.280008
-1.674680
-1.378578
-0.079893
0.739057
1.457158
4.005357
5.933491
6.603447
5.590727
4.081645
1.413276
-0.633257
-1.357984
-0.540962
0.876791
1.637550
2.792745
4.719051
6.757826
7.218748
5.746683
3.584387
0.371843
-1.851819
-2.048195
-1.139388
0.226240
0.732522
2.011094
3.603900
5.659693
6.565763
5.763817
3.639604
0.578072
-1.633658
-2.498961
-1.913444
-0.206403
0.831513
1.496840
3.789377
6.182871
6.882069
5.841881
3.900478
1.330103
-1.034044
-1.696310
-1.512180
-0.165517
0.848083
1.962177
3.901474
6.242476
7.357561
6.119059
4.008192
0.664039
-1.084823
-1.047779
-0.880415
0.553009
1.183451
2.743165
4.509545
7.283205
7.349607
6.183336
3.875523
0.902596
-1.028638
-1.270455
-0.569588
0.275642
1.329023
2.713738
4.117639
6.049429
6.550959
5.748861
3.302462
1.278238
-0.702743
-1.124471
-0.902431
0.316782
0.708811
1.613136
3.713367
5.773556
6.698204
5.200983
2.930633
0.757555
-1.458359
-2.125683
-1.152453
0.224207
0.783779
2.083692
4.173491
5.855190
