6.356836
5.362928
3.347875
0.342580
-1.938023
-2.534646
-1.960452
-0.661130
0.295535
1.223952
3.093679
5.402521
6.371698
5.128448
3.011096
0.405478
-1.603263
-2.945619
-1.663783
-0.624802
0.458678
1.900839
3.650271
5.515091
6.659018
5.567314
3.610176
0.178134
-2.287234
-3.325775
-2.867590
-0.971605
0.532822
1.635400
4.058182
5.884268
6.376150
5.843395
3.476068
0.601322
-1.493682
-2.475720
-2.145598
-0.334568
1.295944
2.196198
4.122573
6.159950
6.846979
5.753244
3.523240
0.868330
-2.086407
-2.821319
-1.524879
-0.055012
0.722058
1.995750
4.085742
6.373602
6.939058
5.950277
3.529963
0.878199
-1.250195
-1.633306
-0.927778
0.104323
0.979288
2.185332
4.152219
6.432386
7.437002
6.091352
3.630457
0.277970
-2.001687
-2.682480
-2.610018
-0.813372
0.188192
1.332984
3.711658
5.608673
6.449076
5.510052
2.892506
0.503781
-1.854388
-2.319307
-2.060702
-0.890381
0.139965
1.691092
3.791671
5.923933
6.518663
5.638323
4.029917
1.126657
-1.394778
-2.610187
-1.689391
-0.355321
1.075684
1.806157
4.126027
6.235628
7.070173
6.276978
3.624066
0.398606
-1.922893
-3.033762
-1.884184
-0.652405
0.359775
1.759661
3.692497
5.513338
6.124907
5.065757
2.728963
0.287092
-1.999261
-3.192628
-2.729152
-1.300917
0.110517
1.630054
3.565040
5.628046
6.120764
5.133776
2.716806
-0.451784
-2.344338
-2.947380
-2.137301
-0.938444
-0.056492
1.206602
2.941948
5.489079
6.511198
5.168852
2.854877
-0.672572
-2.629891
-3.140718
-2.178203
-0.616977
0.486038
1.692192
3.256126
5.694201
6.614807
5.510492
2.810349
0.643103
-1.300156
-1.590748
-0.367208
0.626568
1.136909
2.343806
4.085537
6.336342
7.001875
5.431986
3.808511
1.216776
-1.127782
-1.585114
-0.811909
0.575706
1.217322
2.251683
4.181513
6.700071
7.484652
6.152260
3.503199
0.956983
-1.214681
-2.093280
-1.191119
0.225038
0.964550
1.990680
4.068368
6.234735
7.149977
5.604624
3.174270
0.193972
-1.751316
-3.164720
-2.467334
-1.056742
0.419271
1.474423
3.768051
5.817955
6.329390
5.402201
2.933572
0.741109
-1.614744
-2.906398
-2.660629
-1.077818
-0.112799
0.803321
3.226399
5.923483
6.192062
5.510218
2.826587
0.109711
-2.284075
-2.498663
-1.920056
-0.742740
0.093332
1.371367
3.488908
5.940199
6.771254
5.812338
3.687201
1.004601
-1.660778
-2.045527
-0.876340
-0.042847
1.408606
2.424377
3.941681
6.134708
7.028765
6.076487
3.312963
0.502406
-1.417428
-1.985636
-1.124063
0.062481
0.968897
2.638372
4.477904
6.264338
6.860916
5.699621
3.320718
0.917877
-1.307277
-1.937766
-1.127545
0.263847
1.449119
3.063115
4.378778
6.419527
6.712170
5.882441
3.531517
0.904183
-1.304971
-1.480128
-0.609897
0.557341
1.342546
2.385952
3.896909
5.586065
6.396063
4.722660
2.452612
0.191648
-2.129835
-3.212494
-1.992204
-0.916789
-0.034049
1.059678
3.122235
5.025908
6.016081
5.132980
2.633445
0.006809
-2.375592
-3.405365
-1.885773
-0.556463
0.313141
1.710979
3.515393
5.529600
6.370836
5.307878
2.435816
-0.039723
-1.781755
-2.699574
-1.818003
-0.272913
0.328197
1.196454
3.355694
5.145212
6.058525
4.852395
2.503062
-0.364799
-1.646000
-2.135967
-1.417948
0.613413
0.883223
1.927787
3.981970
5.789602
6.423937
5.031506
2.350199
-0.150852
-2.111016
-2.888212
-1.849940
-0.462047
0.189745
1.129476
2.738530
4.901918
5.178738
3.892078
1.764354
-0.331088
-2.817215
-3.591125
-3.178057
-1.675482
-0.481071
0.608265
2.303946
4.760643
5.394897
4.464096
1.917574
-0.661001
-2.640136
-3.187924
-2.173368
-0.571955
0.639902
1.653454
3.224623
5.090825
5.874348
4.789336
2.048808
-1.006278
-3.200233
-3.381488
-2.956836
-1.352433
0.260324
0.439197
2.088002
4.103536
4.877587
4.263576
2.035346
-0.683646
-3.030895
-3.881235
-3.103334
-1.373319
-0.807513
-0.060293
2.012900
4.315259
5.275503
3.798581
1.988503
-0.427283
-2.592152
-3.137878
-2.632157
-1.386466
-0.366451
0.751464
2.928806
4.786096
5.763626
4.434149
2.318136
-0.378200
-2.324085
-2.826060
-0.909957
0.897837
0.907531
1.624999
3.018176
5.277830
5.892036
4.654007
2.102425
-0.740772
-2.596152
-2.970583
-2.412487
-1.155685
-0.467458
0.536337
2.462937
4.718018
4.723103
3.983800
1.925531
-0.782126
-2.672226
-2.948158
-1.817637
-0.983851
0.359202
1.338725
2.830285
4.684662
5.421926
4.879695
2.961705
0.395963
-1.950339
-2.509535
-1.456604
-0.264457
0.935115
2.072463
3.811932
5.342009
5.621748
4.609197
2.376113
-0.105792
-2.232508
-2.378585
-1.677764
-0.536772
0.442134
1.466483
3.399423
4.918049
5.986025
4.473301
1.868237
-0.677428
-2.006302
-2.113001
-1.582314
0.270561
0.954947
1.538133
2.463556
4.631532
5.392410
4.913887
2.977510
0.221692
-2.378146
-2.468923
-1.513458
-0.301439
0.279836
1.079656
2.319731
4.539378
5.106214
4.305503
1.757603
-0.553835
-2.600474
-2.890002
-1.946478
-0.548037
0.537590
1.153985
2.756831
5.025714
6.162590
5.091414
3.266708
0.486260
-1.974857
-2.358700
-1.271488
-0.174635
0.323542
1.698686
3.328530
4.753022
5.862188
4.643246
2.473555
-0.212596
-2.767161
-3.362012
-3.000215
-1.662372
-0.321768
0.828383
2.534648
4.885656
5.595251
5.278807
2.708400
0.039896
-2.061943
-2.144809
-1.591589
-0.702046
0.869048
1.632106
2.857120
4.802938
5.716494
4.766698
3.125825
0.282959
-1.983699
-3.536730
-2.216004
-1.002720
0.278465
1.749660
3.269734
5.284567
6.009943
5.575891
3.055763
-0.072335
-2.344151
-2.606773
-1.686123
-0.248384
0.472311
1.560451
3.354614
4.968310
5.403505
4.748750
2.100358
-0.822155
-2.844529
-3.285326
-1.413687
-0.173943
0.541950
1.331507
3.027969
4.542990
5.054918
4.292736
1.914682
-0.593225
-2.306168
-3.265644
-2.767375
-1.347816
0.354132
1.607993
3.725526
4.993275
5.222170
3.615977
1.213667
-1.300883
-3.036921
-3.981217
-3.082753
-1.493096
-0.437003
0.640093
1.930404
4.058660
5.323263
3.926543
2.039917
-0.824409
-3.162137
-3.830738
-2.525081
-1.487922
-0.681734
0.135008
2.041344
3.315918
4.854321
4.071774
1.980361
-0.960450
-2.903380
-3.411206
-2.490554
-0.934013
-0.406894
0.937359
2.523944
4.492267
5.602350
4.469500
1.910456
-0.722003
-2.641500
-3.751037
-2.577394
-1.432034
-0.178516
0.729243
2.311848
3.799730
4.695112
3.793448
1.229289
-1.658242
-3.719727
-4.217860
-2.965833
-1.724463
-0.627571
0.184981
1.553256
2.924816
3.742078
3.041382
1.047331
-1.440230
-3.396629
-3.817680
-3.070739
-1.279663
-0.290264
0.199965
1.417214
3.931176
4.673007
4.095414
2.043768
-0.817084
-3.337105
-3.891490
-2.528061
-1.538668
-0.132054
0.212696
2.179465
3.807217
4.776916
4.184960
1.663445
-1.068732
-3.240254
-3.332463
-2.285706
-0.583038
-0.778773
0.519648
2.366052
4.475753
5.023295
4.029830
1.791500
-1.014131
-2.393351
-3.315046
-2.546513
-0.279318
0.399101
0.758169
2.694742
4.405117
5.034297
4.367054
1.849808
-1.100240
-3.117170
-3.905272
-2.963012
-1.001287
-0.062045
0.657885
1.966196
3.865413
5.072389
4.261978
2.925561
-0.483762
-2.176430
-2.577721
-2.041053
-0.747616
-0.137394
0.698002
2.495693
4.164530
5.537050
4.319394
1.906764
-1.198734
-3.051621
-3.562037
-2.652312
-1.035965
-0.186200
1.013772
2.192268
4.082513
5.241014
3.512059
1.111144
-1.394398
-3.538609
-4.019078
-2.941182
-1.715686
-0.851604
-0.116875
1.663505
3.289636
3.647398
2.926189
0.792773
-1.766817
-3.499954
-4.068083
-3.174257
-2.270521
-1.327757
-0.301397
1.579576
2.440067
3.515872
2.709385
1.065202
-1.728762
-3.703074
-4.128166
-4.065000
-2.609065
-1.128037
-0.405000
1.421639
3.065319
3.636349
2.848676
0.998315
-1.171251
-3.397470
-3.936939
-3.550879
-1.897244
-0.538628
0.239429
1.993439
4.294486
5.008918
4.051528
1.590188
-0.743093
-2.483290
-2.933346
-1.923988
-0.271200
0.297000
1.163372
2.210415
3.792514
4.688089
3.350075
1.442299
-1.264856
-3.226186
-3.168313
-2.334414
-1.033249
-0.390221
0.034961
1.496916
3.244262
4.662779
4.267373
2.073001
-0.920582
-2.192298
-3.261178
-1.926603
-0.627773
-0.084676
0.392777
2.470450
4.447695
5.376616
3.985096
1.468579
-0.875020
-2.991510
-3.802752
-3.036568
-1.352784
-0.266560
0.773927
2.569902
5.142479
4.738072
3.632779
1.404659
-1.291926
-3.570107
-4.304435
-3.490894
-1.730295
-0.860049
-0.237539
1.470373
2.746816
3.676303
2.606695
0.955277
-1.645242
-3.481677
-3.675207
-2.673447
-1.345030
-0.748978
-0.163918
1.148551
2.692125
2.906330
2.320343
0.473571
-1.965965
-4.088080
-4.536306
-3.594594
-1.882874
-1.301881
-0.469543
1.269150
3.521063
4.722978
3.079339
1.063883
-1.553945
-3.373477
-4.318328
-2.651414
-1.318527
-0.534990
0.230224
1.620928
3.401536
3.981733
3.334786
1.060115
-1.931480
-4.170799
-4.467293
-2.681122
-1.700930
-0.646463
0.038085
1.310058
2.969731
3.374398
3.088473
1.222853
-1.477587
-2.916507
-3.181104
-2.600398
-1.568935
-0.131622
0.566964
2.000694
3.694894
4.476601
3.115094
0.762881
-2.234097
-3.723822
-4.182398
-2.705847
-1.534704
-1.010597
-0.262733
1.568060
3.443966
3.691061
2.853342
0.469641
-2.275326
-3.948909
-3.690156
-2.906534
-1.846344
-0.284433
-0.304054
1.399254
3.440636
4.600861
3.237598
0.949254
-1.832800
-3.414329
-4.217770
-3.460542
-2.195184
-0.820926
-0.164726
1.895339
3.337432
4.269630
3.575617
1.344898
-1.446033
-2.999096
-4.096350
-3.705801
-2.271042
-0.328415
-0.085256
1.603462
3.628437
4.110202
3.592496
1.663525
-0.937926
-2.942118
-3.224918
-2.870345
-1.516352
-0.021036
0.695134
2.490394
4.120175
4.509439
3.244123
1.522472
-1.618064
-3.744565
-4.266120
-2.977219
-1.486362
-0.415500
0.288702
1.862709
3.768190
4.475551
3.257254
0.985157
-1.375813
-3.185078
-3.486145
-2.565196
-0.610498
-0.198067
0.184176
1.664415
3.070660
3.695844
3.142429
0.471626
-1.906744
-3.340937
-3.413442
-2.340282
-1.213003
0.281740
0.302366
1.485572
3.289460
4.371811
3.419134
1.067483
-1.549031
-3.484473
-4.270938
-3.265102
-1.652309
-0.911791
-0.390269
1.257990
3.165042
3.905810
2.917887
0.786979
-1.619767
-3.725873
-3.964788
-3.436121
-1.567781
-0.245794
0.789100
1.733082
2.854916
3.252423
2.361735
-0.063087
-2.658280
-4.520741
-5.086162
-4.346209
-2.530729
-0.970983
-0.451380
0.748042
2.264318
3.046024
2.352064
0.700807
-2.243843
-4.534116
-4.939801
-3.697161
-2.044380
-0.677835
0.087653
1.195673
2.210769
3.648231
2.126243
-0.240066
-2.386782
-3.859246
-4.931852
-3.551129
-2.045717
-1.253435
-0.530347
1.288260
2.922387
3.107634
1.957392
0.294332
-1.948224
-4.233315
-5.424155
-4.138796
-2.026882
-1.156142
-0.262637
1.329881
3.212655
3.425942
2.343913
0.134382
-2.226477
-3.722255
-4.908825
-3.797942
-1.976990
-1.090561
-0.620410
1.224638
2.992699
3.880563
2.876789
0.422601
-1.709278
-3.942396
-4.678954
-3.004583
-1.721228
-0.916773
-0.874518
0.500561
2.943621
3.601027
2.851727
0.878580
-1.588592
-3.902070
-4.367832
-3.730471
-1.778980
-0.598949
-0.094954
0.696978
2.646016
3.203042
1.513345
-0.114157
-3.025716
-4.949717
-5.254308
-3.920004
-2.469111
-0.902546
-0.396701
0.801077
2.409416
2.318226
1.814216
-0.508372
-2.937887
-4.730936
-4.689267
-4.051905
-1.658241
-0.710552
-0.501487
0.649978
2.217962
3.182234
2.361188
0.119495
-2.643107
-4.583913
-4.795470
-3.596835
-1.655197
-1.078780
-0.778256
0.980797
1.960292
2.489748
1.201633
-0.783117
-3.350829
-4.616502
-4.550155
-3.497321
-1.432163
-0.734711
-0.174676
0.659816
2.367793
2.819639
2.339602
0.139926
-1.969310
-4.018694
-5.159536
-4.302882
-2.163654
-1.332882
-0.466482
1.012834
2.584837
3.061017
2.065703
0.297809
-2.314885
-3.986013
-5.046191
-3.703194
-1.850443
-0.820929
-0.138094
1.236250
2.629191
3.234266
2.290795
0.047499
-2.429551
-3.943917
-3.876232
-2.796856
-0.893862
-0.110867
0.746038
1.653172
2.728798
2.781513
1.971844
-0.023742
-2.551732
-4.240191
-5.001189
-3.278485
-1.595957
-0.313587
0.134740
0.826155
2.020331
2.143338
1.590202
-0.537788
-2.767141
-4.310282
-4.660094
-3.600044
-2.023554
-0.989902
-0.219216
0.773928
2.540003
2.703233
1.513799
-0.514457
-2.924783
-4.922503
-5.180075
-3.732454
-1.823105
-1.219901
-0.856599
0.710513
2.129316
2.688674
2.049541
0.004441
-2.891314
-4.428140
-4.880221
-4.021624
-2.031500
-1.254167
-0.182863
0.659337
1.545185
1.696977
0.559285
-1.252707
-2.944335
-4.764816
-5.413978
-4.186234
-2.731890
-1.597749
-0.988909
0.484314
2.038497
2.458846
1.379106
-0.789518
-3.331936
-5.533364
-5.907995
-4.427837
-2.528080
-1.722294
-0.722024
0.855924
3.010369
2.480843
1.350422
-1.095233
-3.440333
-5.223780
-5.660098
-4.586653
-2.942165
-1.498128
-0.794000
0.244046
1.516604
1.655446
0.590080
-1.330944
-3.553304
-4.871250
-5.316428
-3.772542
-2.605745
-1.839659
-0.946400
-0.059120
1.343467
2.031662
1.267575
-0.938955
-3.260254
-4.841446
-4.891376
-3.750485
-1.454370
-1.028976
-0.506781
0.427328
1.174466
1.472711
0.632324
-1.250000
-3.522788
-5.118099
-5.033233
-4.195851
-2.860641
-1.719244
-0.744624
0.075891
1.847663
2.512702
1.485124
-0.651273
-3.134724
-4.837884
-5.251093
-4.224390
-2.346098
-1.248545
-1.085145
0.365698
1.745412
2.019798
1.122359
-1.382465
-3.236855
-5.124446
-5.670542
-3.862094
-2.025177
-1.000641
-0.321802
0.618314
2.294662
2.219087
1.336598
-0.641787
-2.958144
-4.583053
-5.341502
-4.284379
-1.898241
-0.526812
-0.552625
0.697515
1.707033
2.311537
1.729461
-0.416982
-2.886214
-4.475087
-5.047540
-3.923333
-2.107101
-1.274006
0.042352
0.725461
1.855928
1.700092
1.050756
-0.744494
-2.869553
-4.500520
-4.700729
-3.457590
-1.514133
-0.483526
-0.412655
0.453674
1.965328
1.981729
1.617815
-0.340030
-2.887882
-4.326283
-4.646999
-4.033029
-2.291088
-1.079187
-0.161658
1.525303
3.167703
2.712777
1.589903
-0.665262
-3.065809
-4.599469
-4.348194
-3.415124
-1.967447
-0.917744
-0.412718
0.452481
1.589619
2.105732
1.103345
-1.309579
-3.354600
-4.717853
-5.461146
-4.496113
-3.051119
-1.339483
-0.649867
0.278867
1.262932
1.532294
0.805766
-0.482752
-2.606716
-3.632925
-4.006519
-2.326191
-0.987757
0.397774
0.807459
1.253763
2.479055
3.053355
1.884147
-0.596147
-2.956662
-4.624282
-4.532199
-3.626326
-1.899942
-1.012972
-0.414595
0.778113
2.352411
2.319763
1.185722
-1.062029
-3.625089
-5.069603
-5.336030
-4.388851
-2.060673
-1.221111
-0.207851
0.523675
1.611187
1.551855
1.068572
-1.082040
-3.111575
-4.428324
-4.944637
-3.630716
-2.024429
-0.682158
-0.346978
0.505172
2.137021
2.843687
0.979300
-1.184779
-3.800396
-5.482109
-5.924244
-4.567712
-2.175316
-1.409235
-0.370959
0.982978
1.654593
1.688801
0.224870
-1.605426
-3.955772
-6.012859
-6.039629
-4.056931
-1.865662
-0.779181
-0.987667
0.134613
1.216048
1.162519
0.347200
-1.610672
-4.035522
-5.348767
-5.554826
-4.457445
-2.573198
-1.273624
-1.400077
-0.444743
0.837017
1.519594
0.514160
-1.045977
-3.550376
-4.961823
-5.307281
-4.460010
-2.798323
-1.410120
-0.709743
-0.113297
1.136603
1.636033
0.354460
-1.881263
-4.410295
-5.840976
-5.686161
-4.918674
-3.356293
-2.052279
-1.320065
-0.537822
0.457064
0.966585
-0.360221
-2.147129
-4.371036
-5.297105
-5.011580
-3.918850
-2.275486
-1.761982
-1.226507
-0.492862
0.839489
1.056546
0.301257
-1.568576
-3.631632
-5.015548
-5.243599
-3.822495
-2.347227
-1.523722
-0.535774
0.495840
1.199441
1.109237
0.115133
-2.270728
-4.186287
-5.509276
-5.568624
-4.479810
-2.752319
-1.485750
-0.578166
0.744079
1.790344
1.919971
1.030117
-0.596533
-2.972013
-4.694934
-4.675217
-3.919912
-2.135937
-1.005634
-0.949496
0.006279
1.114997
1.601555
0.957498
-1.359078
-4.007443
-5.791526
-5.780952
-4.670984
-2.488676
-1.325153
-1.065775
-0.279177
0.695546
1.128056
-0.055025
-2.316097
-4.920036
-6.529515
-6.883225
-5.465776
-3.069948
-2.156067
-1.562552
-0.684042
0.768755
0.794076
-0.384969
-2.183035
-4.437921
-6.511166
-6.627983
-4.383270
-2.600990
-1.448360
-1.263024
-0.421530
0.524575
0.947042
0.235760
-1.520899
-3.608448
-4.684577
-4.526932
-3.856403
-2.404814
-0.905531
-0.392761
0.746631
1.827503
2.434243
1.152146
-1.056686
-3.462594
-5.083562
-5.618413
-3.532681
-1.492413
-0.757998
-1.007353
0.318847
1.266208
1.403018
0.600224
-1.209106
-3.605382
-4.828420
-4.840025
-3.736860
-1.640879
-0.942635
-1.482055
-0.046255
0.851570
1.003569
-0.083356
-1.526175
-4.401670
-6.017361
-5.839370
-4.015013
-2.956627
-1.549099
-0.840079
0.125968
0.903257
0.737631
-0.308364
-1.940491
-4.372599
-5.853217
-6.361650
-5.127143
-3.283100
-1.787624
-1.083290
-0.023742
1.432601
1.254343
-0.447620
-2.275003
-4.923124
-6.491920
-7.178388
-5.632609
-3.672384
-2.433456
-1.862329
-1.155076
0.068991
0.351293
-0.606016
-2.744492
-5.193514
-6.231929
-6.458121
-5.272451
-3.479589
-2.010651
-1.224062
-0.890628
-0.241677
0.168729
-0.399593
-3.014475
-5.362106
-7.490585
-7.367562
-5.682165
-3.938055
-3.037080
-2.510736
-0.767920
0.278503
0.383972
-0.896569
-2.743096
-5.176039
-6.519527
-6.846740
-5.531635
-3.560062
-1.391066
-1.327813
-0.756915
0.763433
0.428926
-0.843272
-2.873521
-5.001598
-6.393523
-6.115132
-4.979748
-3.474476
-1.738909
-1.124597
-0.422277
0.396187
-0.142377
-0.868937
-2.905008
-5.306591
-6.800701
-6.041683
-4.650528
-3.665430
-2.682926
-1.667873
-0.708169
-0.142856
0.140882
-0.794444
-2.637230
-4.596003
-5.734521
-5.875886
-5.276009
-2.587177
-1.586628
-0.939838
-0.004861
1.723045
2.082133
0.335238
-1.660131
-3.805313
-5.177099
-5.619777
-4.394382
-2.242504
-0.732651
-0.579303
0.365260
1.394194
0.971777
-0.387277
-2.023985
-4.388466
-5.974215
-5.860370
-4.981135
-3.049032
-1.962126
-1.413708
-0.066968
0.296211
0.490744
-0.607693
-2.594436
-4.441460
-5.785730
-6.268950
-5.184375
-3.635571
-2.087774
-1.269777
-0.141732
0.289196
-0.196518
-1.036828
-3.206860
-5.173636
-6.438374
-6.487937
-5.432488
-3.949986
-2.719921
-1.816114
-0.792987
-0.033624
-0.042386
-1.175189
-3.003548
-4.961464
-6.597485
-6.352177
-5.101137
-2.547684
-1.955051
-1.460475
-0.237500
0.737393
0.590837
-0.539937
-2.344803
-4.621551
-5.962622
-6.601151
-5.736274
-3.718550
-2.377209
-0.812407
0.499586
1.028733
0.612589
-0.562217
-2.989411
-5.156198
-6.959979
-6.322621
-5.112650
-3.660017
-2.050503
-1.741183
-0.586145
0.405121
0.333230
-0.438893
-2.289920
-4.521334
-5.627195
-5.269404
-3.800467
-3.023289
-1.962391
-1.310757
-0.181917
0.975122
0.587794
-0.600019
-2.995892
-5.691975
-7.217023
-6.776615
-5.955008
-3.797913
-2.558802
-2.075924
-1.223854
-0.222722
-0.412301
-1.484577
-3.462634
-5.637486
-7.484876
-7.975058
-6.711843
-4.400780
-2.989169
-2.091022
-1.140953
-0.897177
-0.898919
-1.391854
-3.297063
-5.223460
-7.051030
-6.716812
-5.301979
-3.559443
-2.581470
-2.038651
-0.798620
0.068851
0.221039
-0.859492
-3.160379
-5.470761
-6.839040
-7.104599
-5.940816
-3.591553
-2.721996
-1.482970
-0.938026
-0.187868
0.041374
-1.634275
-3.741117
-6.152187
-7.191009
-7.336995
-5.817826
-4.246126
-2.683283
-2.041775
-0.865973
-0.071580
-0.240526
-0.794603
-2.870481
-4.975466
-6.521684
-7.101401
-5.640707
-3.954231
-2.781457
-1.559319
-0.328066
1.032864
0.657437
-0.479640
-3.080255
-5.559365
-7.161507
-7.437824
-5.971654
-2.980177
-1.823156
-1.413876
-0.580913
0.333312
0.447686
-0.846798
-2.865716
-4.880319
-6.310866
-6.209361
-5.662780
-3.889479
-2.444935
-1.820171
-0.617426
-0.040873
0.127310
-0.589876
-2.450529
-4.519590
-6.397290
-6.426777
-5.413326
-3.210649
-1.840248
-1.143438
-0.631514
0.967967
0.893095
-0.429195
-2.754099
-4.906124
-6.681841
-7.123200
-5.505777
-3.593500
-2.704563
-1.463490
-0.802691
0.849933
1.271222
-0.150681
-2.449268
-5.234982
-6.879245
-7.502959
-5.985964
-3.448997
-2.475636
-1.921988
-1.325546
-0.019388
-0.112559
-1.193403
-2.692169
-5.517832
-7.059518
-6.884731
-5.008463
-3.692801
-3.423042
-2.362470
-0.985659
-0.453900
-0.289410
-1.137622
-2.951539
-4.835386
-6.516800
-6.443034
-5.257060
-3.310301
-2.729024
-1.684771
-0.675041
0.491394
0.634130
-0.633238
-3.033396
-5.703010
-7.591855
-7.812940
-6.129195
-4.104273
-3.556129
-2.814444
-1.948709
-0.421805
-0.276419
-1.687817
-3.808827
-6.082907
-7.295024
-8.087437
-6.677260
-4.617173
-3.101986
-2.585833
-1.415804
-0.755786
-0.541011
-1.454023
-3.110523
-5.312358
-6.822855
-6.460835
-4.452756
-2.674934
-1.255985
-1.229634
-0.780517
0.476679
0.257791
-0.667053
-3.001663
-5.652699
-7.386252
-7.970532
-7.046592
-5.020830
-3.652080
-2.671350
-1.808020
-0.825126
-0.807653
-2.091368
-3.961584
-5.980390
-7.114386
-7.935875
-7.283727
-5.128840
-3.137911
-2.445835
-2.002592
-0.474919
-0.923564
-1.827732
-3.819684
-5.927887
-6.510063
-7.367011
-6.924410
-4.704821
-3.106697
-2.119298
-1.474788
-0.281001
-0.326567
-1.384750
-3.114386
-5.939544
-7.318974
-7.442440
-5.513471
-3.756824
-2.730167
-2.610625
-1.404984
-0.202291
-0.434401
-1.190763
-3.454614
-5.455535
-6.730257
-7.009664
-6.232372
-4.556423
-3.383722
-2.333558
-0.983138
-0.007526
0.121902
-1.015256
-2.992318
-5.372139
-7.207086
-7.115974
-5.940692
-4.230423
-2.688823
-2.334072
-1.254286
-0.194510
0.066078
-0.787447
-3.053561
-5.938344
-7.787989
-8.352630
-7.787048
-6.049217
-3.985835
-2.635830
-1.165372
-0.134122
-0.131533
-1.660847
-3.690518
-6.102944
-7.078268
-7.242097
-6.158519
-4.490356
-3.108475
-2.152831
-1.173379
-0.216684
-0.050785
-1.254171
-2.858804
-4.955525
-6.061920
-5.974394
-4.793550
-3.672300
-2.437896
-1.309954
-0.800003
-0.146834
0.041498
-1.226334
-3.319593
-5.194577
-6.703121
-6.896810
-6.238203
-4.325325
-2.692730
-1.919016
-1.144409
-0.059478
0.168011
-0.776011
-2.484825
-4.818841
-6.409782
-6.716607
-5.660748
-4.779213
-3.432698
-2.491123
-1.132618
-0.056448
0.423140
-0.865444
-3.214628
-5.902280
-7.742450
-8.334024
-6.942806
-4.546429
-3.268288
-2.815372
-1.447362
-0.741883
-0.678745
-1.341782
-3.433938
-5.377672
-7.014468
-7.136484
-5.821671
-4.079553
-3.863961
-2.717566
-1.597904
-0.556809
0.017645
-0.648312
-3.370733
-5.775414
-7.538109
-7.852389
-6.792414
-4.975012
-3.315236
-2.453557
-1.507321
-0.537024
-0.177898
-0.932913
-3.395207
-5.770086
-7.346486
-7.778225
-6.266751
-5.097262
-3.173398
-2.206944
-1.391308
-0.367991
-0.066725
-0.772512
-2.888111
-5.707757
-7.998324
-8.208667
-6.630914
-4.773097
-3.282601
-2.587585
-1.206655
0.340556
0.245332
-1.352247
-2.658241
-4.994636
-6.857673
-7.086398
-5.839307
-4.381776
-3.580848
-2.592281
-1.617883
-0.464269
-0.226370
-1.092081
-3.045075
-5.538403
-7.375489
-8.174806
-6.916911
-5.690100
-3.853215
-2.989612
-1.853458
0.153492
0.255123
-1.135651
-3.220084
-5.961513
-8.108985
-8.521258
-6.914364
-5.130233
-3.295687
-2.500010
-1.574711
-0.391542
-0.009250
-1.332998
-3.181866
-5.828850
-7.686683
-7.447933
-7.192430
-5.501760
-4.687222
-3.830148
-2.481427
-1.317094
-0.756357
-1.482199
-3.590603
-6.474732
-7.945943
-8.083233
-6.812159
-5.584340
-3.865776
-3.319249
-2.217304
-0.889235
-0.800667
-1.753560
-4.114682
-5.821412
-7.204535
-8.513551
-7.599251
-5.549611
-4.153733
-3.305620
-1.751483
-0.307222
-0.173983
-1.357414
-3.591899
-6.371818
-8.362514
-8.795303
-6.904869
-5.270631
-3.696973
-3.319566
-2.246155
-0.557605
-0.015295
-1.550034
-3.841675
-5.980413
-7.849812
-7.350665
-6.982177
-5.320105
-4.024220
-3.230025
-1.547446
-0.240542
0.197121
-0.908504
-2.948331
-5.472449
-7.502268
-8.011246
-6.432062
-5.291884
-4.081634
-2.670222
-1.739520
-0.166060
0.109818
-1.088013
-3.546152
-5.991208
-8.117199
-8.540143
-7.742263
-5.928977
-4.581731
-3.405451
-2.097033
-0.738622
-0.572877
-1.531124
-4.217301
-6.416757
-8.055305
-8.203584
-6.809260
-5.501128
-3.909363
-3.287785
-1.814298
-1.296587
-0.944052
-1.537373
-3.709779
-6.448709
-8.247565
-8.310416
-7.050622
-5.065730
-3.950600
-2.675917
-1.252510
-0.298365
0.279821
-0.831743
-3.045460
-5.519274
-7.678866
-7.448349
-6.416687
-4.421212
-3.342103
-2.772918
-1.677767
-0.376606
0.151840
-0.956462
-3.438683
-6.504217
-8.518956
-8.816396
-7.533971
-5.325666
-3.847203
-3.512821
-2.436232
-0.773006
0.374994
-0.960682
-3.411254
-5.992944
-7.697648
-8.237568
-7.349118
-5.806807
-4.192426
-3.332406
-1.617736
-0.163853
0.547667
-0.393513
-3.098026
-5.481964
-7.453732
-8.150044
-7.288052
-5.061741
-3.484427
-3.107301
-1.659653
-0.585132
-0.454260
-1.417583
-3.373007
-5.650160
-7.044747
-7.068484
-6.147964
-4.363086
-3.550865
-2.725170
-1.453382
-0.300476
0.358360
-0.999954
-2.982763
-5.590214
-7.112960
-7.147893
-6.218378
-4.836281
-3.623347
-2.811200
-1.169225
0.389137
0.446721
-0.672249
-3.559355
-6.261171
-8.389715
-8.914190
-7.742032
-5.772531
-4.272120
-3.366974
-2.719290
-1.216902
-0.066210
-1.161283
-3.468016
-5.988663
-8.178513
-8.671522
-7.147598
-5.036150
-3.650296
-3.350899
-1.993804
-0.383572
-0.032784
-0.597071
-2.630789
-5.007015
-7.523578
-8.005746
-6.474829
-4.507904
-3.306269
-3.244418
-1.683977
-0.006186
0.733283
-0.743448
-3.474182
-6.394597
-8.367511
-8.291172
-7.638712
-6.141339
-4.270862
-2.703785
-1.394737
0.035217
0.859413
-0.185715
-3.127339
-5.691444
-7.627901
-8.377895
-6.979428
-5.637583
-4.413053
-3.247427
-2.035741
-0.554321
-0.025831
-0.960859
-2.962055
-5.660674
-7.951475
-8.651007
-6.703423
-5.098748
-3.951036
-2.809229
-1.050725
0.524771
1.089146
-0.078694
-2.777945
-5.634707
-7.319590
-8.354553
-7.358024
-5.433644
-3.485424
-3.090753
-1.636278
-0.258533
0.153913
-0.512905
-2.356022
-5.679028
-7.657667
-8.222523
-7.310340
-5.520938
-3.340718
-2.028315
-1.281594
0.091152
0.239055
-1.050098
-3.686795
-5.929361
-8.323654
-8.757368
-7.376262
-5.388386
-4.243852
-3.796981
-2.551337
-0.688236
-0.484089
-1.718344
-3.531187
-6.068474
-8.281496
-8.683697
-7.294838
-5.610174
-4.288129
-3.440480
-2.002926
-0.663042
-0.051145
-1.205485
-3.470666
-5.645143
-7.532682
-7.791773
-6.734300
-5.190506
-3.920338
-2.476275
-1.445704
0.050414
0.438272
-0.165260
-2.690905
-5.893379
-7.595106
-7.967488
-6.596848
-5.244794
-3.829992
-2.990982
-1.701237
0.132608
0.247360
-0.718991
-3.121995
-5.933630
-8.369184
-8.709812
-7.386265
-5.946822
-4.665475
-3.556068
-1.619161
-0.833664
-0.445831
-1.927477
-3.636489
-6.205600
-8.138618
-8.384846
-7.485519
-5.685168
-4.438810
-3.232676
-1.492935
-0.206180
0.051689
-1.058991
-3.097629
-6.544132
-8.696115
-9.418514
-8.860786
-6.956607
-5.869018
-4.475539
-2.726578
-0.909614
-0.471520
-1.766694
-4.151237
-6.462377
-8.356762
-8.976308
-8.030578
-6.594287
-4.964850
-3.614120
-2.278616
-0.764294
0.418338
-0.683002
-3.528420
-6.150241
-7.612142
-8.636806
-7.304247
-5.474442
-4.530003
-3.297091
-1.550291
-0.126753
-0.021317
-0.772495
-3.665972
-5.899540
-8.236958
-8.809082
-7.406045
-6.086041
-4.466141
-3.347261
-1.966374
-0.205322
0.233290
-1.011975
-3.567142
-6.205659
-8.450280
-9.107256
-7.806530
-6.076130
-4.319545
-3.258213
-1.902256
-0.197363
0.740330
-0.473148
-2.227486
-5.391917
-7.469843
-7.969904
-7.005513
-5.156585
-4.002406
-2.917895
-1.572435
-0.063435
0.838907
-0.461998
-2.998145
-5.532886
-7.709796
-8.645330
-6.934514
-5.502419
-4.552579
-3.167708
-1.517408
-0.498077
-0.237604
-1.488842
-3.376287
-6.316193
-8.226629
-9.127441
-7.931045
-5.762366
-4.788634
-3.426472
-1.783726
-0.332360
0.192211
-0.986023
-3.017352
-5.542411
-7.386240
-7.908027
-6.451787
-5.202849
-3.856698
-2.371563
-1.097218
0.173527
0.536688
-0.693266
-3.370209
-6.200920
-8.593073
-9.213686
-8.443258
-6.788526
-5.258945
-4.101472
-2.069698
-0.803226
-0.242840
-1.366108
-3.652958
-7.000810
-9.317964
-9.316450
-8.376103
-7.137022
-5.313820
-4.119727
-2.280680
-0.943768
-0.557283
-1.477883
-3.733344
-6.475866
-8.740013
-8.920696
-7.832186
-6.392467
-4.865399
-3.527326
-2.478265
-0.902608
-0.403584
-0.817171
-3.577383
-6.158316
-8.191151
-8.299623
-7.457725
-5.788711
-4.392867
-3.485634
-2.081165
-0.675868
0.122026
-1.662729
-3.298830
-6.416807
-8.182100
-9.144608
-8.463793
-6.603831
-4.857597
-3.341769
-1.916127
-0.177979
0.007210
-1.229274
-4.019471
-6.481833
-7.864833
-8.656352
-7.984108
-6.770685
-5.364581
-4.059727
-1.871361
-0.173618
0.194201
-0.625084
-2.821675
-6.004899
-8.073532
-8.484671
-7.553791
-5.373612
-4.326667
-2.998014
-1.469178
0.022585
0.331820
-0.769882
-2.966551
-6.080422
-8.277544
-8.223137
-6.866691
-4.951964
-4.207142
-2.931170
-1.230758
0.210911
0.624159
-1.006315
-3.157646
-5.904441
-8.176518
-8.528122
-7.906453
-6.885275
-4.814208
-3.107469
-1.258131
0.359007
1.207443
0.226236
-1.654532
-4.115236
-6.332108
-7.410125
-6.467281
-4.916219
-3.746025
-2.133121
-0.302218
1.179873
1.786226
0.549162
-2.325358
-5.644484
-7.978169
-8.462437
-7.494599
-5.127277
-4.002986
-2.624902
-0.627459
0.718567
1.074911
-0.042248
-2.857091
-5.133411
-7.356524
-8.225830
-7.217181
-5.714443
-4.764564
-3.758194
-1.969252
0.352276
0.986574
-0.180374
-2.361446
-5.040948
-7.007814
-7.413610
-6.702674
-4.752784
-3.834586
-2.888620
-1.464235
0.444019
1.134459
0.505860
-2.262422
-5.184818
-7.486522
-7.901236
-6.587816
-5.232714
-3.899339
-2.183747
-0.907768
0.630898
1.064785
-0.428307
-2.794178
-5.903461
-8.295551
-7.985756
-7.266132
-5.793020
-3.968923
-3.099348
-1.639204
-0.442965
-0.147540
-1.036474
-3.119041
-5.778230
-7.977797
-8.582363
-7.556293
-5.802090
-3.915059
-2.925876
-1.467972
0.288435
0.687725
0.221531
-2.464701
-5.199059
-7.573661
-8.042414
-7.623831
-5.875787
-4.364464
-2.637486
-0.979597
0.853117
1.234970
0.247616
-2.001664
-4.846423
-7.442904
-7.966256
-7.252402
-5.378117
-4.079865
-2.792979
-0.926417
0.464392
0.750945
-0.402638
-2.367773
-5.464227
-7.597918
-7.665725
-6.807642
-5.041573
-4.165797
-3.036417
-1.425893
0.338995
1.127352
0.520927
-2.104345
-4.745341
-6.453880
-7.513110
-6.467723
-4.564197
-3.853314
-2.598162
-0.383539
0.900900
1.361818
0.220973
-2.540617
-4.634431
-7.235038
-8.680204
-7.164414
-5.210758
-4.274557
-2.869646
-1.138241
1.103180
1.475080
0.913532
-1.676092
-4.625011
-6.685619
-7.304817
-6.422060
-5.310594
-4.696587
-2.909997
-1.066323
0.733538
1.670489
0.857030
-0.993473
-3.491339
-5.816992
-6.313636
-5.188880
-3.512620
-2.727216
-1.672533
0.707402
2.307711
2.918344
1.151213
-1.359468
-4.403933
-6.666728
-7.441671
-6.582683
-4.975189
-3.931103
-2.699791
-0.938601
1.118477
1.243953
0.290071
-1.704657
-4.631654
-6.883452
-7.487822
-6.485889
-5.409581
-4.360239
-3.166164
-1.415770
0.337011
1.016083
-0.103634
-1.887755
-5.397785
-7.391953
-7.553769
-6.961720
-5.398202
-4.197520
-2.953568
-1.066750
0.593925
1.257205
0.435116
-1.950100
-4.779486
-7.526071
-8.435734
-7.199100
-5.157476
-3.686193
-2.467306
-0.545601
1.305696
1.652918
0.389538
-1.759362
-4.798348
-7.479730
-8.488875
-7.945793
-6.557127
-4.843027
-3.485822
-1.294535
0.829347
1.483933
0.489777
-1.993467
-4.794600
-6.891665
-8.169698
-7.144977
-5.841788
-4.781590
-3.348144
-1.629084
0.511862
1.268993
0.056925
-2.432503
-5.150591
-7.307462
-7.538873
-6.692609
-5.533998
-4.244811
-2.901237
-1.130008
0.476931
1.323412
-0.082517
-2.111656
-4.895126
-6.922231
-7.860669
-6.188395
-4.607217
-3.701623
-1.999666
-0.686767
0.498564
1.167763
0.104780
-2.842337
-6.066401
-8.195193
-8.634418
-7.796850
-5.371137
-4.734954
-3.627637
-1.931169
-0.534538
0.170703
-0.590963
-3.092975
-5.770322
-7.980608
-8.492849
-7.359058
-6.197670
-4.337194
-3.598159
-1.559156
0.142977
0.537593
-0.261494
-2.215858
-4.841050
-6.836521
-7.939534
-7.296183
-5.854718
-4.490267
-3.157569
-0.723774
1.324482
1.565807
0.529982
-1.496318
-4.293385
-6.592962
-6.856349
-6.008746
-4.082214
-3.373290
-2.410160
-0.295399
1.444090
2.160488
0.808762
-1.211479
-3.929971
-6.653938
-8.114071
-7.643260
-5.664744
-3.960352
-2.061870
0.159088
1.695090
1.743932
0.879335
-1.359646
-4.255061
-6.324763
-7.231458
-6.976620
-5.429515
-3.795967
-2.273040
-0.169146
0.987922
1.638901
0.634718
-1.653870
-4.285244
-6.610706
-6.851892
-5.608955
-4.014449
-2.854857
-1.561047
-0.071045
2.119745
2.193693
1.360058
-1.066274
-4.221829
-6.479910
-7.291537
-5.889595
-4.484988
-3.463875
-2.536469
-0.414967
1.683695
2.457951
1.027506
-0.895578
-3.705884
-5.788898
-6.672050
-5.068748
-4.100725
-3.199440
-1.501677
0.413671
1.880507
2.294803
1.618336
-1.184017
-3.831940
-5.979249
-6.694078
-5.788945
-4.049388
-3.442666
-1.947172
0.076434
1.997431
2.713976
1.879653
-1.250696
-3.981544
-6.462439
-7.384751
-6.576274
-5.302178
-3.789168
-2.495139
-0.188929
2.172550
1.839212
0.760933
-1.670458
-4.321445
-7.134244
-7.737967
-6.716710
-4.783154
-3.230947
-1.985298
0.161636
1.834417
1.619476
0.720604
-1.361585
-3.973664
-6.533281
-7.460693
-6.854534
-5.470280
-4.214150
-2.916853
-1.020631
0.834698
1.444538
0.866652
-1.601610
-4.026183
-6.416742
-7.159605
-6.789707
-5.267096
-4.113472
-2.631836
-0.616364
1.056988
1.395977
0.425303
-1.828545
-4.148325
-6.704857
-7.159997
-5.920582
-4.450324
-3.781522
-2.171685
-0.441756
1.604515
1.811129
0.813969
-1.809294
-4.511502
-6.981483
-7.404007
-6.838243
-5.336279
-3.825042
-2.308313
-0.745823
0.784301
1.378796
0.433359
-1.749198
-4.156231
-6.773853
-7.284983
-6.175642
-4.445275
-2.946749
-2.347982
-0.609081
1.320992
1.563919
0.546174
-1.609808
-4.466108
-6.624067
-7.623301
-7.272573
-5.161387
-3.909981
-2.720905
-0.300129
1.410599
1.985914
0.943436
-1.824627
-4.896675
-7.139722
-8.176481
-7.586636
-6.068954
-4.486169
-2.716252
-0.488408
1.738729
2.853493
1.464743
-1.429930
-4.706880
-6.536769
-7.632662
-6.782477
-5.239145
-3.572910
-2.583412
-0.407993
1.418818
1.550666
0.391200
-2.370404
-5.329877
-7.561768
-8.341755
-7.769265
-6.102208
-4.510838
-3.018242
-0.387547
1.042658
1.203007
0.273535
-1.627051
-4.243436
-6.095830
-7.195035
-6.931546
-5.747243
-4.435843
-2.287667
-0.089094
1.972979
2.257391
0.956213
-1.698780
-5.213424
-7.776344
-8.662817
-7.451963
-5.744406
-4.261171
-3.511105
-1.396566
0.299597
0.809486
-0.341760
-2.462523
-4.731582
-7.319698
-8.572071
-7.547931
-6.037187
-4.336287
-2.448211
-0.633286
1.469673
2.031412
0.592346
-1.840715
-4.787158
-7.194533
-7.917006
-6.677811
-5.282471
-4.098746
-3.237388
-0.612872
1.661189
1.802509
1.364008
-0.462576
-3.855749
-6.536850
-7.198290
-6.181116
-4.899467
-3.448298
-1.864317
-0.270346
1.772701
2.331896
1.319662
-1.138636
-4.030751
-6.499364
-7.491689
-6.580678
-5.190548
-3.458146
-2.055620
-0.149048
1.339587
2.763926
0.795017
-1.346116
-4.189002
-6.107491
-6.916564
-6.641536
-4.678357
-3.379093
-1.516788
0.162811
1.584948
2.133800
1.228468
-0.672855
-3.733784
-5.993938
-7.138715
-6.121552
-4.267115
-2.924228
-1.233557
0.117685
2.201400
2.698696
1.411928
-0.228071
-2.815138
-5.486761
-6.836148
-6.078505
-4.749697
-3.379579
-2.093347
0.260618
2.245462
2.697183
2.262431
0.197485
-2.736147
-5.149457
-5.671294
-4.986564
-3.882700
-2.775903
-1.644047
0.160078
2.408318
3.243889
2.308863
0.086283
-2.471333
-4.547586
-5.631327
-4.580456
-3.258167
-2.200033
-0.972488
1.155354
2.529922
3.110018
1.885334
-0.196930
-3.039847
-4.709714
-5.236032
-4.580608
-3.382433
-2.917086
-1.471339
0.844139
3.005547
3.501228
3.161737
0.417587
-2.016205
-4.883620
-5.996825
-5.055152
-3.538437
-2.176055
-0.739033
1.565170
3.429843
4.005333
3.131647
0.379120
-1.849480
-4.378272
-5.289817
-4.238631
-3.143824
-2.381479
-0.589229
1.179493
3.793009
4.948767
3.742667
1.115999
-1.781683
-4.387580
-4.976222
-4.771130
-3.375199
-2.238106
-0.856215
1.022598
3.363528
4.477591
3.196203
1.049862
-1.540052
-3.835629
-4.513036
-3.618073
-2.573109
-1.982137
-0.226295
2.170414
3.738054
4.681871
3.029657
0.572887
-1.882275
-4.307126
-5.192461
-4.133746
-3.165734
-1.652474
-0.589307
1.434810
3.445609
4.024939
2.554202
1.005217
-1.641430
-3.919805
-4.655675
-4.315375
-2.747370
-2.032901
-0.466277
1.489168
2.954897
4.060715
3.108311
0.872623
-1.909229
-4.402614
-5.032517
-4.187532
-2.760426
-2.160944
-0.797449
1.689094
3.696758
4.091837
3.341288
0.819370
-2.334576
-4.451473
-5.899785
-5.414784
-3.540675
-2.584933
-0.960320
1.420898
3.080776
3.846195
3.418318
0.865797
-2.535776
-4.902326
-6.112927
-4.980230
-3.134321
-2.010572
-0.873207
1.179344
3.449951
4.544510
3.555729
0.690031
-2.283097
-4.541008
-4.991071
-4.134572
-3.592554
-2.111075
-0.768328
1.369135
3.380708
3.952318
2.999477
0.883946
-1.984777
-4.379864
-5.054461
-3.736567
-2.210567
-1.350656
-0.319250
1.226719
3.346189
3.735312
3.629151
0.950338
-2.171764
-4.613974
-5.368587
-4.816454
-3.607965
-2.344198
-1.016114
1.102693
3.066660
3.591490
2.820194
0.689884
-2.277624
-4.801600
-5.899002
-5.056965
-3.595750
-2.335176
-0.023149
1.845304
3.770993
3.882278
2.835781
0.744591
-1.876585
-4.442349
-5.424029
-4.553521
-3.438175
-1.897531
-0.510390
1.744304
3.785078
4.377308
3.680677
2.023191
-1.404746
-4.225980
-5.047068
-4.288607
-3.025525
-1.374404
-0.714371
1.395617
3.908615
5.179464
3.798054
1.342011
-1.622606
-3.993095
-5.165094
-4.379251
-2.931561
-1.479786
-0.699144
1.344764
3.284636
4.705962
3.945735
1.507940
-1.671270
-4.012510
-4.708858
-4.110945
-3.285651
-2.201249
-0.754466
1.430601
3.380024
4.280980
3.489706
1.384620
-1.043598
-3.813843
-5.270334
-4.294050
-3.025840
-1.831073
-0.159344
1.762297
3.831784
5.134596
3.968899
1.456364
-1.493027
-3.954472
-4.419486
-3.307685
-2.182885
-0.955162
0.415109
1.460738
3.205582
4.666233
3.773238
2.020987
-0.458519
-3.110969
-3.939353
-3.160645
-1.784777
-1.194421
0.053228
2.422996
3.963367
4.436124
3.732941
1.799465
-0.605060
-3.224350
-3.798443
-3.674955
-1.935698
-1.046679
0.275175
2.330834
4.714291
5.651815
4.699823
2.173534
-0.553931
-2.826352
-3.946026
-3.307577
-1.628666
0.372652
0.967824
2.861815
5.120448
5.512911
4.765759
2.047693
-0.508333
-3.053268
-3.857303
-3.088882
-1.620240
-0.351007
0.805377
2.401814
4.743340
5.504332
3.939135
2.322001
-0.116587
-2.495759
-2.947802
-2.041079
-0.916000
-0.070549
0.332150
2.086631
4.354453
4.967835
4.356444
2.305014
-0.396828
-2.600130
-3.123184
-2.238605
-1.139206
-0.402215
0.466587
3.146022
5.213387
5.518751
4.798388
2.333236
-0.541031
-2.606315
-2.866506
-2.033739
-0.845712
-0.169810
0.997618
2.481018
4.992393
5.851923
4.657879
2.718430
0.187111
-2.566877
-3.538609
-2.803465
-1.369133
-0.494732
0.737777
2.884311
5.226397
5.410744
4.735332
2.296822
-0.488766
-2.568809
-2.720585
-2.488451
-1.311895
0.147033
0.781551
3.188628
5.414234
5.557993
4.787887
2.827798
0.594822
-0.971226
-1.875480
-0.717862
-0.189363
0.170213
1.333188
3.786819
6.136435
6.742857
5.826376
3.369484
0.454731
-1.619362
-2.284948
-2.025200
-0.538518
0.260715
1.467888
3.650531
5.659483
6.236429
5.677748
2.923953
0.092115
-2.218822
-2.764212
-1.521621
-0.148617
1.186010
1.965157
3.664721
5.656012
5.993624
5.140306
2.885778
0.602167
-0.710153
-1.135814
-1.013241
-0.347272
0.418146
0.996838
3.478128
5.576868
6.046865
5.051716
2.875289
0.710132
-1.715537
-2.189598
-1.687974
-0.308474
1.139523
2.691734
4.490172
6.382673
6.311161
5.339563
2.922749
0.024027
-1.421071
-1.930981
-1.121676
0.353270
1.162562
2.301424
3.596412
5.810530
6.979168
5.576601
3.188195
0.924788
-1.040879
-1.575057
-0.888985
-0.007415
0.686715
2.030296
4.144617
5.925989
6.489637
5.319075
3.511472
0.864179
-1.115415
-1.526142
-0.382569
0.709986
1.813742
2.715910
4.432064
6.193205
6.996458
6.071718
3.479442
1.290748
-1.179871
-1.961726
-0.817590
0.009042
1.242529
2.199503
4.140781
5.941332
7.019701
5.860180
3.837700
1.478266
-0.527422
-1.463071
-0.940262
0.855408
2.287342
2.510815
4.103010
6.147345
6.926323
6.056543
4.164156
1.855589
-0.171228
-1.108271
-0.603519
0.072020
0.937069
2.373530
4.367503
6.060921
6.426126
6.044695
3.800766
1.473716
-0.152547
-0.508397
-0.254870
0.929665
1.462408
2.696303
5.279650
7.344629
7.384535
6.519224
4.093993
1.508996
-0.590222
-1.397436
-0.481142
1.046265
1.714369
3.054858
4.877454
6.612993
7.235430
6.037691
4.090746
1.389662
-0.403098
-0.653060
-0.518561
0.984756
1.245461
2.248975
4.510925
6.345488
7.299845
6.164526
4.322495
1.589435
-0.413658
-1.129699
0.075186
1.142950
1.638935
2.903856
4.319394
6.978037
7.338678
6.573418
4.577913
1.838996
-0.081924
-0.633269
-0.426239
0.521080
1.462582
2.905375
5.327883
6.733711
7.548956
6.480707
4.504723
2.103009
0.242251
-0.351768
0.388689
1.513029
1.958363
2.477818
4.542759
7.121092
7.366657
6.918680
4.862606
2.853234
0.839675
-0.023917
1.280945
2.144196
2.230936
3.180543
4.716596
6.794258
8.039631
7.013166
5.264322
2.195053
0.720844
-0.486442
0.208111
1.471804
2.025944
2.989151
5.234758
7.079149
7.784727
6.723150
4.969959
2.086001
0.399377
-0.695253
0.571680
1.585426
1.858964
3.136984
5.371527
7.034185
8.429331
6.877886
4.805493
2.247723
0.135123
-0.148010
0.435057
1.202326
1.629194
2.866078
4.686681
6.594719
7.598480
6.926146
4.637472
2.440474
-0.285864
-1.311854
-0.073658
0.793055
2.093113
3.294891
4.892369
6.946560
8.011038
7.192442
4.654510
2.294862
-0.350066
-1.202695
-0.532724
0.289848
1.374661
2.706956
4.767870
6.805511
7.496881
6.437330
4.136466
1.845954
-0.086556
-0.677002
0.554501
1.696222
1.814646
2.928920
4.612871
6.734800
6.959175
6.206659
4.796959
1.756160
0.037929
-0.732578
0.421406
1.525970
1.566481
2.774734
4.161233
6.538221
7.443861
6.238428
4.453884
2.082296
0.542048
-0.380803
0.325760
1.679592
2.018301
3.389302
5.014947
7.278704
8.288717
6.705309
4.881000
2.485332
0.543700
-0.211159
0.798738
2.015234
2.607332
3.658002
5.743189
8.293287
8.090429
6.798342
4.524363
2.333302
0.377589
-0.286098
-0.165001
1.405775
1.806414
3.079347
5.052749
7.605211
7.916851
6.884565
4.607846
2.191362
-0.706550
-1.329649
-0.479393
0.544382
1.088871
2.183541
4.489510
6.853271
7.437056
6.700434
4.607331
2.407003
0.184770
-0.478914
0.440672
1.419790
2.556356
3.477016
5.097078
7.190710
8.096743
7.342178
5.142000
2.526359
0.539239
-0.248515
0.885145
1.664608
2.675148
3.402182
5.197222
6.947271
7.703665
6.649199
4.754144
2.216200
0.010546
-0.501519
0.154818
1.867327
2.740688
3.772003
5.710985
7.008022
8.101954
6.753191
4.809994
2.160955
0.363453
-0.463389
0.218636
1.318260
1.828075
3.001011
4.672945
6.858891
7.732943
6.686277
4.584810
2.099277
0.089045
-1.171236
-0.229273
1.316511
2.045786
3.037240
5.007688
6.718397
7.873484
6.617638
4.647680
2.361705
0.053391
-0.622239
0.633862
1.064983
2.043976
2.970028
5.346758
7.275072
8.446531
7.423868
4.566723
2.376973
0.346405
-0.113591
0.672312
2.004988
2.222702
3.535552
5.806437
7.708761
8.095749
7.252781
4.931894
2.303737
0.228086
-0.469823
0.083082
1.399002
2.411335
3.288018
5.154459
6.867884
7.273321
6.782864
4.610936
1.602934
-0.129657
-0.717377
-0.180020
1.250427
2.025375
3.677593
5.433924
7.479811
7.433096
6.861637
4.747405
2.247636
0.643857
0.198467
0.707497
1.823502
2.717211
3.711420
5.465393
7.017269
7.374548
6.858210
4.168157
2.057624
0.204514
-0.436771
-0.200759
0.973337
2.053658
2.960532
5.065092
6.780289
7.632225
6.531017
3.883817
1.318106
-0.318286
-0.474935
0.207300
1.752737
2.347904
2.347013
4.267348
6.644609
7.256910
6.695786
4.632245
1.926167
0.092449
-0.064577
0.238760
1.442965
2.619007
3.029696
4.374956
6.154760
7.386395
6.385090
4.666775
2.567684
0.493434
0.101922
0.411076
1.608463
2.446484
3.246353
5.394825
7.012186
8.442949
7.305614
4.569917
2.103391
0.760244
-0.162580
0.572901
1.949083
2.752008
3.485994
5.135498
7.974840
8.142271
7.639433
4.796920
1.682397
0.035499
-0.673956
-0.135218
1.413218
1.754996
2.799814
4.982675
6.504953
7.421070
6.465609
4.115615
1.570274
-0.136074
-0.295838
0.474228
1.100197
1.615788
3.054426
5.001186
6.788332
7.096573
6.404858
4.246496
2.403010
0.280566
-0.324382
0.616241
1.362198
1.966389
2.876598
4.850441
6.947515
8.095362
6.979395
4.828341
1.878029
0.255161
-0.005498
1.236958
1.817537
2.482027
3.789056
5.694510
7.274508
8.388792
6.960558
5.061183
2.759739
0.324214
-0.554152
0.451923
1.755590
2.785292
3.305655
5.035566
7.047499
7.751478
6.855400
4.584878
2.066101
0.234425
-0.574954
0.301331
1.349211
1.627962
2.946788
4.931005
6.913048
7.380045
6.239546
3.605901
1.094880
-1.102177
-1.104319
0.001099
0.883938
1.320027
2.724768
3.829892
5.706814
6.308424
5.459906
3.861826
1.357790
-0.101933
-0.545979
-0.103775
1.353790
1.838299
2.764755
4.517765
6.570633
7.811258
6.643147
4.387602
1.522477
0.018642
-0.249393
-0.001255
0.917868
1.828011
2.832898
4.688935
6.622198
7.427088
6.368769
4.439686
2.026867
0.724321
0.160825
0.276184
1.359013
1.794031
3.212540
4.928617
6.618069
7.260099
6.407904
4.622513
2.287153
0.062625
-0.387789
0.573753
1.866066
2.402008
3.165452
5.032531
6.555798
7.203781
6.191769
4.584225
1.901920
0.271900
-0.452919
0.866674
2.240416
3.087692
3.187408
5.424486
6.981218
7.620188
6.563057
5.113263
2.308914
0.397553
-0.072392
0.986963
1.870520
2.078981
3.449369
5.133924
6.885336
7.649832
6.262657
3.992300
1.343424
-0.815672
-1.428837
-0.097771
1.688335
2.282034
3.339488
4.697390
6.822424
7.749964
7.009464
4.450933
2.521305
0.378606
0.081217
0.456738
1.987614
2.503313
3.546457
5.560122
7.116041
7.942312
6.830027
4.594886
2.487416
0.534616
0.007861
0.790821
2.094818
2.256956
3.455379
5.466833
8.146730
8.403870
7.186518
5.209242
2.803155
0.545572
0.268843
0.764896
1.213976
1.984724
3.273182
5.386251
7.676569
8.147367
6.763548
4.842707
2.448171
0.497594
0.071062
0.834576
1.532850
1.781446
3.822307
5.541906
7.407301
8.035509
6.729551
4.595421
1.545089
0.181138
-0.545818
0.503845
1.941532
1.900282
2.614697
4.510874
6.655025
7.542820
6.458471
4.382870
1.587360
-0.470776
-1.177658
-0.233490
0.837492
2.133074
3.096287
4.746923
6.554052
7.129694
6.581753
4.306479
1.879793
-0.465632
-0.920237
-0.128019
1.538355
1.933498
3.309571
4.904069
6.834841
7.483587
6.744146
4.822082
2.092822
0.565565
-0.396445
-0.070770
1.119911
1.847511
3.077408
5.299067
7.291388
7.564987
6.148026
4.380962
1.510679
-0.519943
-0.728408
-0.251263
1.070078
1.716079
2.840336
4.712960
7.110834
7.657747
6.413443
4.054889
1.555661
-0.862861
-1.268290
-0.111251
0.932899
1.776406
3.220508
4.786423
6.927940
7.668356
6.576286
4.953979
2.583841
0.691435
-0.261052
0.497559
1.605762
2.592863
3.302061
5.219393
7.224482
7.576578
6.877272
4.299961
1.795876
0.017378
-0.403772
-0.126049
1.183386
2.746626
3.147107
5.193277
7.101707
8.281672
6.420973
4.148319
2.244381
0.793727
-0.232077
1.115057
2.091003
2.073141
3.333982
5.298151
7.112852
8.153101
6.423265
4.612911
1.904413
-0.177008
-1.354909
-0.891646
1.045794
1.341244
2.640467
5.313738
6.805878
7.273733
6.028555
4.457197
1.640863
-0.591742
-0.668250
0.277468
1.990326
2.744469
3.264231
4.823442
6.669363
7.839998
7.096205
4.756407
2.008627
-0.319286
-1.371251
-0.511920
0.909483
2.102188
4.223424
5.673754
7.323051
7.478437
6.794872
4.390988
2.029205
0.546734
-0.484896
0.097250
1.078991
1.952623
3.004745
4.452008
6.031031
7.523695
6.421427
4.306974
1.398140
-0.723998
-1.025818
0.701649
0.848192
1.546857
2.513441
4.378583
6.375860
7.176888
5.968519
4.034816
1.472185
-0.532155
-0.738019
-0.263743
0.813681
1.769012
2.503320
4.478663
6.137005
7.210234
6.174997
4.212496
1.707204
-0.472191
-0.980914
0.234745
1.187519
1.382325
2.643188
4.708555
6.307566
7.118275
6.230204
3.678114
0.707273
-0.849666
-1.016456
-0.318599
0.947298
1.605310
2.786087
4.765864
6.519350
7.411139
6.881451
4.123413
1.750951
-0.603248
-0.877211
-0.046998
0.768545
1.453964
2.739512
4.894455
6.453344
7.355528
5.768492
3.576794
1.256261
-0.298463
-0.896698
0.319502
0.866747
1.929506
3.338224
5.316782
7.145700
7.184416
6.750734
4.569996
1.762199
-0.833501
-1.481569
-0.791248
0.629911
1.258299
2.646425
4.598161
6.521444
7.539322
7.030207
4.488004
1.814506
-0.397773
-1.383803
-0.622343
0.566353
1.525965
2.845840
4.619617
6.405016
7.509075
6.770060
4.295415
1.660870
-0.854244
-1.640360
-0.815844
1.102692
2.024399
2.982968
4.735007
6.506777
7.334970
6.305693
4.221521
1.361731
-0.347245
-1.388877
-0.887481
0.683475
1.216009
2.099710
4.147221
6.180349
7.172743
6.355032
3.832051
1.228307
-0.699501
-1.465323
-0.921701
0.592735
1.846563
2.684104
4.630757
6.904432
7.991697
6.607016
4.085254
1.632304
-0.317093
-1.269189
-1.417976
0.042621
1.192138
2.587750
4.881308
6.814894
7.461580
6.769960
4.314398
1.942187
-0.829901
-1.322367
-0.386471
0.902943
1.467772
2.930332
4.593280
6.111908
7.001825
6.001444
3.565950
0.951177
-0.754973
-1.516207
-0.724894
0.672508
1.993338
2.402204
4.107692
6.446096
7.273920
6.461851
4.666349
1.953703
-0.726789
-1.176537
-0.261008
0.639013
1.537585
3.258925
5.031495
7.258131
7.704126
6.793329
3.886330
1.208302
-0.406555
-1.320009
-0.252222
1.192039
2.051663
2.734091
4.586632
6.592371
7.262745
6.238628
4.149498
1.320057
-0.275709
-0.596419
0.317818
1.550394
1.654015
2.336902
4.164821
6.732840
7.731680
6.240267
4.382658
1.572689
-0.607854
-1.266815
-0.493070
0.489967
1.112809
2.156960
4.520256
6.030531
7.156466
5.759880
3.548918
1.573977
-0.779774
-1.806904
-0.489676
0.919510
1.701335
2.880164
4.505118
6.208303
7.035624
6.113070
4.073704
1.453227
-0.823339
-1.334064
-0.509138
0.643326
1.193124
1.844436
4.591056
6.401905
7.347540
6.272190
4.257833
1.489386
-0.767725
-1.255820
-0.740337
0.587891
1.541293
2.627318
4.909828
6.407835
7.175924
5.895164
3.751721
1.378250
-0.792260
-1.350851
-0.683595
0.426558
1.803761
3.076237
4.369376
6.524275
7.699846
6.429525
4.457319
1.402446
-0.861331
-1.369601
-0.542652
0.894802
1.337528
2.365196
4.287813
6.183182
7.236727
6.774879
4.420258
1.673044
-0.461849
-0.793792
-0.145775
1.053993
1.868824
2.633454
4.212403
6.423609
7.747530
6.506350
4.560039
1.984262
-0.421125
-0.992213
-0.014521
0.969807
2.101313
3.508022
5.507036
7.370720
8.069761
6.962149
3.945225
1.390229
-0.422407
-0.833219
-0.144292
1.232378
2.378857
3.265002
4.632905
6.492640
6.803820
6.171562
3.975727
1.171550
-0.284387
-1.245123
-0.297387
0.637907
1.395356
2.703687
4.867121
6.770807
7.191557
6.148500
4.011804
1.392780
-0.786293
-1.473325
-0.592092
0.534628
1.232282
1.988998
4.508024
6.320848
7.675323
6.317812
4.074215
1.511390
-0.768745
-1.179399
-0.055081
1.861891
2.032555
2.529503
4.719419
6.829954
7.553930
6.185253
4.145668
1.238244
-0.442665
-1.117733
-0.352030
0.584332
1.240296
2.807401
4.941694
6.648773
7.519014
6.143526
4.052216
1.322677
-0.854198
-1.698465
-0.685966
-0.195589
0.459341
1.784270
3.692807
6.464361
7.346941
6.152830
4.282784
1.556010
-0.516615
-1.354042
-0.465517
0.878330
1.894384
3.182676
4.967851
6.660721
7.117449
6.386072
3.881387
1.183331
-0.909166
-0.850725
-0.420664
1.424297
2.392735
3.201338
4.894159
6.550613
7.826866
6.422770
3.887797
1.234810
-0.867346
-1.618236
-0.818782
0.230649
1.099675
1.925382
4.347308
6.517736
7.148088
6.336359
3.782608
1.711986
-0.524202
-0.842066
-0.710690
0.278833
1.001994
2.944492
4.654810
6.468693
7.212971
6.254721
4.368696
1.781075
0.020451
-0.836451
-0.630790
0.878675
1.612835
2.971395
5.028267
7.970377
8.109621
6.489321
4.374599
1.886151
0.115055
-0.639718
-0.317859
0.897743
2.347462
2.469257
4.466919
6.810854
7.009668
5.988539
3.461913
0.975090
-0.763222
-1.602715
-0.069985
1.171740
1.685319
2.576558
4.531404
6.323557
6.792603
6.107363
3.386602
1.185921
-0.862014
-1.612955
-1.019370
0.550388
1.011505
2.159794
4.041173
6.067137
6.371565
5.511744
3.677073
1.193533
-0.628090
-1.026249
-0.811578
0.221842
1.790382
2.905678
4.832417
7.006561
6.980093
6.524414
3.962845
1.551340
-0.878372
-2.123169
-1.573025
0.044236
1.077494
1.886197
4.167500
6.312786
6.809004
6.206617
4.166225
1.439088
-0.173503
-1.198525
-0.209782
1.244293
2.022232
2.762726
4.724393
6.635790
6.757071
6.346216
3.786407
1.038258
-1.000907
-1.715960
-0.865395
0.400837
1.581979
2.621218
4.823074
6.374853
7.122175
5.986700
3.967987
1.555767
-0.398482
-1.208489
-0.435663
1.005932
1.307465
2.360909
4.371103
6.433224
7.038216
5.937754
3.683215
1.319384
-0.668227
-1.045141
0.397589
1.651499
1.508327
2.385944
4.165932
6.137518
7.148081
5.847845
3.516578
0.864478
-1.392260
-2.152930
-0.820046
0.784977
0.811827
1.781427
4.345410
6.698267
7.150177
6.450552
3.659637
0.880875
-1.036752
-1.139922
-0.108021
0.706627
1.985112
2.895782
5.006423
6.343580
6.794744
5.864178
3.691613
1.538139
-0.713539
-1.687302
-0.211834
1.371086
2.095823
2.611823
4.432594
5.913321
6.647066
5.824011
3.445086
1.020069
-0.765356
-1.886379
-0.328670
0.638998
1.054837
2.106686
4.154639
6.009914
6.781399
5.715498
3.814270
0.923403
-0.859887
-1.488601
-1.174751
-0.088515
0.522408
2.016985
4.104560
6.317244
6.703468
5.991053
3.523567
1.068020
-1.288711
-1.735573
-1.249743
-0.384102
0.893944
2.288360
4.268691
6.355852
7.430101
6.052710
3.673754
0.864058
-1.181039
-1.744493
-0.680878
0.463858
1.446102
2.283020
3.884342
5.994951
7.257240
5.729095
4.023906
1.183500
-0.430663
-1.728202
-0.289748
0.765278
1.841233
3.344299
4.506689
6.056074
7.090490
6.398380
4.250838
1.560878
-0.981610
-2.027453
-0.755481
0.280806
1.152911
1.950120
4.406590
6.269613
6.991220
6.351757
4.282212
1.431751
-0.538742
-1.547206
-0.848428
0.357102
1.434900
3.338239
4.480680
6.395525
6.867830
6.257912
3.961771
1.029929
-1.249284
-2.050812
-1.117889
-0.151541
1.348078
2.239635
4.331266
6.525167
7.769930
7.099705
4.293210
1.601708
-0.348266
-1.065108
0.022020
1.631523
2.251144
2.727266
4.887204
6.532171
7.162279
6.249407
4.402590
1.551958
-0.299073
-1.174556
-0.342860
0.938250
1.344038
2.017667
4.071983
5.955389
6.645620
6.232992
4.655636
1.953485
-0.147065
-1.046458
-0.715882
0.762878
1.882736
2.633138
4.366529
7.153078
7.851408
7.020514
4.429721
2.352942
0.634083
0.053405
0.404573
2.162487
2.477821
3.385424
5.629847
7.081554
7.644381
6.972921
4.043194
1.362606
-0.812832
-1.703920
-0.930463
0.191763
1.217693
2.197743
4.502284
6.529451
7.088671
6.308502
4.095986
1.625308
-0.575993
-1.542464
-0.914473
0.336273
1.655497
2.918385
4.602814
7.002764
6.896566
5.947815
3.884981
1.349546
-0.476681
-1.038633
-0.738034
0.024585
1.543844
2.531167
4.042498
6.533777
6.948122
5.994844
3.255531
0.838606
-1.079117
-1.084733
-0.338868
0.477123
0.706410
2.108553
3.955989
6.381216
7.556883
5.924391
4.029038
1.717809
-0.087687
-0.999674
-0.422022
0.609373
2.020963
2.256415
4.384030
6.509340
7.660109
6.360155
3.882416
1.233203
-0.603715
-1.535209
-0.527027
1.014633
1.418496
2.333481
4.278457
6.176081
7.348246
5.755941
3.459618
1.018288
-1.212613
-1.802041
-0.427722
1.003929
1.634468
2.924944
3.988348
6.237459
6.970490
6.025320
4.158570
1.444768
-0.646489
-1.634351
-0.717060
0.201668
1.251826
2.418300
4.189880
5.870913
6.432177
5.493563
3.835717
1.229997
-1.029490
-1.647966
-0.437322
1.504826
1.718075
2.454741
4.133960
6.281355
6.849846
6.013586
3.690627
0.733441
-1.416394
-2.100728
-1.403570
-0.010071
1.257154
2.371386
4.268101
6.223421
7.090334
6.291746
3.945243
1.702115
-0.465093
-0.824456
-0.555614
1.151648
1.555532
2.695328
4.744756
6.429880
7.012793
5.914610
3.949354
1.510704
-0.067523
-0.553718
-0.566249
0.852087
1.534524
2.379465
5.092120
6.736067
7.148321
5.850969
3.501176
1.201648
-0.281244
-1.382902
-0.847864
0.771734
1.299050
2.475631
4.402568
6.703150
6.876787
6.062820
3.627515
1.072243
-0.692120
-1.583010
-0.644565
0.933483
1.835662
2.156443
4.321856
6.818674
7.737055
5.942327
3.785368
0.893575
-1.182206
-0.976989
0.619640
1.313761
1.797404
2.729354
4.588127
6.635952
6.751013
6.031382
3.749960
1.351062
-0.527497
-1.572117
-0.809270
0.230702
1.035725
2.154290
3.655695
5.479546
6.376974
5.544062
3.129676
0.765199
-1.572144
-2.179878
-1.213995
-0.010764
1.078606
2.273434
4.332112
6.015558
7.042929
5.735649
3.316676
1.034419
-1.316204
-1.864116
-0.520144
1.092525
1.474769
2.222747
4.010593
6.310099
7.177816
5.906996
3.147853
0.836726
-1.118552
-1.626688
-0.688821
0.900476
1.773625
2.310515
3.975398
5.797014
6.608114
5.459398
3.153923
0.498373
-1.039907
-1.199232
-0.695165
1.134703
1.704087
2.422041
4.058858
6.091784
6.938236
6.077042
3.807151
0.964202
-1.113022
-1.636616
-0.824355
0.088483
1.108002
2.125747
4.152739
6.117455
6.921921
6.047487
3.903681
1.206917
-0.738219
-0.986461
0.092762
1.272511
0.829586
2.251331
4.832093
6.332954
7.315523
6.333677
3.848010
1.201628
-0.821118
-1.568260
-0.821869
0.218714
1.392229
3.021806
4.702871
7.095676
7.309191
6.166481
4.526234
1.641599
-0.692196
-1.038184
-0.164040
1.248787
1.590581
2.388112
4.196530
6.543083
7.327578
6.365061
4.205481
1.672238
-0.123590
-0.299813
-0.061159
1.312397
1.921955
2.521279
4.973243
6.648680
8.132723
6.868053
4.612946
1.839509
-0.115905
-0.991442
-0.273130
0.826742
1.286565
2.911471
4.490984
6.969664
7.738905
6.805197
4.277959
1.860183
-0.214009
-0.514234
0.452372
1.072401
1.726324
2.498298
4.559843
6.217838
7.407026
6.618233
4.283322
1.926557
-0.332298
-1.133264
-0.384037
1.029583
1.779793
2.817261
4.880239
6.761501
7.069817
6.219542
3.893651
1.246990
-0.502054
-1.067595
-0.447392
1.061924
1.481132
2.462135
4.222935
6.037933
7.211412
6.320271
4.026160
1.526362
-0.787696
-1.399577
-0.992929
0.405580
1.139819
1.944170
4.200377
6.476866
6.921179
5.747326
3.296813
0.978176
-1.038464
-2.004245
-1.539886
-0.018204
1.313890
2.835730
4.135113
6.169641
6.239439
5.102245
2.979598
0.280699
-1.218485
-1.384957
-0.627766
0.076739
1.214278
1.860450
3.918907
6.369913
7.133625
6.541330
3.996834
1.492948
-0.421416
-1.230804
-0.629001
0.540308
1.814899
3.087997
4.918301
6.273279
7.056173
6.025591
3.555945
0.994777
-1.135576
-1.143347
-0.766300
0.985756
1.556225
2.241833
3.953126
6.059317
6.788935
6.036692
3.614051
1.450269
-0.528158
-1.662845
-1.048905
0.157723
1.597208
2.468383
3.955507
6.095175
6.883669
6.054031
3.676496
1.428991
-0.770882
-1.002942
-0.603927
0.981888
1.539446
2.159642
4.335364
6.263163
6.784208
6.125248
4.067830
1.464409
-0.773736
-1.564384
-0.756313
0.112947
0.999979
2.579800
4.708599
6.189180
6.967754
5.417704
3.667382
1.618549
-0.671308
-1.147490
-0.659721
0.850037
1.118433
2.275918
4.514009
6.786787
7.382385
6.437119
4.344913
1.196713
-0.509688
-1.228320
-0.497976
1.045088
1.745988
3.171209
5.420282
6.657671
7.483267
6.165899
3.740241
1.251565
-0.876060
-1.699758
-1.075572
0.413260
1.204352
1.904495
4.232476
6.290367
7.012669
6.223419
4.122027
1.612574
-0.267024
-0.923259
-0.201310
1.132179
1.292351
2.357274
4.473046
6.765631
7.406517
6.116438
3.927694
1.441859
-0.487566
-1.251354
-0.592000
0.313180
1.213704
2.424442
4.696217
6.605827
6.815573
6.057571
3.757048
0.774649
-0.855187
-1.498023
-0.782627
0.712276
1.481593
2.238768
4.173914
6.069626
7.112713
5.977022
3.419452
0.627650
-0.928789
-1.274802
-0.892554
0.664064
2.316483
2.853476
4.419583
6.462831
7.192644
6.036242
3.035817
0.701265
-1.248054
-2.375131
-1.150570
-0.245247
0.958450
1.975238
4.034073
6.403399
6.905275
5.579525
3.444503
1.017189
-1.274247
-1.857544
-1.335638
-0.208787
0.779113
2.003347
4.128600
6.390911
6.966192
5.833887
3.721378
1.827217
-0.628571
-1.508224
-0.929528
0.462019
1.347301
2.210546
4.825719
6.891626
