6.239783
5.376069
3.038001
0.649219
-1.805459
-2.221034
-1.692125
-1.085482
-0.004843
1.206466
3.949158
5.583327
6.340262
5.942592
3.652521
1.097323
-1.711429
-2.214443
-1.356610
-0.747915
0.347748
1.623787
3.740165
6.090404
6.856467
5.234332
2.947066
0.238843
-2.496166
-3.195784
-2.220785
-0.596915
0.228710
1.768521
3.949964
6.047637
5.942103
4.840632
3.052404
0.184821
-1.294532
-2.055009
-1.856112
-0.660999
0.708087
1.896786
4.423238
5.398971
5.827979
5.023511
2.941108
-0.045682
-2.253090
-2.404696
-2.091789
-1.069835
-0.135229
1.286869
3.162045
4.991782
5.768027
5.053191
2.497481
0.201967
-2.058012
-2.810414
-1.240458
0.136094
0.649367
1.434530
3.508532
5.629256
5.802413
5.180530
2.493833
-0.369412
-2.247953
-2.756162
-2.046078
-0.517579
0.363909
1.425531
3.030806
4.961169
5.520366
4.614493
2.126311
-0.396210
-2.277808
-3.112004
-2.399112
-0.831962
0.044481
1.560584
3.050530
5.002917
5.628507
4.327329
1.745271
-0.937245
-2.939463
-3.492830
-2.310927
-0.865849
0.335662
1.495894
3.446260
5.372771
6.110267
4.641102
2.888901
-0.160984
-2.417350
-2.561839
-1.868005
-0.664701
0.674513
1.819936
3.270685
4.946855
5.334987
4.784057
2.965499
0.147934
-2.085673
-3.028509
-2.672254
-0.923290
0.250829
1.685676
3.639771
5.822242
7.032065
5.555522
3.531325
0.836984
-0.750669
-1.908754
-0.702618
0.203048
1.038105
2.644512
4.622272
6.555928
7.013227
5.320781
3.150615
0.287387
-1.675393
-1.990264
-0.916788
0.199512
1.204401
2.648988
3.968758
5.703502
6.765330
6.008922
3.653266
0.697059
-1.186731
-1.924784
-1.073375
0.393758
0.823069
1.442862
3.853067
5.551681
6.088868
5.128421
2.998270
0.082934
-1.998995
-2.763990
-1.551549
-0.016195
0.788386
1.661854
3.392817
5.395518
6.496390
4.711455
2.582602
0.226744
-1.997931
-3.229688
-2.554248
-0.803666
0.222504
1.523722
3.297698
5.430968
6.566787
5.154540
2.842657
0.217930
-1.724953
-2.646971
-1.946939
-0.429991
1.010592
1.156382
2.812192
5.245101
6.364932
5.483985
3.371373
0.202945
-1.170326
-2.086169
-1.140553
0.095834
0.977642
1.686625
3.502611
5.606380
7.287589
5.231387
2.740863
0.201284
-1.945489
-3.014094
-2.401308
-0.988149
-0.371884
1.126348
3.286622
5.949622
6.774528
5.387212
3.441964
0.086503
-1.913456
-1.932922
-1.087263
0.031966
0.670506
1.564531
3.458411
5.642678
6.329749
4.842105
2.469846
-0.554375
-2.608513
-3.425488
-2.544253
-1.810994
-0.542782
1.297585
3.233111
5.317519
6.192662
5.174153
3.061451
0.120738
-2.367476
-2.675645
-1.380713
-0.331447
0.640855
1.616123
2.860549
4.851575
6.161220
5.044902
2.585465
-0.403289
-2.579258
-3.427134
-2.642419
-1.272945
0.083220
1.260074
3.285313
5.479609
5.909534
4.174322
2.434147
0.055625
-1.679729
-2.168642
-0.941158
0.095010
0.048447
0.723231
2.721172
4.395103
4.740035
4.406075
2.463973
-0.162328
-2.317881
-2.958374
-2.241538
-0.668759
0.315173
1.693927
2.441854
4.392656
5.205253
4.069982
1.709499
-0.983182
-3.116207
-3.306733
-1.373989
-0.287728
0.249008
1.342530
2.632570
4.620786
5.284534
4.231978
1.704712
-0.618916
-2.848941
-3.691832
-3.266834
-1.612870
-0.296440
0.931264
2.808879
4.803678
5.145785
4.220217
1.920635
-0.380100
-2.149706
-2.951009
-2.032023
-0.441314
0.411878
1.429871
2.819817
4.665866
5.142314
4.144456
2.493960
-0.387255
-2.294182
-3.506660
-2.425742
-0.705899
0.347285
1.001906
2.447399
4.686790
5.714248
4.475497
2.308689
-0.385773
-2.524896
-2.946842
-2.212274
-0.700135
0.163926
1.209484
2.939631
4.479904
5.759418
4.764112
2.180408
-0.029838
-2.025665
-2.915172
-2.314950
-0.777837
0.034295
1.569960
3.564237
5.476142
5.569121
4.471444
1.935248
-1.246090
-2.852061
-3.629893
-2.348741
-1.107201
0.035366
0.659592
3.009470
5.296153
5.647746
4.407493
2.487019
-0.147606
-2.623125
-3.550244
-2.560541
-0.876688
0.653759
1.866840
3.483737
5.213943
5.816264
4.437500
2.315918
-0.756006
-2.471910
-3.257334
-2.417535
-0.592191
0.004166
1.414531
3.243979
4.878274
5.558131
4.684648
2.234286
0.009480
-2.010383
-2.535689
-1.364677
-0.365706
0.384604
1.013091
2.660838
4.693259
5.264415
4.046455
1.753304
-0.879673
-2.835526
-3.281279
-2.601027
-1.485015
-0.132757
0.899302
2.445354
4.478104
4.830005
4.290456
2.484844
-0.503545
-2.980166
-3.164860
-2.415244
-1.059716
0.136713
1.384438
2.465110
4.721171
5.247355
4.266345
1.975787
-0.394266
-1.996616
-2.766665
-1.726781
-0.276793
0.694137
1.469912
3.081695
4.804435
5.432794
4.429248
1.608550
-0.595338
-2.719963
-3.047026
-2.705317
-1.602386
-0.947719
0.638474
2.475443
4.298365
4.485599
3.807771
1.486902
-0.828128
-2.640199
-2.341794
-1.996495
-0.821038
0.085649
1.142466
2.370846
4.308423
5.222531
4.058197
1.855493
-1.003037
-3.214189
-3.449910
-2.506343
-0.777246
-0.684644
0.688119
2.460110
4.486374
4.810256
3.800259
1.425360
-1.233447
-3.636755
-4.346660
-2.687037
-1.411304
-1.021123
0.680456
2.348144
4.081407
4.882209
4.100712
1.533772
-1.550251
-3.159319
-3.204604
-2.614761
-1.361020
-0.272517
0.994398
1.922516
3.522397
4.242958
3.464900
1.218484
-0.969785
-3.311764
-4.122032
-3.358070
-1.950566
-0.901114
0.613181
2.380842
3.988149
4.572387
3.687215
1.240782
-1.263441
-3.341131
-3.969440
-3.326936
-2.080141
-0.755552
0.303056
2.538957
4.399979
4.971030
4.372219
1.661484
-1.000358
-3.059289
-3.699189
-2.822866
-1.449267
-0.796195
0.512769
2.098111
3.514549
4.468852
3.407198
1.490478
-1.256409
-3.080288
-3.171891
-2.458813
-1.074577
-0.349648
0.338394
1.712229
3.759196
4.454653
3.431846
1.118538
-1.380542
-3.435792
-3.930000
-2.599972
-1.559689
-1.146653
0.266628
2.090196
3.208273
4.127758
3.873341
1.291811
-0.798451
-2.505342
-3.577885
-2.538079
-1.382801
-0.692872
0.723964
2.461799
4.484941
4.626688
3.368731
1.308057
-1.449117
-3.551709
-4.343665
-2.931659
-1.660416
-0.385373
0.720163
2.561399
4.055103
4.933171
4.049665
1.654683
-0.849771
-3.034951
-3.368821
-2.564848
-1.521979
-0.710565
0.826221
2.107711
3.727970
4.327255
3.733869
1.343801
-1.447830
-3.157156
-4.433707
-3.478055
-1.843925
-0.776824
0.708087
1.940717
3.651549
4.731013
3.378837
1.239338
-1.157767
-2.912168
-3.276785
-2.740399
-1.069520
0.232153
0.347446
1.745120
3.036609
3.652847
2.759394
0.880616
-1.571397
-3.632555
-4.300699
-3.577121
-1.952519
-0.822777
0.048952
1.416722
3.107245
3.549098
2.961435
1.127749
-1.396467
-3.202730
-3.425878
-2.641755
-1.505765
-0.771467
0.327721
1.905012
4.118102
4.560715
3.301867
0.808640
-2.051435
-4.313823
-5.277881
-4.103511
-2.267962
-0.970765
0.132259
1.950388
3.394698
4.164876
3.170298
0.445786
-1.811927
-3.696620
-3.974813
-3.290348
-1.985931
-1.048284
0.155036
1.535822
2.996976
3.959578
3.399050
1.554986
-1.135983
-2.995794
-3.427813
-2.708888
-1.217567
-0.313560
0.862000
2.172683
4.113877
4.710357
3.486494
1.658749
-1.361473
-3.069745
-4.041368
-2.824669
-1.324836
-0.005275
1.035674
2.459328
4.219253
4.781817
3.514688
1.220243
-1.284369
-3.114194
-3.394287
-2.600556
-0.698932
-0.156858
0.521351
1.994703
4.077220
5.315341
4.126519
1.857074
-1.025980
-3.045424
-3.962276
-3.018337
-1.507142
-0.662848
0.905611
1.718727
3.323696
3.887316
3.347937
0.826310
-1.938687
-3.715096
-4.930626
-3.512532
-2.223866
-0.966872
0.160908
1.234946
2.891660
3.801989
3.148642
0.729745
-1.944419
-3.919485
-4.900352
-4.040161
-2.112379
-0.978127
-0.431085
1.162252
2.859938
4.153734
3.559229
1.010983
-1.383519
-3.371687
-4.397466
-3.331716
-1.261748
-0.062619
0.290141
1.646506
3.350735
3.962090
3.152815
1.164853
-1.366290
-3.668783
-4.648000
-3.197193
-1.979745
-1.091211
0.253204
1.290652
3.365828
3.869349
3.159999
1.136372
-1.709410
-3.811091
-4.052097
-3.229164
-1.752070
-0.465515
0.599060
2.440019
4.138310
4.582638
3.090857
0.843696
-1.980958
-3.808982
-4.604441
-3.204807
-2.110090
-1.819884
0.025012
1.564780
3.429003
4.045950
3.581173
0.632527
-2.097170
-4.055041
-4.645528
-3.629643
-2.495890
-0.935192
0.025431
1.239863
2.744245
3.387753
2.291288
0.306724
-1.983699
-3.623079
-3.936253
-3.311016
-1.404704
-0.272815
0.256319
0.897754
2.273531
2.951679
2.632218
0.480382
-1.689442
-3.929364
-4.673482
-3.636979
-1.957056
-0.796755
0.340900
1.508101
3.183735
3.725530
2.855748
0.298998
-2.661235
-3.897079
-4.136868
-3.523975
-1.684918
-0.756533
-0.348334
1.066149
2.407807
3.511230
2.056894
0.277622
-2.184988
-4.256710
-4.649817
-3.816243
-1.759807
-1.007565
-0.200046
0.852476
2.516978
3.160340
2.277903
-0.004615
-2.376360
-4.008916
-4.422806
-3.606132
-1.801660
-1.042395
-0.001702
1.254276
2.878997
3.527448
2.674646
0.552356
-2.452914
-4.217727
-4.264104
-3.791151
-2.499116
-1.094737
-0.509138
0.831093
2.973904
3.413195
2.723682
0.651805
-1.451820
-3.511765
-4.380074
-2.715543
-1.231071
-0.219264
0.796809
1.835381
3.172873
3.444967
2.510694
0.080383
-2.447279
-4.699554
-5.110347
-4.321024
-2.437777
-1.041705
0.005496
1.324298
2.777322
2.974723
1.943952
0.000902
-2.153425
-4.613585
-4.841919
-3.927804
-1.792752
-1.129667
-0.829391
0.638163
2.164562
2.987430
2.098801
0.230201
-2.157075
-3.994058
-4.088578
-3.064317
-1.399762
-0.484817
0.161965
1.753825
2.932247
3.239708
1.493795
-0.112305
-2.366868
-4.293356
-4.909415
-4.121379
-2.017339
-0.638621
-0.154301
1.279065
2.913239
3.635776
3.071093
0.151522
-2.526867
-4.457940
-5.046166
-3.428016
-1.546695
-0.509011
-0.577418
0.708149
2.011884
2.606694
1.716816
-0.470995
-2.899340
-4.363424
-5.133387
-4.066899
-2.253634
-1.350394
-0.323053
0.366006
1.890062
2.595605
1.693350
-0.474216
-2.472578
-4.272470
-4.613173
-3.178152
-2.084575
-0.893158
-0.277433
0.690683
2.147450
2.322456
1.760007
-0.019199
-2.442006
-3.540583
-4.276551
-3.472282
-1.910470
-0.194690
-0.204659
1.185597
2.966627
4.764100
3.140785
0.693805
-2.000686
-4.390819
-5.123219
-3.657829
-1.802047
-0.511372
0.321597
1.323135
3.284083
3.074368
2.050147
0.372733
-2.199373
-4.394296
-5.506592
-4.478575
-2.537813
-1.525978
-0.926259
0.918162
1.994983
2.643119
1.914466
0.118688
-2.332383
-4.312525
-4.688968
-3.129950
-1.720891
-1.030591
0.352407
1.974543
2.824438
2.849112
2.584070
0.805577
-1.564420
-4.085726
-4.612075
-3.085523
-1.522761
-0.919740
0.345725
1.464605
2.611126
2.951999
1.848083
0.145151
-2.413054
-3.371847
-3.121697
-2.394919
-1.341439
-0.717158
0.501429
1.299086
2.678488
3.568809
2.780218
0.471004
-2.234555
-4.515357
-4.390401
-3.457269
-1.222075
0.396947
0.382210
1.493896
2.405515
2.924916
2.432571
0.132532
-2.213699
-4.493549
-5.194502
-3.997046
-2.417214
-1.709193
-0.562774
1.003906
2.252727
2.518222
2.040057
-0.243242
-2.846601
-4.925155
-5.138577
-4.402066
-2.869213
-1.603629
-0.918202
0.503324
1.957183
2.529963
1.717783
-0.081526
-2.710099
-4.119764
-3.912548
-2.267146
-0.814990
-0.426373
-0.572165
0.502727
1.875252
2.761216
1.783559
0.144165
-2.305971
-3.800950
-4.160610
-2.983769
-0.952712
-0.215974
-0.245728
1.203153
2.588184
2.412653
1.765626
-0.057815
-2.940112
-4.948368
-4.766228
-3.955280
-2.597144
-1.658183
-0.744540
0.379704
1.476394
2.045784
1.416022
-0.498231
-2.783485
-4.666713
-4.795115
-3.842525
-2.458684
-1.227105
-0.532557
0.676958
2.121123
2.695225
1.452946
-0.401342
-2.929776
-4.249948
-4.168443
-3.690027
-2.277469
-1.046229
-0.475668
0.467389
1.769548
2.089486
1.622776
-0.420084
-3.141988
-4.577888
-5.267623
-4.116224
-2.463298
-0.901492
0.239218
1.256331
2.079513
2.381824
1.848665
-0.482982
-2.705220
-4.148623
-5.052217
-3.730256
-1.988667
-1.123233
-0.550767
0.270231
1.681873
2.620747
1.883637
0.096555
-1.803581
-3.079831
-3.726289
-2.347503
-1.246415
-0.390573
-0.007315
1.296719
2.630594
2.831777
1.977948
0.127109
-2.390349
-4.740338
-5.029398
-3.892487
-1.761554
-0.164910
0.507927
1.446419
3.146846
3.635855
2.249540
0.205962
-2.673820
-4.561525
-4.745120
-3.864429
-2.853900
-1.446370
-0.333590
0.682444
2.254368
2.962048
2.227848
0.039992
-2.271340
-4.131028
-4.254169
-3.499796
-2.013194
-0.725627
-0.458484
0.640939
1.790755
2.063816
1.617254
-0.611128
-2.727546
-4.063252
-4.178799
-3.099256
-1.815120
-0.215062
-0.226382
0.554734
1.912960
2.607579
1.349512
-0.469045
-2.989385
-4.601601
-4.123138
-2.550921
-1.174298
0.016404
0.407646
0.973793
2.530322
2.513503
1.949574
-0.150005
-2.652930
-4.845160
-5.109176
-3.350753
-1.708398
-0.653443
-0.669608
1.116297
2.528500
2.875674
1.390966
-0.730859
-3.388694
-5.314939
-5.671306
-4.566228
-2.691895
-1.077836
-0.974275
0.139370
1.548885
1.507420
0.515204
-1.607886
-3.737924
-5.114797
-5.798359
-5.152504
-3.521312
-2.371112
-1.522261
-0.315090
0.950589
1.186779
0.147153
-1.316759
-3.357025
-5.167907
-5.361162
-4.349716
-2.320764
-1.326409
-0.968313
-0.215117
1.120042
1.454980
0.217723
-1.317194
-3.577829
-5.567426
-5.331024
-3.865690
-2.544677
-1.866307
-1.194871
0.186108
1.814183
1.668479
0.731031
-1.104224
-3.931462
-5.354882
-5.403559
-4.061647
-2.377877
-1.357366
-0.700871
0.070829
1.361933
1.955942
0.841535
-1.525477
-3.802976
-5.610204
-5.292444
-4.497533
-3.054545
-1.788995
-1.202182
0.232402
0.920231
1.197757
0.051104
-1.566031
-3.748169
-6.005983
-6.498625
-5.409865
-3.372302
-2.241504
-1.864555
-0.178417
1.421715
1.540535
0.213420
-1.355980
-2.933371
-4.882322
-5.106260
-3.594466
-2.376323
-1.429606
-0.551023
0.648922
1.614616
2.270201
1.378635
-0.813351
-3.303816
-4.827651
-5.123738
-4.398427
-2.743411
-1.292264
-0.392413
0.584783
1.993139
1.954474
1.085801
-0.884495
-3.523866
-5.286576
-5.326137
-4.124442
-2.426160
-1.623811
-0.539516
0.965547
1.674978
2.008552
0.363172
-1.362126
-3.702330
-5.081939
-5.457443
-5.221810
-2.718982
-1.559604
-0.976838
-0.416298
1.152130
1.718837
0.513563
-1.091761
-2.836079
-4.546044
-4.974769
-3.678132
-2.123366
-0.824986
0.047428
0.765734
2.195091
2.534212
0.821752
-1.209273
-3.621800
-4.924170
-5.197367
-3.813853
-1.606524
-1.050817
-0.522206
0.708563
2.851554
2.966119
1.684511
-0.473023
-2.842092
-4.734156
-4.811172
-3.332067
-1.679242
-0.958150
-0.637059
0.157592
1.891023
2.057561
0.789250
-1.250902
-3.882588
-5.314490
-5.236089
-4.097713
-2.549325
-1.305005
-0.528249
0.279159
1.174282
1.295906
0.208145
-2.050485
-3.927912
-5.613984
-5.495821
-4.304881
-2.828006
-1.655046
-0.898094
0.063917
0.738276
0.871118
0.098988
-1.864283
-4.078551
-5.830354
-5.968688
-5.074760
-2.817777
-1.193925
-0.248744
0.203809
1.028182
0.761389
-0.405320
-2.494704
-4.898725
-6.231088
-6.019294
-5.086054
-3.339667
-2.127063
-1.490228
-0.102235
0.936370
1.184589
-0.012668
-2.185960
-3.999881
-5.515294
-5.543952
-4.590948
-2.869397
-1.672151
-0.842248
-0.059344
1.297511
1.737677
0.512927
-1.169845
-3.645635
-5.174259
-5.340303
-3.693601
-1.805604
-0.677587
-0.800091
-0.300953
0.820953
1.680184
0.017602
-1.847696
-3.726151
-5.544251
-5.844244
-4.390134
-2.348929
-1.244395
-1.068851
0.420939
1.769532
2.013036
0.526165
-1.514872
-3.956866
-5.446669
-5.992196
-4.381492
-2.381221
-1.231910
-0.944255
-0.143409
0.933291
1.477514
0.111209
-2.032638
-3.990305
-5.803359
-5.783571
-4.304807
-2.471547
-1.640035
-0.615887
0.718549
1.156615
1.562888
0.950293
-0.923647
-2.951076
-4.572637
-5.344608
-3.812835
-1.639104
-0.307368
0.103806
0.393151
1.710361
1.640059
0.900062
-1.677691
-4.189941
-6.120272
-6.221196
-4.493627
-2.582170
-0.985528
-0.743169
0.010560
1.012794
0.850238
-0.474209
-2.459902
-4.539488
-6.297940
-7.246877
-5.578507
-3.407792
-2.158925
-1.836128
-0.212435
0.572968
0.791274
0.191181
-1.562925
-3.876526
-5.652602
-5.282785
-4.123883
-2.653424
-2.183640
-0.949590
0.141374
0.918452
1.276992
0.569592
-1.783525
-4.351595
-6.152376
-5.582471
-4.456838
-2.357772
-1.347932
-1.314989
-0.062242
0.777780
0.744712
-0.225526
-2.261088
-4.518182
-5.804799
-5.834304
-4.713643
-2.698665
-1.683951
-1.010031
-0.537794
0.076436
0.514427
-0.863359
-2.799081
-4.903270
-5.901314
-5.836628
-4.544169
-2.467216
-1.695289
-1.500036
-0.674637
0.392550
0.305103
-0.707303
-2.667203
-5.044702
-6.645502
-6.931824
-4.955268
-3.571559
-2.113534
-1.541424
-0.603409
0.107428
0.072759
-0.812154
-2.753139
-4.675670
-6.538383
-6.552893
-5.037675
-3.077065
-2.137694
-1.963465
-0.790227
0.518216
0.334167
-0.945564
-2.791046
-4.959819
-6.368415
-6.977759
-5.811248
-3.944730
-2.910342
-1.842237
-0.670027
0.010558
0.802942
0.148011
-1.926759
-4.031384
-5.999326
-6.089603
-4.594808
-2.231439
-1.016154
-1.220653
-0.184743
1.216840
1.042941
0.181150
-1.960609
-4.282786
-6.167810
-6.029561
-4.321446
-2.443799
-1.444737
-0.888237
0.385369
1.001178
0.802857
-0.297555
-2.205346
-4.764227
-6.538615
-5.972738
-4.800714
-3.203631
-1.635840
-0.776407
-0.452479
0.302710
0.217883
-0.458210
-2.585360
-4.493965
-5.893691
-6.138259
-5.880939
-3.569278
-2.492072
-1.697776
-1.115504
0.297438
0.104261
-1.064725
-2.972869
-5.204085
-6.819930
-6.701635
-5.172664
-3.162179
-2.281631
-1.907818
-0.381543
0.375731
0.846427
-0.637220
-3.025006
-5.322339
-7.205167
-7.166596
-6.007158
-4.238877
-2.690448
-1.877923
-1.301570
0.168722
0.138970
-0.798126
-3.134766
-5.489998
-7.168756
-7.388114
-5.838413
-4.155274
-2.969697
-2.675292
-1.428795
-0.749200
-0.687326
-1.931646
-3.603910
-5.822728
-7.547123
-7.227758
-5.417384
-3.247281
-2.091489
-1.498376
-1.122421
-0.430181
-0.284923
-1.707795
-3.164098
-5.529243
-6.791869
-6.605338
-5.100373
-2.931273
-1.747643
-1.707291
-0.744560
0.331808
0.403416
-0.886146
-3.138700
-5.563988
-7.037119
-7.443930
-6.395070
-4.639808
-2.694303
-2.039074
-0.677752
-0.057460
-0.375587
-2.117724
-4.045218
-6.211864
-7.824037
-7.494938
-5.820498
-4.487292
-2.815984
-1.998938
-1.525068
-0.707008
0.366636
-0.887236
-3.073087
-5.031206
-5.926531
-5.452892
-4.499032
-3.524039
-1.706136
-1.059089
-0.639346
0.192511
0.567574
-0.877688
-3.235202
-5.581938
-7.403650
-7.499752
-6.271338
-3.932708
-2.941154
-2.487309
-1.287339
-0.340506
-0.445213
-1.830251
-3.576448
-6.183248
-8.002200
-8.124306
-6.783450
-4.459250
-3.709984
-3.318490
-2.163092
-1.030743
-1.380507
-1.949451
-3.778819
-6.135471
-7.249099
-6.559057
-5.285238
-3.440084
-2.262538
-2.255278
-1.274642
-0.934230
-0.717875
-1.689801
-3.571699
-5.515640
-7.458467
-7.206591
-5.808021
-3.830407
-3.052204
-2.268250
-1.369263
-0.615470
-0.320463
-1.068070
-2.783778
-5.195797
-7.130015
-7.884548
-6.272189
-3.790551
-3.054299
-2.708099
-1.619996
-0.405766
-0.149275
-0.988779
-3.290839
-5.688765
-7.171458
-7.395562
-5.876175
-3.633960
-2.632970
-2.016925
-0.929235
0.235419
0.390143
-0.831759
-2.608181
-4.748036
-6.859726
-7.747241
-5.829133
-3.772933
-2.785251
-2.126792
-0.736254
0.255253
0.329793
-1.300714
-2.934932
-5.014175
-6.766352
-7.427150
-6.210263
-4.174968
-2.400502
-1.538560
-0.595736
0.805188
0.677444
-0.761667
-2.750648
-5.034899
-6.980265
-7.008444
-5.385589
-3.570539
-2.029748
-1.411883
-0.932329
0.274725
0.991908
-0.106348
-2.670875
-5.379888
-7.284341
-7.016438
-5.718991
-4.019984
-2.995727
-2.146548
-1.322006
0.215247
0.422372
-1.508772
-3.344313
-5.517323
-7.282972
-7.493136
-6.406360
-4.007186
-2.749524
-2.364881
-0.968938
-0.033287
0.188634
-0.767689
-3.132159
-5.614264
-7.448792
-7.851781
-6.484591
-3.966891
-2.514977
-2.198032
-1.477251
-0.060399
-0.448153
-1.362338
-3.385464
-5.348871
-6.397214
-6.475424
-5.923580
-4.500438
-2.668361
-2.117410
-1.459218
-0.707065
-0.079595
-0.997716
-3.031957
-5.009704
-6.617512
-6.208151
-4.934128
-3.479901
-2.052226
-1.681125
-0.504436
0.102244
-0.225471
-1.042463
-3.062333
-5.501145
-6.999716
-7.342180
-6.167523
-3.691478
-2.145181
-1.938251
-1.066941
-0.013985
0.009624
-1.203900
-2.999251
-4.817151
-6.763170
-6.257796
-4.692858
-3.553710
-2.501134
-2.131323
-1.125986
-0.116715
0.305763
-1.049816
-2.615941
-4.316155
-6.084211
-6.324738
-4.698186
-3.295394
-2.466097
-1.763840
-0.628488
0.181734
0.177732
-0.379232
-2.564065
-4.992126
-6.602555
-6.976790
-5.569786
-3.982017
-2.471644
-1.943784
-0.402121
0.564775
0.529963
-0.744640
-2.535784
-4.592608
-6.184404
-6.273306
-4.917517
-3.702819
-2.828196
-1.752904
-0.440297
0.830406
0.704184
-0.852458
-3.112424
-5.519926
-7.362082
-7.561201
-6.466016
-4.163054
-3.140543
-2.634735
-1.172186
0.484127
1.088772
-0.468664
-2.787687
-4.645938
-6.670029
-6.720126
-5.338758
-3.673947
-2.094787
-1.967120
-1.011503
-0.332836
-0.556766
-1.069596
-2.970239
-5.135596
-6.067165
-5.716566
-5.057837
-3.072324
-2.004312
-0.906557
0.679741
1.192225
0.669509
-0.219401
-2.293893
-5.219001
-6.703652
-6.982049
-5.784498
-3.184283
-2.245340
-1.649840
-0.993002
0.187262
0.199889
-0.657325
-3.113742
-5.405297
-6.976339
-7.080312
-6.100297
-3.972829
-2.917591
-2.240949
-1.149857
0.113688
0.307333
-0.795266
-3.204470
-5.229407
-6.290450
-6.787843
-5.734903
-4.343531
-3.121836
-2.576551
-1.372444
0.078299
0.415591
-0.484313
-1.944969
-4.123729
-5.672630
-5.493939
-4.833597
-3.542996
-1.891517
-0.698899
0.075480
0.951945
1.248744
-0.238308
-2.259542
-5.295481
-6.628681
-7.454630
-6.171165
-4.261266
-3.290378
-2.059227
-0.656844
0.641832
0.269587
-1.042726
-3.672245
-5.873995
-7.406826
-7.483927
-6.297733
-4.817730
-3.315553
-2.684144
-0.897151
0.780271
0.783885
-0.544483
-2.824863
-4.695367
-6.040303
-6.444500
-5.581405
-3.506745
-2.405376
-2.279135
-1.170656
0.004222
-0.162377
-1.384746
-3.040935
-5.460128
-7.362643
-6.833468
-5.273983
-3.757571
-2.420871
-1.893664
-0.949666
0.036423
-0.155872
-1.428223
-3.343668
-5.421744
-7.196308
-7.888448
-6.689566
-4.938531
-3.331100
-2.384259
-0.783882
0.406834
0.400922
-0.956962
-3.068046
-5.555861
-7.174034
-7.579669
-6.530780
-4.533008
-3.646593
-2.228448
-1.074550
0.046323
0.078762
-1.397870
-3.725204
-5.623116
-6.839267
-7.188467
-6.208290
-4.601571
-3.404507
-2.704504
-1.291037
-0.570834
-0.351615
-1.206626
-3.446946
-5.771179
-7.288231
-7.510687
-6.414935
-4.808897
-3.512635
-2.980021
-1.612103
-0.555515
-0.598798
-1.703116
-3.436678
-6.245873
-7.850737
-7.974566
-6.611967
-4.467541
-3.252996
-2.502444
-1.280569
-0.547540
-0.517467
-1.891128
-4.305361
-6.468003
-8.324507
-8.577384
-6.721757
-4.909369
-3.637068
-2.827088
-1.643435
-0.952734
-0.632602
-1.626543
-3.324811
-5.593205
-7.010491
-7.004754
-6.608459
-4.382967
-3.569568
-3.072226
-1.600267
-0.345756
-0.162591
-1.031308
-3.490665
-5.857934
-7.884495
-8.307856
-6.824481
-5.438600
-4.005168
-3.006779
-1.867101
-1.205133
-1.064281
-1.973346
-4.076557
-6.415976
-8.281282
-8.485041
-6.689356
-5.697679
-4.623725
-3.601313
-2.212856
-1.430963
-0.609725
-1.995255
-4.327678
-6.306658
-8.094626
-7.924475
-6.402634
-5.085110
-3.482500
-2.757459
-1.609669
-0.828604
-0.351114
-1.996556
-3.610685
-5.244892
-6.942487
-7.326083
-6.641759
-4.598325
-3.940754
-2.973726
-1.378317
-0.204918
0.115132
-1.414188
-3.575715
-5.914609
-7.665714
-7.937325
-7.049519
-4.821372
-3.448030
-2.806694
-1.624110
-0.577289
-0.204211
-1.683924
-3.841666
-6.285862
-8.163780
-8.013578
-7.373717
-5.585232
-3.948601
-2.897130
-1.000519
-0.437946
-0.441065
-1.601518
-3.229635
-5.467507
-7.333806
-7.347475
-6.121421
-4.709323
-3.166965
-2.327031
-1.504251
-0.329538
-0.350360
-1.214927
-3.744518
-5.793080
-7.273231
-7.971488
-6.644491
-5.054217
-4.562680
-3.583813
-1.731141
-0.507194
-0.465919
-1.369292
-3.853616
-6.185876
-8.044941
-8.215951
-6.651898
-4.746777
-3.657561
-3.343487
-2.201020
-1.127152
-0.628104
-1.518081
-3.787335
-6.176896
-7.755122
-7.977050
-7.249021
-5.836775
-4.769162
-3.090097
-1.562506
-0.754355
-0.290052
-1.718618
-3.742161
-6.660507
-8.326912
-8.905447
-7.430860
-5.412855
-4.210363
-3.372353
-1.887266
-0.507617
0.012340
-1.203349
-3.577827
-6.041968
-8.186577
-9.031713
-8.137947
-6.243124
-4.661186
-3.502386
-2.732304
-1.237187
-0.597066
-1.828318
-3.840315
-6.654779
-8.289910
-8.455024
-6.890488
-5.284595
-3.660747
-2.733659
-1.861892
-1.151649
-0.737190
-1.211480
-3.456911
-5.527716
-6.861037
-7.202027
-5.716191
-3.823195
-2.547647
-2.132339
-0.704057
0.205911
0.202375
-0.758105
-2.624356
-5.654127
-7.467192
-7.942939
-6.961751
-5.546132
-4.222234
-3.090695
-1.749463
-0.293791
0.265816
-1.051646
-3.224980
-6.036313
-8.040228
-8.547064
-7.809308
-5.773040
-4.050943
-3.479524
-1.977674
-0.267211
0.180282
-0.948811
-3.125847
-5.539133
-7.558545
-8.453059
-6.966230
-5.282273
-3.827875
-3.043974
-1.924797
-0.815873
-0.278490
-0.896455
-2.553689
-5.226287
-7.364460
-8.321862
-7.076711
-5.530321
-3.956877
-2.554750
-1.146800
-0.034764
0.523575
-0.799691
-3.060327
-5.988811
-8.119751
-8.076696
-6.311477
-4.699540
-3.808390
-3.293518
-1.717588
0.010770
0.781157
-0.990897
-2.879095
-5.753511
-8.166689
-8.782336
-7.335690
-5.871450
-4.206777
-3.697625
-2.100243
-0.413800
0.012812
-0.746723
-2.664013
-4.873439
-7.324746
-7.570640
-5.953326
-4.743982
-3.638847
-2.685215
-1.161697
0.579711
0.707963
-0.441310
-2.960019
-5.547004
-7.206469
-7.684244
-6.727416
-5.404415
-4.338481
-2.821763
-1.405110
-0.827516
-0.675546
-1.267468
-2.941863
-5.699582
-7.532293
-7.386309
-6.235019
-5.358322
-4.458645
-2.606376
-1.373723
-0.160044
-0.074277
-1.137123
-2.837022
-5.315307
-6.994674
-7.519955
-6.655199
-5.133199
-4.119137
-2.815059
-1.414523
-0.081464
0.437628
-0.662628
-2.899490
-5.392557
-7.875930
-8.637224
-7.572913
-5.520782
-4.150197
-3.217844
-1.916142
-0.293202
0.364144
-0.338401
-2.621146
-5.067550
-7.223094
-7.746625
-6.382523
-4.151795
-3.066192
-2.617309
-1.412346
-0.341178
0.521251
-1.066481
-3.199952
-6.094787
-8.373197
-8.649623
-7.557194
-5.759072
-4.446696
-3.312983
-2.191980
-0.256866
0.716531
0.183617
-2.437264
-4.996057
-6.744174
-7.213840
-6.308660
-4.521701
-3.660253
-3.127350
-1.487712
0.032244
0.376338
-0.694852
-3.068137
-5.941079
-8.029061
-8.793403
-7.287399
-6.104725
-4.257588
-2.886744
-1.321059
0.530996
0.864544
-0.527400
-3.044581
-5.637554
-8.150463
-8.508265
-7.115534
-5.511077
-4.056531
-2.815894
-1.902447
-0.724097
-0.140149
-0.385386
-2.619208
-5.309790
-7.681751
-7.856835
-6.789814
-5.581408
-4.146070
-2.895869
-1.470659
-0.390824
0.054229
-0.608808
-2.889464
-5.100737
-7.456267
-7.667329
-6.905301
-5.043701
-3.940620
-3.094585
-1.752621
-0.905864
-0.047754
-1.190249
-3.216846
-5.725050
-7.646589
-7.570253
-6.925866
-5.393280
-4.295375
-3.377035
-2.064122
-0.227305
0.099371
-1.280892
-3.268326
-6.046394
-8.205729
-8.348598
-7.457210
-6.274449
-4.824864
-3.239088
-1.311601
0.323566
0.775746
-0.514636
-2.943355
-5.416127
-7.755685
-8.524023
-7.417525
-5.672991
-3.729436
-2.767794
-1.329173
0.224303
1.006070
-0.107223
-2.761923
-4.658551
-6.526740
-7.369756
-6.242903
-4.597792
-2.922064
-2.374830
-1.541573
0.133960
0.235101
-0.662850
-2.680446
-5.159801
-6.593638
-7.163883
-6.103045
-4.545841
-2.958933
-1.878119
-0.893053
0.242396
0.422116
-0.701953
-2.686868
-5.721138
-8.061834
-8.910110
-7.466532
-5.491898
-4.018085
-2.797883
-1.597945
-0.319007
0.112514
-0.736671
-3.344892
-5.657052
-8.244745
-8.277504
-7.591900
-5.863003
-4.811028
-3.526555
-1.852598
-0.016967
0.186837
-0.710196
-3.191354
-5.679367
-7.723097
-8.468878
-7.228154
-5.447462
-4.248034
-3.887672
-2.278943
-0.340068
-0.121993
-0.641032
-3.152652
-5.768671
-7.443946
-7.746971
-6.839375
-5.479342
-3.631614
-2.329214
-1.368731
0.411994
0.722444
-0.588000
-2.312108
-5.175174
-7.505203
-8.715807
-7.512682
-5.920507
-4.401068
-3.634662
-1.828209
-0.143296
0.526642
-0.246330
-2.330358
-5.274545
-7.734936
-8.082695
-6.903420
-5.394863
-4.105463
-3.207201
-1.003988
0.442080
1.207716
0.126824
-2.055529
-4.653479
-7.040732
-7.333772
-6.264680
-4.938773
-3.422476
-2.091837
-0.966813
0.812791
1.232028
-0.587814
-2.565177
-5.272111
-6.798958
-6.442307
-5.268845
-3.811564
-2.845301
-2.210678
-1.044033
0.768466
1.523665
-0.108151
-1.802260
-4.665268
-6.956239
-8.087093
-7.001448
-5.438684
-4.070282
-2.539541
-0.680649
0.944465
1.850630
0.751201
-1.933273
-4.078340
-6.432125
-6.430333
-5.979644
-4.653327
-3.270579
-2.237672
-0.826099
0.789948
0.936015
0.242116
-1.968547
-4.612219
-7.152710
-7.484245
-6.731318
-4.831779
-3.739214
-2.326907
-1.269151
-0.001014
0.827255
-0.841996
-2.698677
-4.821437
-6.814324
-7.339663
-6.495101
-5.145867
-3.752213
-2.498131
-1.256183
0.231395
0.673582
-0.014971
-1.852222
-4.730215
-7.030607
-7.958302
-6.671309
-4.804873
-3.513729
-2.126959
-0.898539
1.215928
1.890237
-0.343396
-2.047410
-4.530651
-6.678094
-7.720450
-6.906037
-4.733837
-3.938402
-2.842946
-1.476306
0.201927
0.879526
-0.073514
-2.284101
-4.754649
-6.697477
-7.493029
-6.813523
-5.110035
-3.196539
-2.592055
-1.080260
0.580546
0.497808
-0.255672
-2.397090
-5.172483
-7.135892
-7.744627
-5.982193
-4.684675
-3.271628
-3.022800
-1.299154
0.749209
1.414317
0.433164
-1.751805
-4.845728
-6.769616
-7.538204
-6.063321
-4.057621
-3.426169
-2.758598
-1.450210
0.626967
1.252584
0.035720
-2.137155
-4.402165
-6.451154
-7.483521
-7.289739
-5.381069
-3.660488
-2.134969
-0.137799
1.385422
1.636992
0.133836
-2.016246
-4.833063
-6.665397
-6.829423
-6.180551
-4.924488
-3.251768
-2.088376
-1.358092
0.502498
0.656747
-0.223365
-1.890658
-4.571107
-6.928847
-7.953978
-6.840040
-5.302393
-3.839373
-3.076495
-1.282065
0.666939
0.894316
0.431946
-1.875113
-4.981958
-7.074812
-7.701202
-6.308756
-4.817433
-4.084154
-2.900298
-1.668874
0.241705
1.201837
0.363014
-2.001812
-4.666136
-6.968705
-7.434902
-6.823279
-5.299582
-4.040618
-2.935672
-1.003387
0.427915
0.735229
-0.228595
-1.762995
-4.273462
-5.993995
-6.671722
-5.621963
-4.478855
-3.532656
-2.409154
-1.095368
0.752564
1.055857
0.260966
-1.867331
-4.805399
-7.032598
-7.849598
-6.329700
-4.569405
-3.340750
-1.994380
-0.504646
0.181872
0.476884
-0.644996
-2.201216
-5.393859
-7.208294
-7.664176
-7.095031
-5.958261
-4.880530
-3.173754
-1.723339
-0.373081
0.952826
0.368749
-2.127250
-4.811588
-6.537924
-6.276387
-5.186993
-4.342716
-3.522712
-2.820781
-1.490323
0.486735
0.794088
-0.221148
-2.312984
-5.047716
-6.936903
-7.800014
-6.543050
-4.552567
-3.318701
-3.332773
-2.029943
-0.520713
0.487176
0.015421
-2.406417
-5.407346
-7.927998
-8.187599
-6.797394
-5.057134
-3.801182
-3.072133
-1.963016
-0.310599
0.539889
-0.747815
-2.989708
-5.131903
-6.805658
-7.721117
-6.835034
-5.510863
-4.391916
-3.034844
-1.108676
0.553538
0.694380
0.164659
-2.138038
-5.311398
-7.865900
-8.596445
-7.873559
-6.464251
-4.673965
-3.688342
-1.766206
0.050347
0.638755
0.169009
-2.054187
-4.541897
-6.957969
-7.131723
-5.728252
-4.314262
-3.396612
-2.208508
-1.105985
0.423697
0.987893
0.412845
-2.038132
-4.401678
-6.778898
-6.686473
-5.164099
-3.600484
-3.037563
-1.816300
-0.418268
1.445500
2.183276
1.087185
-1.125221
-4.169574
-6.507350
-7.413075
-6.628548
-5.390167
-3.759735
-2.606581
-0.148971
1.731256
2.358176
0.862322
-1.924610
-4.326837
-6.790102
-7.860752
-6.745733
-5.060720
-3.852601
-2.439806
-1.135228
0.470675
1.577468
0.745084
-1.300336
-3.951092
-6.086201
-7.283009
-6.316470
-5.128546
-3.621325
-2.535284
-0.840592
1.147819
1.475013
0.782134
-1.455385
-3.708802
-6.251060
-7.082356
-5.701201
-4.282825
-3.221668
-1.738202
-0.411777
1.035251
2.000287
1.020623
-0.997508
-3.336268
-5.600613
-5.636649
-4.956041
-3.736808
-3.139279
-2.151874
0.061189
1.657462
2.218484
0.907292
-0.582524
-3.514715
-5.471625
-6.264866
-5.173773
-3.879947
-2.712271
-1.365283
0.428878
2.007820
2.802150
1.592107
-0.729293
-3.595667
-6.404574
-7.002837
-6.534636
-4.871446
-3.348508
-2.114733
-0.078032
1.663394
1.992949
1.220310
-0.960872
-3.598216
-5.817615
-6.636182
-6.071789
-5.022496
-3.466563
-1.911251
-0.319662
1.856004
2.513635
1.555780
-0.489829
-3.221770
-5.531422
-6.580145
-5.526419
-3.832865
-2.625679
-1.573599
0.123122
1.889290
3.046337
2.212017
-0.263324
-3.065570
-5.492006
-6.282986
-5.513741
-4.159178
-2.542809
-1.653971
0.823110
2.297982
2.968530
1.648406
-0.740404
-2.922068
-5.087587
-6.141734
-5.031395
-4.036734
-2.857420
-1.859894
-0.187328
1.390855
2.189182
1.043744
-0.547089
-3.584145
-5.933197
-6.715803
-5.818653
-4.992251
-3.200800
-1.792144
0.130656
1.728009
2.458140
2.046414
-0.472661
-3.186686
-4.949245
-5.069401
-4.299184
-2.936140
-2.133172
-1.136165
0.389025
2.617973
2.919790
1.921792
-0.208622
-3.276029
-5.633776
-6.588299
-5.028502
-2.975888
-2.039927
-1.031016
0.282190
2.259515
2.888534
1.852649
-0.403017
-2.554406
-5.438712
-6.018426
-5.001074
-3.702277
-2.978877
-1.595823
0.377247
2.251970
3.330503
2.464045
0.119102
-2.769337
-5.265260
-5.957670
-4.694052
-3.443681
-1.588196
-0.169542
1.195971
3.045079
3.986374
3.188619
0.271212
-2.443336
-4.894551
-6.093040
-5.286704
-3.133084
-1.907719
-0.929189
0.814295
2.896619
3.623895
2.718251
0.504827
-2.306878
-4.705164
-5.926875
-4.208243
-2.830009
-2.366797
-0.972111
0.827197
2.678047
4.342338
3.463946
0.923520
-1.685939
-4.126444
-5.347909
-4.760972
-3.313268
-1.429271
-0.604313
0.706658
2.534295
3.597181
3.190017
0.882664
-2.465125
-4.568179
-5.007763
-3.665699
-2.910903
-1.789786
-0.430845
0.954273
2.366569
3.844943
3.065593
0.396670
-1.890100
-3.915317
-4.938436
-3.255005
-1.675736
-0.348623
0.057469
1.453513
3.277493
3.509227
2.955235
1.303317
-1.303274
-3.696977
-4.866179
-3.879139
-2.617886
-1.357757
-0.282318
1.501698
3.580211
4.402499
3.355563
1.372505
-1.566430
-4.049870
-4.486135
-3.973629
-2.998491
-1.479179
-0.105501
1.883550
3.800764
4.519784
3.754774
1.775862
-1.439019
-3.609827
-4.293676
-3.622145
-2.163893
-0.760372
-0.256742
1.269163
3.446198
4.786250
4.332050
2.027226
-0.906975
-3.365236
-4.142625
-3.082706
-1.754907
-1.102013
-0.231297
1.495610
3.699247
4.755980
4.337152
1.685953
-1.030306
-3.343417
-4.434544
-3.857532
-2.523505
-1.812965
-0.258107
1.958536
4.348656
5.136893
3.808173
1.681473
-1.302541
-3.325462
-4.724139
-3.841933
-2.078080
-1.582765
-0.530530
2.192815
4.136038
4.786006
4.120001
1.827960
-1.036492
-3.396801
-4.890759
-3.460198
-2.606812
-1.873760
-0.485049
1.728745
3.913178
4.967250
3.888841
1.583625
-0.896124
-3.560608
-4.678801
-3.661051
-2.274804
-1.533241
0.231741
2.086247
3.846135
5.093822
4.284663
1.489541
-1.283319
-3.396891
-3.921189
-3.094861
-2.099511
-1.499538
-0.099220
1.965698
3.943543
4.969851
3.907701
1.662650
-0.973159
-3.093912
-3.941879
-2.805627
-2.130066
-0.558975
0.497814
2.577394
4.468704
4.621277
3.642568
1.334432
-0.973913
-3.181126
-4.141401
-3.092361
-1.921451
-0.710521
0.248743
1.938039
3.886847
4.746436
3.967077
1.957864
-0.800686
-2.297648
-3.192822
-2.682033
-1.845042
-0.951519
0.667664
2.522662
4.666272
5.217090
4.458756
1.706306
-0.923082
-3.331596
-3.957605
-3.221898
-1.348233
-0.481373
0.752453
2.606692
4.850768
5.569926
4.207133
2.394167
-0.905590
-2.638648
-3.075899
-1.952864
-0.564483
0.218867
0.858294
3.048221
4.575181
5.346961
4.282241
2.123199
-1.183381
-3.208522
-4.017874
-2.916061
-1.319103
-0.379861
0.505105
2.335670
4.170470
5.151019
4.380795
2.716971
-0.552279
-3.048462
-3.383807
-2.801342
-1.116940
-0.202841
0.916080
2.894341
4.572319
5.626718
3.853810
1.432661
-1.159916
-2.780879
-2.857610
-1.491009
-0.996131
0.215055
1.231793
2.802841
4.814923
5.145663
3.862084
2.019068
-0.356192
-2.576849
-3.474871
-2.814685
-1.312593
-0.312879
0.843686
2.769307
4.909368
5.296660
4.056428
2.069899
-0.325825
-2.117826
-2.093771
-1.976947
-0.457370
0.697568
1.701773
3.149273
4.724021
5.482831
4.819335
2.879392
0.452321
-1.563537
-2.005363
-1.310975
-0.164443
0.203346
1.060499
3.144286
5.314223
6.347529
4.921184
2.556483
0.090206
-1.901387
-2.612234
-1.802754
-0.443681
0.878864
1.427616
3.282434
5.428441
6.472196
5.299327
3.013897
0.492955
-1.419775
-2.134171
-1.241695
-0.431054
0.205581
1.431001
3.289332
5.233800
5.840981
5.008574
3.394273
0.285506
-1.878192
-2.458828
-1.873978
-0.599585
0.323229
1.674337
3.333248
5.560426
6.609994
5.538657
3.502445
0.593445
-1.536039
-2.119020
-1.530946
0.114110
0.753164
1.638924
3.659274
5.291251
5.722320
4.972640
2.962918
0.330544
-1.691903
-2.570868
-2.039616
-0.356536
1.396377
2.078801
3.055656
5.235238
6.165427
4.959193
3.345355
0.928207
-1.108622
-2.043019
-1.104997
0.291268
0.916034
1.858450
3.765093
5.733489
6.279761
5.595027
3.035418
0.721514
-0.870194
-1.608527
-0.682788
0.451137
1.318994
2.117565
4.208250
6.062268
6.599971
5.430640
3.310019
0.743060
-1.572841
-2.293360
-0.840497
0.794152
1.313296
2.105387
3.843507
5.518931
6.324750
5.019238
3.528281
1.151035
-1.243868
-1.140572
-0.728186
0.407014
1.523215
2.371181
3.805144
5.825047
6.558944
5.422929
3.478691
1.013173
-0.902140
-1.846790
-1.307477
0.653121
1.546020
2.108625
3.589387
6.151732
6.885156
5.871158
3.548060
1.196997
-1.001154
-1.703476
-0.851874
0.233708
1.045031
2.132930
3.789776
6.115840
6.263358
5.756341
3.670064
0.651856
-1.339901
-1.813442
-1.278534
-0.019553
0.806985
1.568008
3.699666
5.565909
6.446525
6.186675
3.543638
1.254957
-1.098089
-2.048723
-1.025281
0.037364
0.772968
1.894535
3.890873
5.882899
6.672656
5.953776
3.619500
1.278432
-0.702081
-1.392327
-0.655253
0.673711
1.309035
2.286256
4.114717
6.633618
7.392354
6.604556
4.067490
1.884166
-0.147694
-0.211368
0.591458
0.881860
1.297111
2.523550
4.507740
6.551318
7.073503
6.854032
4.578827
1.524521
-0.539769
-1.456028
-0.338481
0.706084
1.038831
2.276589
4.382934
6.973563
6.994767
5.855514
3.667906
0.874370
-0.802677
-1.737486
-0.546489
0.851350
1.283399
2.058559
4.353026
6.575114
7.165206
5.984952
3.838612
1.754549
-0.543532
-0.871193
-0.199941
0.993894
2.365117
3.023781
4.159666
6.667018
7.338462
6.641303
3.982330
1.650817
0.065942
-0.678287
-0.426246
0.496829
1.356616
2.646507
4.657851
6.741494
7.696567
6.353036
4.164630
1.561993
-0.301612
-1.076645
-0.529405
0.668822
1.475776
2.620169
4.455050
6.375911
7.227139
6.292495
4.316735
1.687453
-0.307277
-0.909347
0.154481
1.154349
2.027408
2.695518
4.063584
6.162015
6.969554
5.775855
3.960367
1.123631
-0.819977
-1.482534
-0.782467
0.248235
1.049500
2.298402
4.274619
6.088695
7.085284
6.581168
4.659553
2.050354
-0.088042
-1.141973
-0.484977
1.023568
1.656997
2.992839
4.643050
6.435111
7.288302
6.376180
3.907925
1.352437
-0.564685
-0.615762
0.130328
0.715829
1.308511
2.167574
3.951899
5.820115
6.868857
6.013003
3.883298
1.348230
0.097591
0.123957
-0.163968
1.271476
2.624351
3.634864
4.619754
6.848317
7.514880
6.391269
3.810808
1.457054
-0.934686
-1.644163
-0.942616
0.543992
1.423104
2.363642
3.860140
6.089328
7.065154
5.874572
4.251013
2.072861
-0.199256
-1.128635
-0.124650
0.887380
1.766644
3.598492
5.157577
6.270434
7.108119
6.114154
4.520317
1.582780
-0.627258
-1.527158
-0.007960
1.196984
2.108174
2.978479
4.949367
6.291152
6.868861
5.989581
3.691551
1.611966
-0.571635
-0.929326
-0.069594
1.027118
1.743651
2.843670
4.147833
5.715753
6.624862
5.751182
4.377744
1.928671
-0.118957
-0.809320
-0.102168
0.568233
1.467547
2.551861
4.320607
6.347220
6.998631
6.176280
3.703020
1.726888
-0.167712
-0.751060
-0.041963
1.164775
1.646993
2.500772
4.434178
6.423755
7.654397
6.154387
4.210340
1.582851
-0.002441
-0.770744
-0.611035
1.066596
1.765828
2.569519
4.258410
6.433619
7.250117
6.297828
4.324923
1.779576
-0.748230
-0.902868
0.027469
1.182109
1.686543
3.109857
5.239884
7.065667
7.762771
6.882251
4.478879
2.128588
-0.423059
-1.990001
-1.126144
0.348159
1.226581
2.903035
4.451595
6.572183
7.693484
7.243907
4.260091
1.719933
-0.691430
-1.032306
-0.030711
0.932698
1.617303
2.401251
4.195825
6.247653
6.697162
5.627097
3.591386
1.667273
0.053591
-0.046052
0.004754
0.888263
1.363280
2.450747
4.013078
5.721831
6.326724
5.827624
4.215568
1.710301
-0.122591
-0.672358
-0.652348
0.562522
1.611505
2.645129
4.677840
7.164794
8.276027
6.287890
4.048162
1.711680
-0.696607
-1.503997
-0.719536
0.613193
1.084635
2.394312
5.006068
7.291789
7.236060
6.012626
3.622588
0.900142
-0.699030
-0.847236
-0.733118
0.742753
1.414048
2.667024
5.102942
7.094157
7.598220
6.620994
4.642671
2.001051
0.040416
-0.167107
0.392308
1.318871
1.578734
2.665213
4.923072
6.937522
7.351075
6.389409
4.403107
2.109474
0.202617
-0.840556
-0.143958
0.929910
1.993743
2.970671
4.719663
6.542865
7.218558
5.695514
3.864360
1.197807
-0.873272
-1.079082
-0.024041
1.229302
1.961734
2.368822
4.125859
5.966754
6.516383
5.235318
3.663429
1.693180
-0.407649
-0.976197
0.606450
0.942233
1.710279
3.110617
4.471314
5.768094
6.884772
5.985682
3.836195
1.049679
-0.920427
-1.265136
-0.520177
0.733531
1.437539
2.475191
4.444973
5.842189
7.086341
6.831618
4.577150
1.984107
-0.514638
-0.839768
0.085391
1.450944
2.186700
3.057073
4.355444
6.543361
6.562160
6.236762
3.867702
1.191232
-1.164906
-1.373889
-0.386083
1.736741
1.416863
2.032919
4.001692
6.520564
7.458262
6.259387
4.401293
1.428205
-0.702329
-1.450278
-0.467718
1.450389
2.400199
3.077039
4.883851
6.082759
6.096084
5.539210
3.490710
0.803160
-0.967411
-1.548717
-0.881124
0.269933
1.227828
2.026025
3.909775
6.001487
6.797774
5.617095
3.638171
0.899095
-1.179623
-1.805394
-1.227466
0.020722
0.959382
2.286852
4.425714
6.336867
7.169456
6.017255
4.314407
1.620206
-0.788215
-1.411619
-0.659499
1.129766
1.547374
2.465324
4.551133
6.378654
6.794456
6.860320
4.199227
1.477106
-0.618773
-1.667881
-0.461976
0.819150
1.382298
2.389963
4.378870
6.495936
6.889215
5.837104
3.694012
1.320709
-0.799799
-1.858532
-1.565396
-0.215789
0.947497
2.030770
4.182628
6.025123
7.271564
5.740901
3.661390
1.405551
-0.912885
-1.442298
-0.293941
1.125493
1.704947
2.370963
4.372396
6.293019
7.351344
6.284467
4.666030
2.164225
0.005268
-0.480750
0.808234
0.941937
1.748382
2.950126
4.935550
6.614753
7.357898
6.106025
4.026972
1.093102
-1.035174
-1.468851
-0.434793
0.764586
1.257586
2.514794
4.324181
6.290347
7.031249
5.902297
4.078900
1.464424
-0.737205
-0.985413
-0.465153
0.637118
1.029325
1.880184
3.822027
5.620765
6.149844
5.707763
3.912650
1.462391
-0.241332
-1.233347
-0.464347
1.569350
1.978116
2.459933
4.478588
5.829785
6.963626
6.091979
4.118241
1.803658
0.417344
-0.797476
-0.280202
1.188060
1.751693
2.974289
4.568098
6.501029
7.202895
6.835370
4.693433
1.629351
-0.298329
-0.959146
0.168447
1.079206
1.434429
2.324703
4.397900
6.086747
6.571734
6.479751
3.766638
1.166733
-1.055481
-1.211863
0.298400
1.605809
1.864600
3.262877
4.723441
6.649644
7.295444
5.972842
3.922915
1.121779
-0.417109
-1.254084
0.143119
1.214831
1.994721
2.831222
4.696963
6.073363
6.949185
6.476592
4.851848
2.196629
-0.299060
-1.136812
-0.573051
1.086429
1.807933
3.047177
4.993823
7.284820
7.711684
6.272704
4.016706
1.762310
-0.660339
-1.225778
-0.398902
0.948764
1.787993
3.032629
4.531958
6.811461
7.512467
6.814767
4.415346
1.499321
-0.786294
-1.012428
-1.125086
0.211938
1.409603
3.101552
4.859471
6.477904
7.445401
6.416911
3.736786
1.523112
-0.702457
-1.808137
-1.239121
0.063210
0.958735
2.289060
3.664387
5.567355
6.843314
5.909087
3.828461
1.435913
-0.438844
-1.281114
-0.058618
0.907174
1.463334
2.730597
4.467822
6.421914
7.326280
6.278581
4.172021
1.984812
-0.046756
-1.162601
-0.844346
0.634887
1.501786
2.584537
4.839507
7.278012
7.202781
5.975089
3.628693
1.517726
-0.459107
-0.634638
0.055533
1.068267
1.530007
2.349738
5.086217
7.084167
7.404849
6.484019
4.092438
1.739818
-0.399865
-0.782090
0.237969
0.399152
1.265930
2.563674
4.560677
6.636109
7.864688
6.658553
4.092660
2.103966
-0.391253
-0.803768
-0.274331
0.682988
1.409161
2.602965
4.678926
6.383567
6.976146
5.867993
3.320462
0.646561
-0.547375
-2.006516
-1.321602
-0.171435
0.680993
1.897535
4.121979
5.513761
6.433667
5.405999
3.213066
0.297462
-1.589437
-1.894162
-0.461131
1.041348
1.611632
2.595207
3.971323
5.466083
6.570170
5.829013
3.368401
1.227397
-0.554980
-0.633196
0.531756
0.778445
2.136779
2.971077
4.779468
6.453387
6.824737
5.783141
3.483758
1.248676
-0.319113
-1.468262
-0.625506
0.361465
1.224131
2.485242
4.557469
6.425597
7.032817
6.447034
4.288180
1.548907
-0.549231
-1.678740
-1.070052
0.694543
1.644778
2.287233
4.362803
6.167789
6.796638
5.941825
3.350842
1.426437
-0.338160
-0.769442
-0.082387
1.069131
1.686082
2.623713
5.346747
6.742946
7.182210
6.582301
4.284187
1.555113
-0.601302
-1.187607
-0.529184
0.828012
1.612878
2.843650
5.064723
7.243354
7.463447
6.236053
4.295770
1.567677
-0.131625
-0.671234
0.575410
1.143371
1.157432
2.381554
4.665338
6.564271
7.212333
6.352946
4.136994
1.572550
-0.331854
-0.842312
0.044471
0.509564
1.504550
3.093488
4.524169
6.344605
7.259391
6.145965
4.060675
1.474313
-0.447201
-1.574375
-0.700841
0.442315
1.811654
2.869046
4.470964
6.180663
6.787841
5.435943
3.652519
1.586715
-0.386320
-1.237276
-0.265233
0.953916
1.338480
2.852931
5.128703
6.854344
7.642028
6.654677
3.972631
1.235781
-0.811661
-1.884182
-1.350166
0.081271
1.102520
2.722603
4.588881
6.554986
7.199306
5.810960
3.711679
1.403739
-0.921953
-1.228662
0.004342
0.999967
0.923958
2.142539
4.342350
5.985679
6.794669
5.984323
3.149112
0.685838
-1.258884
-2.079465
-1.215781
-0.377713
0.602106
1.638644
3.570859
5.345870
6.117820
5.280681
2.945159
0.387091
-1.324088
-1.953135
-1.373629
-0.488665
0.622025
1.763217
3.901320
5.858895
6.297549
5.287345
3.599148
1.602369
-0.294702
-0.955780
-0.314326
0.766574
1.465704
2.153722
4.314669
6.884021
7.380927
5.738873
3.554036
0.493668
-1.607066
-1.569896
-0.948714
-0.015128
0.761689
2.023284
4.009677
5.931479
6.630723
5.100692
3.331971
0.523355
-1.202752
-1.237108
-0.586139
0.148953
1.168615
2.482192
4.140026
5.721723
6.095645
5.296390
3.167459
0.905454
-1.181497
-0.915541
0.459924
1.267913
1.620788
3.211090
4.649430
6.416820
6.953647
5.880925
3.730883
1.508634
-0.346232
-1.058697
-0.099929
0.966788
1.958421
2.716254
4.536513
6.956576
8.006053
6.450049
3.835603
0.461518
-1.316259
-1.388054
-0.844673
0.314692
1.539075
2.269017
3.877855
5.590312
6.419505
5.629214
3.231226
0.887434
-1.357621
-1.581879
-0.649533
0.808560
1.078655
2.384476
4.765239
6.547305
6.936717
5.859927
3.380386
1.372125
-0.330741
-1.274631
-0.792813
0.596454
1.279622
2.327804
4.428990
6.337358
7.147613
5.823613
3.801717
0.451811
-1.481161
-2.106594
-1.300047
0.328418
1.244410
2.384287
3.997768
6.178422
7.055732
5.958997
3.904362
1.327985
-0.732534
-1.765243
-1.234124
0.215465
0.609220
1.608709
3.559639
5.597262
6.546844
5.530816
3.182519
0.949737
-1.354303
-1.587879
-1.318298
0.143697
0.763735
1.904719
4.072503
6.491927
6.321465
5.801970
3.717393
0.920682
-0.723778
-0.696561
-0.377279
-0.134894
1.082310
2.676915
3.902201
5.855855
6.604136
5.643245
3.770674
1.112247
-0.878740
-1.191260
-0.823742
0.830808
2.124732
3.068373
4.606781
6.235721
6.591643
5.415809
3.283761
0.470824
-0.926323
-1.332085
0.103290
1.317039
1.857924
2.663380
4.639196
6.804893
7.434522
6.319242
3.800159
1.331528
-0.910403
-1.786458
-1.180430
0.223512
0.172382
1.680320
4.363848
6.149119
7.301238
5.642449
4.140629
0.857540
-1.411766
-1.562798
-0.850840
0.250493
0.992234
1.926847
4.329579
6.700828
7.374640
6.304250
3.710690
1.339792
-1.121319
-2.066510
-1.114342
-0.329250
0.829218
2.400946
4.307279
6.500075
6.690860
5.905530
3.926856
1.490664
-0.279917
-0.680405
-0.443227
0.564788
1.120415
2.602102
4.614177
6.635451
7.606063
6.670157
4.054898
0.788078
-1.192647
-1.771636
-1.021895
0.770198
1.370432
2.421721
4.404153
6.800632
7.605281
6.064147
3.398496
0.748497
-1.711477
-2.240459
-1.032718
0.202840
1.129710
1.969300
4.173604
6.082932
7.103965
5.784114
3.582703
0.804832
-1.512508
-1.850553
-0.711360
0.289895
0.964550
1.667904
3.819108
5.790275
6.123225
5.384994
3.908062
1.478703
-0.781960
-1.363091
-0.440851
0.810143
1.005899
2.343489
4.124730
6.183335
6.610885
5.608085
3.890857
1.328946
-0.315852
-0.878789
-0.565642
0.894759
1.445766
2.172606
4.599877
6.426684
7.261882
6.284091
4.105987
1.209810
-0.735457
-1.568155
-0.646232
0.741748
1.235184
2.314037
4.213623
6.525241
7.272830
6.227050
3.869570
1.138345
-0.945659
-1.510259
-0.956842
0.563132
1.259799
1.944400
4.511601
6.349261
6.914481
5.805144
3.431261
0.854544
-0.865502
-1.542150
-0.608433
1.201716
1.666318
2.344564
4.011210
6.633208
7.378608
6.145656
4.025615
1.295853
-0.585697
-1.445037
-1.018653
0.729232
2.019452
3.099477
4.051401
5.671977
6.794993
6.029141
3.801088
1.522976
-0.399851
-0.684477
0.166369
1.439376
1.575537
2.454801
4.609354
6.308578
6.923249
5.876239
3.825364
1.634357
-0.905668
-1.608119
-1.015476
0.480670
1.245822
2.282310
5.016040
6.795363
7.357242
5.929721
3.626295
0.920523
-1.183383
-1.564947
-0.879189
0.649117
1.060620
1.784054
3.800238
5.774699
6.274081
5.044944
3.228988
1.070590
-1.142465
-1.800911
-1.600572
-0.054458
0.698236
2.249188
4.076859
5.573945
6.217525
5.244308
3.029572
0.639080
-1.444473
-1.907660
-1.559172
-0.324218
0.912108
2.180075
4.289716
6.016402
6.374621
5.727015
3.371942
0.957392
-1.162317
-2.120300
-0.973532
0.235827
1.202287
2.288301
4.163417
5.863185
6.227996
5.165832
3.778835
1.088458
-0.654554
-1.187617
-0.592295
0.656699
1.391605
1.935511
3.627536
5.836837
6.629136
5.174251
3.406879
0.995008
-1.506260
-2.455832
-1.378680
-0.633568
0.366500
1.909430
3.774387
5.877112
6.716697
6.129859
3.452368
0.926336
-0.966032
-1.720467
-1.231242
0.218446
0.859777
1.819531
3.931046
5.850099
6.793487
5.335483
3.748701
1.270393
-1.034192
-1.493681
-1.200193
0.175439
1.118248
2.030474
3.932812
6.446631
6.959311
6.630691
3.917119
1.701953
-0.078734
-1.018119
-0.157741
0.925111
1.210447
2.326407
4.127910
6.453631
7.316321
5.904119
3.578377
1.438992
-0.605796
-2.079797
-1.356924
0.203212
1.186594
1.878880
3.671294
5.675986
5.857108
5.667182
3.455516
0.909269
-1.332191
-2.114827
-1.066982
0.195300
1.409498
2.037407
3.819143
5.662208
6.997067
5.717126
3.279957
0.324815
-1.716122
-2.038033
-1.158090
-0.132525
0.568743
2.125915
4.071382
6.159480
6.872592
5.872718
3.116935
0.658917
-1.585188
-2.289985
-1.287504
-0.192575
0.635002
2.006424
3.839777
6.115367
6.558103
5.389909
3.156200
0.868357
-1.549683
-2.149277
-1.012546
-0.023839
0.688554
1.887227
3.957755
5.781611
6.635560
5.565377
3.554086
1.044270
-0.317550
-0.500616
0.757709
1.276254
1.563818
2.524623
4.284122
6.160983
6.623584
5.730445
3.169821
0.477771
-0.910034
-1.642133
-0.410694
0.888324
1.700387
2.401670
4.353073
6.535060
6.786803
5.889411
3.636189
1.077385
-0.906859
-1.957424
-1.521410
-0.229309
1.226530
2.350137
4.475482
6.438796
7.150973
6.367240
3.690637
0.814934
-1.245789
-1.274592
-0.239326
0.779717
1.504745
2.343870
4.771640
6.394752
7.000112
5.923463
3.854517
1.139753
-0.477902
-1.304160
-0.393637
0.799434
1.354447
2.464294
4.758048
6.933120
7.191304
6.290257
4.091277
1.646250
-0.452357
-1.634007
-0.828078
0.496814
1.427777
2.847198
4.664172
6.762328
7.289233
6.543487
4.168933
1.866434
-0.329742
-0.834742
-0.643116
0.313600
1.427378
3.021454
4.654212
6.555316
7.265113
6.192533
3.775525
1.012246
-0.709952
-0.968064
-0.335449
1.312549
2.101565
2.600410
4.357917
6.398097
6.498033
6.155982
4.219109
1.332500
-0.639088
-1.242232
-1.150211
0.207465
1.512912
2.210971
3.906504
5.977893
7.060861
5.852435
3.709602
1.440508
-1.117463
-1.513767
-0.619699
0.266114
0.733592
1.707083
3.921960
6.029063
7.109206
5.831674
3.434447
0.458069
-0.984671
-1.830267
-0.711802
0.552751
0.976683
2.147983
3.834168
5.750617
6.338981
5.350974
3.122629
0.341260
-1.656033
-1.760712
-0.931500
0.155881
1.300418
2.643460
4.064564
5.824920
6.794316
5.518069
2.907968
0.673445
-1.432675
-2.191764
-1.168022
-0.471099
0.691802
2.003497
4.015841
6.031499
6.178851
5.352002
3.455961
0.931159
-1.058509
-1.211982
-1.074606
0.355367
0.642051
1.633315
3.633920
5.577193
6.199746
5.071940
2.782673
0.440478
-1.293824
-1.483203
-1.473168
-0.325154
0.725933
2.028687
4.049031
5.863833
6.612638
5.232242
2.789998
0.241883
-1.891795
-3.057540
-1.740192
-0.724371
0.749972
1.577063
3.456922
5.020434
5.949540
4.840030
2.882147
0.039470
-2.151690
-3.010894
-2.128924
-0.852168
0.033322
1.032321
3.254064
4.603476
5.499049
5.051204
3.177485
0.306669
-2.028301
-2.797715
-1.975170
-0.753158
0.244827
1.637547
3.411076
5.374423
6.153457
5.069751
3.048131
0.445371
-1.273141
-1.843904
-1.219994
-0.151087
1.090494
2.416430
4.022130
6.232730
6.707799
5.590884
3.289839
0.834390
-1.071436
-1.475405
-1.431799
0.131711
1.050203
2.554896
4.414883
5.733548
6.724832
5.442256
3.620871
0.856512
-1.258726
-2.419835
-1.272530
0.310302
0.739030
1.938484
3.823863
6.162337
7.042899
5.582217
3.313417
0.586634
-1.056963
-1.682669
-0.772780
0.544732
1.323603
2.597087
4.329906
6.186555
7.009299
6.104697
3.642999
1.013338
-0.940326
-1.616600
-1.031576
0.325379
0.917761
2.488597
4.851455
6.624145
6.918258
5.679597
3.712250
1.265265
-1.051844
-1.902738
-0.825841
0.388202
0.893460
2.019087
3.926663
6.267764
6.847621
5.795228
3.555588
1.149734
-0.816618
-1.603567
-0.857257
0.913373
1.037911
1.877138
3.786228
5.960652
7.043782
5.635577
3.517342
0.801245
-1.106964
-1.169788
-0.200165
0.926558
1.773791
2.848868
4.961516
6.571979
7.307994
5.453088
3.034862
0.767209
-1.214925
-2.428586
-1.709382
-0.279528
0.802677
2.467134
4.110128
5.828837
6.207297
5.828353
3.421588
0.769211
-1.217763
-1.934594
-0.868759
0.222875
1.353309
2.245484
4.040734
6.482875
7.444228
6.927526
3.919937
1.047920
-0.951406
-1.922901
-1.317734
0.050897
1.231471
2.971446
3.806794
5.774859
6.952197
5.957530
4.361170
1.577756
-0.517788
-1.188742
-0.140428
1.108436
1.446219
2.291098
4.206290
6.442798
7.075816
6.069995
3.917292
0.946963
-0.641795
-0.902938
-1.291248
0.271352
1.260516
2.135203
3.679676
6.031690
6.178002
5.244018
2.983733
0.750533
-0.952586
-1.333217
-0.756240
0.321670
0.874098
2.062933
3.493837
5.618733
6.885474
5.337090
3.554618
0.612512
-1.772927
-3.201540
-2.064582
-0.832008
0.781613
1.156559
3.185653
5.988145
6.791812
5.229720
2.880215
0.498612
-1.228264
-1.894684
-1.004754
-0.055388
0.323730
1.387468
3.743709
5.839282
6.025428
5.048888
3.106156
0.575258
-1.607428
-1.989671
-0.885233
0.581864
0.673502
2.035870
3.845762
5.217940
5.740756
4.960364
2.600459
-0.328604
-2.185261
-2.392676
-1.759643
0.287066
0.804907
1.596313
3.417598
5.515365
6.465980
5.756415
3.333354
0.800528
-1.177760
-1.861522
-0.986483
0.468331
0.741214
1.754728
3.736218
6.029239
6.645263
5.950683
3.334545
0.489189
-1.297918
-1.814778
-1.197310
0.416005
0.906266
2.122703
3.588442
5.431439
6.377471
5.331981
3.340105
1.186486
-0.421752
-1.055943
-0.261103
0.755084
1.480991
2.557730
4.273843
6.435424
6.465186
5.772294
3.699741
1.123798
-0.798125
-2.067044
-1.106431
0.209849
1.160699
2.358771
4.205810
6.353156
6.781478
6.057097
4.188146
1.618664
-0.351079
-1.362332
-0.451718
0.464307
0.997396
2.199300
4.423961
6.585719
6.629714
5.729228
3.355196
0.500908
-1.405293
-2.122111
-1.135697
0.199969
1.009749
1.656672
3.780881
5.864909
6.372050
5.200887
2.959897
1.046149
-1.229019
-2.373405
-1.400498
0.226401
1.029790
2.116120
4.187387
6.320727
7.195813
5.507735
3.341166
0.623775
-1.560227
-2.617715
-1.898198
-0.854280
0.339604
2.159302
3.875325
5.674556
6.052033
4.567925
2.667249
0.332488
-1.753139
-2.266332
-0.946597
0.789674
1.198349
2.542889
4.052258
5.729373
6.910481
6.511409
4.390046
1.661530
-0.675582
-1.473495
-0.505685
0.582530
1.229391
2.059284
4.111691
6.191646
7.013474
5.910407
3.705450
1.157148
-0.737925
-2.006940
-1.221120
0.402453
1.085999
2.764754
4.361685
6.446021
7.363360
5.803626
3.265212
0.369812
-1.889007
-2.064348
-1.760512
-0.379375
0.803849
1.884880
4.184139
6.132350
6.248302
5.384198
2.969700
0.164311
-1.738011
-2.142302
-1.497272
-0.218443
0.511178
1.312316
3.487539
5.331672
6.318988
5.680818
3.610104
0.907691
-1.052742
-1.897684
-1.127174
0.206407
0.787239
1.185685
3.659430
5.955096
7.046760
5.994212
3.744189
1.159626
-0.924961
-2.224792
-1.011896
0.383475
0.907193
2.126776
4.375875
6.468356
6.869342
5.466430
3.500821
1.378732
-0.281082
-1.052671
-0.370451
0.472312
1.316045
2.658229
4.651530
6.439239
6.905761
5.575429
3.139111
0.837350
-1.756150
-2.721136
-1.751863
0.106355
0.727394
1.658489
3.972283
5.707356
6.124885
5.275264
3.136547
0.508529
-1.676158
-2.176908
-1.572332
-0.320796
0.170536
1.472621
3.834781
5.552487
6.248221
5.329843
2.441544
0.330045
-1.732576
-2.457561
-1.160321
0.240392
0.841088
1.917290
3.773206
5.712300
6.372619
5.923697
3.323635
0.736560
-1.726430
-2.419636
-1.329357
-0.022853
1.021787
1.639187
3.789351
5.828046
6.719485
5.426082
3.328302
0.489908
-0.874502
-1.821562
-1.105692
-0.001218
0.871839
2.046856
3.750525
5.787406
6.899318
6.099624
3.830084
0.651103
-1.305935
-1.603191
-0.488109
0.693339
1.551728
2.328801
3.997074
5.733645
6.923436
5.982184
3.376375
0.180612
-1.517956
-1.789583
-1.529860
-0.001086
0.622808
1.889142
3.975499
6.091365
6.405072
5.045350
3.112823
0.602048
-1.579030
-2.608903
-2.055765
-0.555863
0.137479
1.527450
4.017548
6.036937
6.411475
5.826995
2.973297
0.813058
-0.812071
-1.385498
-0.446045
0.483453
1.363217
2.381594
3.972313
5.822209
6.803588
5.831260
3.453949
0.543639
-1.502842
-1.952739
-1.176661
0.183911
0.985321
2.223203
3.701796
5.359797
6.265021
5.602134
3.402802
0.948312
-1.277485
-1.545341
-1.331181
-0.156105
0.389449
1.459622
3.814082
6.063106
7.192313
6.122149
3.831538
0.438083
-1.640923
-2.119678
-1.764564
-0.329742
0.638924
1.789785
3.751631
6.060260
6.680177
5.246299
3.221878
0.847821
-1.456864
-2.444679
-1.568422
0.227481
1.289489
2.018166
3.455170
5.552936
6.137828
5.416324
3.409447
0.970101
-1.646693
-1.987290
-1.561498
-0.204121
0.460551
1.741970
4.298462
5.857787
6.544307
5.642222
3.156488
0.412482
-1.546590
-2.736316
-1.514236
0.211534
0.580602
2.345560
4.587380
6.392056
6.760726
5.688834
3.043152
0.373585
-1.953196
-2.919529
-1.855934
-0.616137
0.035462
1.510076
3.679655
5.987864
6.846313
5.565146
3.300063
0.649512
-1.655581
-2.599966
-1.102529
0.042359
1.471467
2.202595
3.794978
5.895423
5.645623
4.721576
2.881037
-0.009809
-1.585900
-1.736954
-0.888854
0.171813
0.649566
1.395915
3.446516
6.047652
6.358401
5.187755
3.291573
0.029656
-1.929543
-2.750348
-1.830227
-0.220678
0.544217
1.827012
3.358097
5.288423
5.595317
4.372478
2.231458
-0.407207
-2.346552
-2.755803
-1.492509
-0.625683
0.371261
2.240600
3.954571
5.696460
6.255811
5.394584
2.537356
0.024165
-1.428895
-2.363597
-2.039578
-1.195716
-0.295329
0.860003
3.157330
5.166440
6.267661
4.893527
2.606604
0.238845
-1.920125
-2.047780
-1.264554
-0.241044
0.894690
2.394177
4.025495
5.835605
