6.521973
5.397663
2.996672
0.259898
-1.705873
-2.537751
-1.777084
-0.560428
0.900076
2.248879
3.756526
5.652485
6.949787
5.644249
3.354935
0.397799
-1.676521
-2.637939
-2.312986
-1.416013
0.444978
1.845767
4.132927
5.929592
6.553028
5.548367
3.445457
0.804571
-1.729282
-2.659755
-2.098927
-0.637689
0.054832
1.475511
3.226638
5.198566
5.770260
5.472557
3.489142
0.860433
-1.565102
-2.660293
-1.523907
-0.523137
0.600246
1.804295
4.004488
5.607859
6.220451
5.560720
2.786428
-0.071532
-1.653316
-2.372028
-2.015150
-0.818645
0.047784
1.249979
3.529665
5.666668
6.062450
5.799717
3.559098
0.307586
-2.558119
-3.579659
-2.207887
-1.008616
-0.026931
1.280534
3.330742
5.157225
5.635529
4.794361
2.412209
-0.141093
-2.161288
-2.923379
-2.179508
-0.448963
0.629671
2.447573
4.195092
5.646454
6.311821
5.122597
2.754665
-0.047647
-2.009890
-3.011271
-2.449853
-0.681371
0.696634
1.454291
3.270617
4.967770
5.755457
4.881809
2.257940
0.047661
-2.388824
-2.730425
-2.054118
-0.922131
0.437261
1.906098
3.551604
5.641253
6.001581
5.475300
3.046036
0.733958
-1.542645
-3.074825
-2.429813
-0.884688
0.375601
1.871094
3.475322
5.076832
5.885666
5.115000
2.763496
-0.031461
-1.890099
-2.565629
-2.111240
-0.480890
0.247362
0.969035
3.081889
5.388920
6.144943
5.307301
3.583016
1.044412
-1.478838
-1.785152
-0.727236
0.236439
0.765838
1.950573
4.187692
5.976660
6.567753
5.413662
2.805746
0.023338
-1.737159
-2.619391
-1.523976
0.099831
0.454203
1.170239
3.227731
5.336678
6.660208
5.580055
3.136994
0.455697
-1.848378
-2.384877
-1.212850
0.098590
0.875352
1.903465
3.326866
5.379061
5.904205
5.059822
1.905860
-0.469357
-2.172760
-2.077201
-1.141624
0.051878
0.594499
1.459133
3.412844
5.598278
5.618729
4.613780
2.360983
-0.603714
-2.372476
-2.683088
-1.875976
-0.560889
0.315945
0.998829
3.222755
5.051434
5.467335
4.259627
1.957386
-0.570342
-2.540253
-3.226191
-1.992114
-0.689818
0.449428
1.896814
3.261600
5.112106
5.269497
4.189798
1.570662
-0.824593
-2.941232
-3.840824
-3.138939
-1.250577
-0.414043
0.881618
3.764341
5.613384
5.966377
4.578779
2.326797
-0.357337
-2.074492
-2.464974
-1.192519
-0.313917
0.444576
1.871119
3.341352
4.988914
5.719849
4.775688
2.734858
0.127073
-2.413616
-3.027504
-2.067017
-0.461510
0.996787
1.776192
3.616046
5.887739
6.070324
5.499571
3.300823
0.177706
-1.809822
-2.220982
-1.681916
-0.294655
0.958176
1.486238
3.672045
5.624016
6.503830
5.502556
2.680961
0.432817
-1.591955
-2.338229
-1.563361
-0.542009
0.489289
1.350788
3.379536
5.800129
6.819065
5.915512
3.282659
0.361674
-1.662686
-2.580185
-2.186437
-0.868469
0.280298
1.711318
3.137736
5.437584
6.154449
5.097576
3.225830
0.823335
-1.684814
-2.281877
-2.099725
-0.958728
-0.206305
1.325229
3.325315
5.338850
5.944725
5.041538
3.059595
0.368405
-2.313631
-2.764758
-2.575480
-1.042744
0.151039
1.427893
3.361912
5.205408
6.395510
4.651146
2.049411
-0.683635
-2.491166
-2.502192
-1.749200
-0.385746
0.007354
0.394820
2.797621
4.993023
5.795212
4.598497
1.800265
-1.215489
-3.195112
-3.701890
-2.978857
-1.545281
-0.410680
0.220958
1.838751
4.602432
5.587894
4.183220
2.045390
-0.701707
-2.576220
-3.184500
-2.495137
-1.509793
0.166148
1.154961
3.266957
5.566652
6.073494
4.825520
2.442637
-0.382768
-2.545937
-3.593108
-2.767241
-1.208070
-0.199245
1.132639
2.938745
5.006592
5.769466
4.605110
2.139922
-0.653010
-2.702433
-3.330949
-2.292661
-1.250926
-0.190586
1.359970
3.185889
5.089500
5.256527
4.812263
2.409381
-0.063083
-2.435065
-3.267035
-2.521610
-0.864106
0.386384
1.334213
3.137769
5.183907
5.819668
5.096378
2.590655
0.473060
-1.799165
-1.639595
-0.859674
-0.240450
0.917109
1.894939
3.471418
5.328045
5.665451
5.095581
2.676105
-0.411399
-2.656180
-3.183816
-2.002026
-0.556373
0.133858
0.734861
2.789668
4.784649
5.012871
4.495546
1.943777
-0.796266
-3.155176
-3.513746
-2.743089
-0.364344
0.290246
1.378435
3.048872
4.571379
5.301598
4.339052
1.910888
-0.483767
-2.635077
-2.966347
-1.639800
-0.716719
-0.009569
0.759671
2.733251
4.399536
5.061024
4.041967
1.773665
-0.778491
-3.154626
-3.448728
-2.257069
-0.779824
-0.081058
0.903399
2.667272
4.427700
5.406784
4.883018
2.205054
-0.409464
-2.648468
-3.800339
-2.376943
-1.218515
-0.248692
0.994306
2.561796
4.542496
5.701317
4.490425
2.262335
0.098591
-2.351789
-3.007035
-1.832468
-0.464035
-0.221354
1.083810
3.049886
5.645948
6.473434
4.652480
2.596035
-0.183448
-2.152189
-2.722027
-1.693324
-1.219843
-0.033337
0.534653
2.590339
4.581397
5.555927
4.370046
2.125783
-0.440420
-2.227647
-2.472687
-1.864968
-1.114450
0.288949
1.433252
2.908235
4.825134
5.812735
4.360489
2.401228
0.203890
-1.859717
-2.972512
-1.847436
-0.754129
0.218760
1.132299
3.199348
4.698000
5.202709
4.064606
1.430908
-1.173327
-3.347383
-3.714166
-2.720239
-0.718561
-0.077816
0.780326
2.184115
4.338086
4.587914
4.148376
2.113050
-0.832022
-3.053435
-3.952255
-2.589778
-0.588865
0.501314
0.758454
2.289124
4.167539
5.033180
3.953718
2.030541
-0.864234
-2.567326
-2.913371
-1.851171
-0.872818
-0.009226
0.838440
2.164412
4.090322
4.690384
4.192739
2.105193
-0.411539
-2.309060
-3.223811
-2.643196
-0.823809
0.403979
1.213473
2.550452
4.860865
6.000828
4.501242
1.814378
-0.377585
-2.342927
-3.027285
-1.865562
-0.358625
0.598739
0.805634
2.035372
4.510097
4.967281
4.296819
1.872828
-0.886774
-2.962307
-3.600579
-2.513858
-0.884237
-0.019048
0.427797
1.806019
4.223666
5.043098
3.890482
1.923752
-0.596057
-2.829350
-3.478207
-2.904504
-1.175143
-0.270437
0.584056
1.816834
3.764422
4.617835
3.492881
1.187020
-1.788864
-3.530266
-4.240216
-3.173944
-1.657183
-0.924111
0.119515
1.537228
3.441766
4.005400
3.056653
0.773068
-1.674299
-3.934138
-4.332891
-3.254917
-1.556534
-0.629227
0.132380
1.176334
2.949163
3.605000
2.767356
0.811663
-1.539583
-3.322865
-3.607944
-2.804026
-1.664201
-0.740526
0.309979
1.729312
3.526430
3.856247
3.157080
1.471603
-1.582337
-4.104733
-4.800600
-3.128305
-1.445998
-0.447606
0.294788
2.073132
4.281122
5.028584
3.951360
1.295365
-1.516618
-3.341924
-3.870852
-3.336051
-1.425966
-1.019946
0.510620
1.843374
4.352242
4.914429
4.188992
1.200961
-1.846989
-4.066483
-4.162678
-3.168563
-1.732833
-1.209381
-0.181955
1.318539
3.058472
3.570135
2.858125
1.017218
-1.850849
-3.926577
-4.714333
-3.748912
-2.134872
-0.912642
-0.061662
1.768252
3.146065
3.284266
2.145006
0.604764
-1.619548
-3.806116
-3.572113
-2.992101
-1.894971
-0.893339
0.290816
2.082464
4.247314
4.847034
4.124250
2.085178
-1.084324
-3.442945
-4.494283
-3.164556
-1.554161
-0.689564
0.452850
2.738306
4.716616
5.271484
4.065669
1.752254
-0.829796
-2.922525
-3.566223
-3.118899
-1.136143
0.112452
0.726580
2.255503
4.523648
4.999378
3.570567
1.677872
-0.801791
-2.456147
-2.977636
-2.334836
-1.311527
0.263752
0.915645
2.544351
4.152171
5.179407
4.239268
1.684387
-0.941741
-2.633601
-3.018440
-2.314910
-0.473186
0.378862
0.973777
2.043213
3.766653
4.916649
3.785679
1.500905
-1.039479
-2.864017
-3.030983
-1.966322
-1.106472
-0.535292
0.923738
2.582070
4.049136
4.557949
3.437177
1.187215
-1.117683
-3.497299
-3.454467
-3.420801
-2.260478
-0.950245
0.379230
1.722714
3.485175
4.103772
3.406970
1.507865
-1.203864
-3.167756
-3.575980
-3.041610
-1.512924
-0.557652
0.559476
1.461428
3.253799
3.376624
2.974442
0.683110
-1.977867
-4.143409
-4.764228
-3.530567
-1.587614
-0.730471
0.031995
2.236773
3.655848
4.698538
3.498360
1.349607
-1.199791
-3.142979
-3.687729
-2.513194
-0.924152
0.355345
0.836658
2.307227
3.821785
4.083774
3.029531
0.860679
-1.828918
-3.181438
-3.405925
-2.638272
-1.270153
-0.960065
-0.560382
0.918733
2.937163
3.413048
2.604531
0.600384
-1.919432
-3.747455
-3.942183
-3.370472
-2.270052
-1.047249
0.026938
1.053187
3.063194
3.591423
2.250734
0.095336
-2.292982
-4.311473
-4.800076
-3.522560
-1.825878
-0.304873
0.285516
1.963125
3.426472
3.838408
3.393037
0.864496
-1.662715
-3.493248
-4.353647
-3.298077
-1.626514
-0.899947
0.293790
1.427577
3.520496
4.021655
2.882609
0.475442
-1.997376
-4.152581
-4.545321
-3.725948
-1.943834
-0.845561
0.605159
1.842789
3.985463
4.340320
3.646476
0.944434
-1.780529
-3.475164
-3.868268
-2.405835
-1.471436
-0.486536
0.326476
1.970164
3.455074
3.939771
2.905945
0.776366
-1.535499
-3.746158
-4.366453
-3.606492
-2.107990
-0.465439
0.379759
1.788025
3.805847
4.765018
3.043677
0.851030
-1.591799
-3.594906
-4.374062
-3.696085
-1.890099
-1.166765
-0.028468
1.723501
3.106935
4.035131
3.263844
0.925198
-1.766748
-4.139415
-4.655560
-3.890206
-2.093792
-0.897200
0.204139
1.421391
3.160810
4.165105
3.612261
0.929018
-1.655476
-3.961393
-4.710150
-3.421185
-1.466238
-0.790090
0.130162
1.963350
3.679304
3.890797
2.821396
1.058827
-1.635381
-3.490547
-4.123260
-3.399767
-1.891174
-1.437456
-0.555282
1.180872
3.094123
3.653793
2.811628
0.978506
-1.984090
-3.831835
-4.391733
-3.547032
-2.338066
-0.910512
-0.072996
1.361006
2.537395
3.325482
2.322070
0.074935
-2.442190
-4.112026
-4.551257
-4.245665
-2.899285
-1.178267
-0.239473
0.785855
2.316533
2.789925
2.140573
0.278238
-2.518554
-4.074580
-4.545362
-3.716020
-2.036428
-1.170727
-0.552898
0.748487
2.630020
3.141798
2.120622
0.254593
-2.300813
-4.040964
-4.288826
-3.676413
-1.705999
-0.410282
0.342326
1.780091
3.050609
3.394184
2.364079
0.017726
-2.685848
-4.843116
-5.236448
-3.857003
-1.936649
-0.860977
-0.316110
1.010477
2.789661
3.341869
2.416851
0.161227
-2.312232
-4.349063
-5.025715
-4.381662
-2.933628
-1.785872
-0.581911
1.040908
2.537326
2.950855
1.929087
0.274448
-2.768976
-4.904612
-5.078344
-3.684690
-2.113079
-0.557308
-0.491631
0.756433
2.027411
2.610637
1.469776
-0.020602
-2.390838
-4.309042
-4.786514
-3.687044
-1.813099
-0.929889
-0.529119
1.196855
2.365902
3.089575
1.896297
-0.158063
-2.552894
-4.116344
-4.686160
-3.844254
-2.381825
-1.547646
-0.313076
1.074402
3.056220
3.787358
2.283168
0.274882
-2.260865
-4.043542
-4.529846
-2.882852
-1.406630
-0.895418
-0.501396
1.059384
2.785298
3.141165
2.263290
-0.056180
-2.639561
-4.306726
-4.840079
-4.154923
-2.212267
-0.802778
-0.191526
0.627732
2.209390
2.553458
1.334959
-0.654028
-3.137448
-4.656142
-4.926741
-4.604912
-2.653780
-1.402497
-0.325506
0.768860
1.976129
2.614883
2.167372
0.027645
-2.838772
-5.119363
-5.479172
-3.976545
-2.755159
-1.244482
-0.156119
1.528489
2.635280
2.991362
2.536710
0.007669
-2.407940
-4.258809
-4.628174
-3.197750
-1.730474
-0.883829
-0.340459
0.710830
2.526490
3.124583
2.128710
0.688211
-2.043185
-4.046535
-4.536053
-3.557018
-1.890108
-0.618538
-0.064342
1.269007
2.641459
3.128194
2.061729
0.173674
-2.227353
-4.600914
-4.971370
-3.912848
-1.851761
-1.173124
-0.389168
0.499246
1.995297
2.344112
1.375472
-0.501010
-2.914907
-4.630383
-4.729949
-3.637919
-2.144728
-1.346014
-0.794518
0.157557
1.566607
2.252038
1.800285
0.438724
-2.105833
-3.821616
-4.294478
-3.331092
-1.845161
-0.750759
0.286736
1.602430
3.466699
3.737469
2.714577
0.378819
-2.016227
-4.255285
-4.525928
-3.541435
-1.727747
-0.034037
0.767507
1.912399
2.917846
2.926293
2.116155
0.174666
-2.469598
-3.851630
-4.476384
-4.243603
-2.543348
-1.407067
-0.825657
0.481033
1.933055
2.178872
1.572808
-0.787495
-3.153574
-5.288653
-5.419383
-3.807421
-2.133623
-0.990053
-0.775287
0.343604
1.147552
1.672695
0.713243
-0.697946
-3.052514
-4.709993
-5.053052
-4.216299
-3.180288
-2.222910
-1.482109
-0.091019
1.309319
1.900036
1.288076
-0.496284
-2.486059
-4.078226
-4.725831
-3.778701
-2.118534
-1.422377
-0.322605
1.163339
2.335526
3.011194
2.292211
-0.387850
-3.087134
-4.961980
-5.527576
-4.214122
-2.933393
-1.179766
-0.085269
0.849792
2.106657
2.902390
2.091560
-0.324230
-2.909247
-5.043896
-5.513135
-4.153115
-3.184549
-1.708258
-1.257276
-0.224628
1.087517
1.646009
0.755486
-1.332786
-3.785303
-5.526072
-5.658209
-4.039807
-2.460840
-1.563854
-1.403794
-0.261894
0.868645
1.613369
1.089788
-0.885008
-2.955766
-5.019190
-5.291098
-4.540862
-2.569458
-1.399015
-1.206280
-0.111670
1.341719
1.970190
0.495149
-1.454725
-3.980331
-5.629265
-5.797536
-5.042814
-2.566793
-1.187763
-0.813294
0.560928
1.634015
1.892341
0.779752
-1.310976
-3.176293
-5.045632
-5.780394
-4.597117
-2.729900
-1.664999
-1.199328
-0.034225
1.357746
1.713117
0.661266
-1.136454
-3.245970
-5.019258
-5.150703
-4.058270
-2.493654
-1.922975
-0.940176
0.419083
1.545764
1.714301
0.752845
-0.737227
-3.182952
-4.760075
-4.721531
-3.592968
-1.807116
-1.156036
-0.591478
0.959561
2.881724
2.412527
1.384486
-0.411408
-2.972514
-4.741545
-4.876457
-4.133757
-1.930555
-1.321026
-0.936782
0.074541
1.456933
2.140785
1.008974
-1.286119
-3.421610
-4.799438
-5.013830
-4.990047
-3.161047
-1.797922
-1.154407
-0.316609
0.925745
1.365272
0.765509
-1.288620
-3.646570
-5.131731
-5.598158
-4.286821
-2.649847
-1.176853
-0.559134
0.390737
1.737893
1.955506
0.354008
-1.813628
-3.977048
-5.863404
-5.319468
-4.554360
-2.497795
-1.546206
-1.321669
0.041280
1.829824
1.644578
0.541800
-1.607749
-3.994499
-5.661696
-5.814642
-4.239093
-2.107441
-0.899353
-1.222864
0.404163
1.518459
1.509803
0.507105
-1.301522
-3.162236
-4.315926
-4.891932
-4.059592
-2.389851
-1.137161
-0.810374
0.007841
0.963791
1.054843
0.237536
-1.421615
-3.532963
-5.217502
-5.104244
-4.298089
-2.771927
-1.692852
-1.050990
0.135157
1.535794
1.618553
0.403687
-1.186026
-3.731860
-5.465003
-5.159271
-3.417892
-1.936117
-0.933886
-0.544622
0.529118
2.016367
1.864376
0.801295
-1.024071
-3.633925
-5.200444
-5.407682
-4.373483
-2.698807
-1.941580
-1.292813
0.435381
1.947193
2.308365
1.469313
-0.746674
-3.267482
-5.327312
-5.961804
-4.844648
-3.470348
-1.970823
-0.754428
0.086699
1.349912
1.839446
0.652971
-1.259004
-3.040253
-5.096307
-5.589622
-4.739397
-2.449841
-0.947777
-0.009660
1.026400
2.282966
2.801808
1.373595
-0.448955
-2.322193
-3.712607
-4.136953
-3.654652
-1.921034
-1.184635
-0.275705
0.718538
2.288281
2.612540
1.141900
-0.819563
-2.959147
-4.520424
-4.863895
-3.899796
-2.107151
-1.205725
-0.729783
0.140320
1.389406
2.534717
1.292782
-0.603638
-2.578601
-4.749622
-5.093365
-4.174637
-2.154299
-1.039133
-0.773252
-0.039686
1.002489
1.234079
0.294284
-1.867437
-4.561627
-6.117775
-6.735521
-5.174158
-3.327099
-1.976954
-0.902468
0.312294
0.935797
1.086599
0.045643
-2.090914
-4.188094
-5.709852
-6.197771
-5.417465
-4.284340
-2.484007
-1.159635
0.009462
1.210295
1.771157
0.862124
-1.682462
-3.793498
-4.393326
-4.555146
-3.571043
-2.172470
-1.265064
-0.825307
0.164744
1.273100
1.564219
0.428174
-1.363829
-4.051818
-6.166584
-5.792987
-4.013130
-2.394995
-1.748716
-1.705760
-0.331614
0.882369
1.523944
0.019360
-1.972447
-4.394428
-5.942483
-6.396046
-5.016155
-3.063778
-1.985363
-1.871927
-0.272222
0.653139
1.142096
-0.064901
-2.364202
-4.593732
-6.546358
-6.654861
-5.926766
-3.755070
-2.365654
-1.531282
-0.621499
0.506331
0.773127
-0.163779
-1.782853
-3.878891
-5.105064
-5.656129
-4.887870
-2.346432
-1.587925
-1.142404
0.283356
1.370751
2.104320
0.563164
-1.688062
-4.223481
-5.758807
-6.237631
-5.143854
-3.129356
-1.782528
-1.134095
-0.594988
0.666029
1.061610
0.762322
-1.893095
-4.426448
-6.007856
-6.582323
-4.855340
-3.063595
-2.053785
-1.806529
-0.699415
0.085456
0.355237
-0.405799
-2.379458
-4.795432
-6.099046
-7.175303
-6.032686
-4.013012
-2.987715
-1.569378
-0.983452
0.307408
0.154181
-0.985815
-2.761902
-5.344744
-6.959346
-7.305819
-5.574765
-3.841217
-2.106451
-1.065289
-0.244884
0.270841
0.647854
-0.444505
-2.579651
-4.850707
-6.445587
-6.988159
-5.857289
-3.351128
-1.882639
-1.796374
-1.027972
0.626300
0.968282
0.455342
-1.846161
-3.779941
-5.593923
-5.562664
-4.589411
-3.048185
-1.870211
-1.310281
-0.462440
0.702278
1.518939
0.700823
-1.578717
-3.921481
-5.473989
-5.840022
-4.194479
-2.239677
-0.741516
-0.791665
0.137593
1.696521
1.397017
0.714418
-1.551007
-3.769357
-5.197621
-5.667894
-4.943209
-3.264980
-1.608074
-0.845686
-0.022657
1.375282
1.794355
0.459497
-1.451377
-4.026455
-5.783489
-6.647552
-5.819016
-3.631737
-1.957695
-1.374663
-0.305817
0.570768
0.992470
-0.012024
-1.907321
-4.184447
-6.161317
-6.599172
-5.266798
-3.045752
-1.889294
-1.014788
-0.249372
0.755859
0.926252
-0.136061
-1.761050
-4.423436
-5.503766
-5.787783
-3.764002
-1.571655
-0.865128
-0.743470
-0.193670
0.438061
0.430839
-0.411874
-3.208766
-5.301491
-7.026528
-6.807468
-5.847812
-3.797972
-2.388678
-1.955493
-1.076597
0.043335
-0.121308
-1.460004
-3.311140
-5.687843
-6.869217
-7.221268
-5.877722
-3.983973
-2.898022
-2.220262
-1.099899
0.544714
0.318900
-0.920399
-2.464559
-4.348227
-6.179214
-6.465717
-5.727139
-3.457228
-2.386526
-1.283521
-0.155039
1.086397
0.778318
-0.834630
-2.870885
-5.136431
-6.221994
-6.708830
-5.585734
-3.926006
-2.522333
-1.334001
-0.374734
0.297276
0.785713
-0.112088
-2.340031
-4.496350
-6.261621
-6.526621
-5.424897
-2.872250
-1.523109
-0.928529
-0.157590
0.679543
0.572910
-0.243143
-2.802023
-5.266295
-6.850098
-6.895212
-5.549350
-3.926430
-2.308983
-1.378783
-0.427832
0.335598
-0.055151
-1.093808
-2.723019
-5.584117
-6.766154
-6.928314
-5.592765
-3.498011
-1.660013
-1.660630
-0.956325
-0.170732
-0.117237
-1.138443
-3.173229
-5.517784
-7.164893
-6.601822
-5.008999
-3.234018
-2.977547
-2.384851
-1.190322
0.177310
0.413092
-1.152381
-3.204475
-5.484016
-7.204144
-6.807415
-5.665524
-3.669453
-2.376297
-1.655817
-0.921133
-0.061421
-0.235537
-1.238253
-3.137829
-5.300430
-6.957789
-6.985193
-5.769033
-3.906767
-2.133833
-1.326898
-0.815671
-0.347999
0.013515
-1.168609
-2.763289
-5.124592
-7.055978
-6.694264
-5.734076
-3.822563
-1.943798
-1.227411
-0.620336
0.313079
0.353895
-1.263933
-2.883770
-5.071178
-6.783042
-6.327058
-5.590199
-3.692781
-2.607660
-1.533179
-0.813963
0.247618
0.899468
-0.073482
-2.273401
-3.770584
-5.249831
-5.895232
-4.911963
-2.902332
-1.658459
-1.117106
0.042913
1.159619
0.976796
-0.644765
-2.411685
-4.821897
-6.727781
-6.742141
-4.861767
-3.405954
-2.155815
-0.764324
-0.565335
-0.251636
-0.312855
-1.277432
-3.094695
-5.409964
-7.021336
-7.534784
-6.064285
-4.460737
-2.888327
-2.409264
-1.502275
-0.309973
0.001076
-1.292202
-2.977645
-5.422116
-7.387144
-7.829142
-5.983143
-3.996691
-2.775578
-2.781306
-1.286972
-0.518632
0.016105
-0.982272
-2.904275
-5.409954
-7.181266
-7.918642
-6.790765
-4.944796
-3.402575
-2.664943
-0.941015
0.024969
-0.013127
-1.020307
-3.599231
-5.377955
-6.328874
-6.261747
-5.012016
-4.016941
-2.696417
-2.021482
-1.043605
0.338786
0.813634
-0.934359
-3.091322
-5.263285
-6.879361
-6.998708
-5.821860
-3.846807
-2.875568
-1.786645
-0.873790
-0.181951
0.179874
-0.977902
-3.372875
-5.543226
-7.106474
-6.981832
-5.509567
-3.645880
-2.360806
-1.729270
-1.005709
0.006041
0.604676
-0.509748
-2.806181
-5.027906
-6.509624
-7.051476
-5.324614
-3.760818
-2.409693
-0.387338
-0.485765
0.338367
0.686555
-0.228583
-2.807881
-4.619877
-6.208498
-6.020375
-5.269230
-3.756258
-2.163347
-1.444454
-0.514769
0.279120
0.761994
-0.121941
-2.255606
-4.471884
-6.065553
-6.292984
-4.892298
-3.322956
-2.398184
-1.854821
-0.858713
0.476948
0.362953
-0.846916
-2.863476
-5.025264
-6.646253
-6.708086
-5.420162
-4.141665
-2.243311
-1.487181
-0.280390
0.962304
1.230580
-0.100638
-2.481913
-4.937649
-6.109159
-6.424634
-5.567585
-3.066185
-1.840689
-1.495154
-0.557025
0.349804
0.435370
-0.652180
-2.142783
-4.143335
-5.486347
-5.508000
-4.117912
-3.118462
-1.820618
-1.933224
-0.659259
0.550323
-0.014368
-0.925560
-3.436728
-5.702156
-7.298902
-7.841303
-6.429245
-4.348425
-3.343220
-2.380219
-1.068930
0.350790
0.183184
-1.262148
-3.181999
-5.772807
-7.452070
-7.121660
-6.070370
-3.696001
-2.066198
-1.605402
-0.808143
-0.171650
-0.181548
-1.795742
-3.362884
-6.068783
-7.743613
-7.888712
-6.874800
-4.795838
-2.961631
-2.390521
-1.827706
-0.078556
-0.274062
-1.082559
-3.211390
-5.540178
-7.354322
-8.164921
-6.467298
-4.629733
-3.166387
-2.580924
-1.041494
0.003728
-0.403729
-1.689002
-3.574527
-5.923957
-7.365335
-7.316257
-5.536175
-3.857815
-2.838800
-1.537427
-0.562140
-0.197113
-0.182669
-1.343642
-3.437902
-5.833253
-7.534345
-7.409074
-6.087405
-4.189045
-2.823195
-2.348175
-1.220009
-0.107064
-0.026000
-1.044495
-2.623981
-5.102369
-6.443519
-6.668664
-5.679784
-3.716949
-2.696085
-1.778069
-1.017287
0.212492
0.770539
-0.626328
-3.230173
-5.538043
-6.987709
-7.627064
-6.267769
-5.028255
-3.514103
-2.635643
-1.041891
-0.567324
-0.646085
-1.659557
-3.919228
-5.899367
-6.972891
-7.003797
-5.575614
-4.316477
-3.362911
-3.044902
-2.145776
-1.019486
-0.823528
-1.592930
-3.727073
-5.850809
-7.296426
-7.661708
-6.483622
-4.478846
-3.481862
-2.495262
-1.489819
-0.553906
-0.295029
-1.163622
-2.729418
-5.180020
-7.088113
-7.306293
-5.733714
-3.871376
-2.749098
-2.110707
-1.378715
-0.576398
-0.071859
-1.285204
-3.148925
-5.622996
-7.561527
-8.262788
-7.027968
-4.298409
-3.290859
-2.187384
-1.615463
-0.056830
-0.495521
-1.508196
-3.958346
-5.863193
-7.587729
-7.609324
-5.949559
-3.844163
-3.444085
-2.415769
-1.622516
-0.607827
-0.402445
-0.887383
-2.712807
-4.283250
-5.664323
-5.832829
-4.805570
-2.887310
-2.280667
-1.916711
-1.020415
0.359957
-0.056965
-1.098109
-3.375079
-5.781282
-7.366951
-7.673030
-6.730988
-4.882264
-3.190989
-2.213130
-1.263244
-0.600775
-0.369667
-1.120508
-3.513947
-5.961369
-7.389346
-7.846297
-6.733565
-4.365420
-3.037132
-2.303373
-1.108746
-0.134696
-0.260424
-1.680702
-3.697251
-6.162402
-7.977495
-7.943816
-6.243753
-4.485066
-3.291242
-2.298152
-1.269105
-0.457063
-0.700575
-1.413215
-3.421813
-5.686886
-7.070627
-7.686841
-7.205622
-5.038528
-3.374569
-2.642017
-1.147880
-0.037372
0.227871
-0.671624
-2.603666
-5.073578
-6.831146
-6.542708
-5.720027
-3.992436
-2.874882
-2.182957
-1.153051
0.311900
0.002546
-0.992852
-3.205729
-5.336353
-6.635373
-7.513675
-6.708699
-4.929317
-4.247894
-2.819205
-0.841603
0.194533
0.225025
-0.434606
-2.812364
-4.922216
-6.904633
-7.028658
-6.047270
-3.890520
-2.513943
-1.802467
-0.832505
0.128193
0.359302
-0.710516
-3.144661
-5.719488
-7.782628
-8.217285
-6.720268
-4.180281
-3.151463
-2.700997
-1.687890
-0.819389
0.397799
-0.833459
-3.022778
-5.235078
-7.035594
-7.570004
-6.343141
-4.911544
-2.838846
-2.167604
-1.218050
-0.408100
-0.078566
-0.755104
-2.823212
-4.941853
-6.837135
-6.705317
-5.908364
-3.583967
-2.079122
-1.305458
-0.558791
0.050979
0.389478
-0.758419
-3.265036
-5.493017
-7.335596
-8.008155
-6.730945
-4.930922
-3.697195
-2.964471
-1.849914
-0.727047
-0.248062
-0.683838
-3.019269
-5.600694
-7.464047
-7.836064
-6.571342
-5.019119
-3.701670
-2.410648
-1.846164
-0.662797
-0.918518
-1.538884
-3.404255
-5.271107
-7.006575
-7.223158
-6.211201
-4.739685
-3.309328
-2.456090
-1.260518
-0.017647
0.665561
0.008604
-1.994847
-4.537799
-6.348558
-6.612700
-6.297892
-4.052714
-2.790339
-2.211204
-1.010301
0.235941
0.702412
-0.321169
-2.871471
-5.309304
-7.169581
-7.823082
-6.512298
-4.174425
-3.428206
-2.459388
-1.180479
-0.284418
0.109825
-0.847196
-3.477252
-5.668607
-8.166851
-8.443241
-7.184838
-5.339586
-4.472715
-3.459880
-1.960264
-1.089787
-0.830545
-1.540331
-3.224103
-5.796894
-7.567642
-8.237910
-6.957249
-4.922379
-3.796028
-2.722939
-1.393332
-0.523351
-0.238079
-1.603128
-3.810127
-6.466930
-8.295437
-8.627571
-8.210056
-5.764524
-4.460673
-3.233230
-2.241563
-0.978491
-0.468239
-1.796420
-3.522966
-5.802589
-7.799200
-8.235540
-7.107936
-5.438410
-3.667177
-3.263773
-2.290468
-0.922274
-0.194682
-0.830947
-2.521454
-5.319907
-7.261337
-7.799603
-7.352494
-5.555649
-3.956410
-2.463855
-0.927112
-0.005594
-0.068913
-1.146166
-2.846603
-5.401163
-7.624099
-8.398438
-7.068123
-4.913573
-4.117559
-2.379500
-0.995619
-0.069788
0.207770
-1.232350
-3.466684
-5.721487
-7.596564
-7.753738
-6.426315
-4.775644
-4.268624
-3.589899
-2.319622
-1.081427
-0.774029
-1.303642
-3.306643
-5.555315
-7.316005
-7.254513
-5.962520
-4.535703
-3.557897
-2.871678
-1.233672
-0.198595
0.325910
-0.716482
-3.261851
-5.718515
-7.349590
-7.616819
-6.624411
-5.290603
-4.017264
-2.979299
-1.166355
0.759254
1.281948
0.029758
-1.893882
-4.523759
-6.199657
-6.764000
-5.804155
-4.125701
-2.938471
-2.194349
-0.772484
0.664267
1.091925
0.743409
-2.291305
-5.219330
-6.968029
-7.352602
-6.256624
-4.321398
-3.447844
-2.393193
-1.516079
-0.299313
0.676895
-0.387283
-2.964966
-5.161686
-7.298063
-8.014182
-7.153739
-5.468170
-4.149199
-3.539110
-2.316053
-0.801235
-0.128284
-1.089831
-3.717255
-5.968765
-8.152175
-8.212626
-7.128302
-5.716882
-4.134748
-3.103515
-1.298684
0.770046
0.837286
-0.427074
-2.487764
-4.781786
-6.805841
-7.543662
-6.031014
-4.524798
-3.076893
-2.159759
-0.540826
0.507929
0.025358
-1.081121
-3.118309
-5.968904
-7.489235
-7.429888
-6.082164
-4.443458
-3.448228
-2.390756
-1.307941
-0.308672
0.250002
-1.593012
-3.798335
-6.373019
-8.071804
-8.030051
-7.157967
-5.969442
-4.140543
-3.573362
-2.097580
-0.516830
-0.086257
-1.572638
-3.372397
-5.886340
-7.681578
-8.024804
-6.582184
-5.072032
-4.031626
-2.957446
-1.351048
-0.129123
-0.089174
-1.328694
-3.466333
-6.125250
-7.728614
-7.926291
-7.007996
-5.429127
-4.238053
-3.135910
-1.634459
-0.347281
-0.408230
-1.171373
-3.800625
-6.649147
-8.419235
-8.574063
-7.617667
-5.895211
-4.897059
-3.580899
-1.844873
-0.753914
-0.327681
-1.010447
-3.077772
-5.686669
-7.401871
-8.118968
-7.136724
-5.463123
-4.115541
-3.639339
-1.982002
-0.597823
-0.327166
-1.220862
-3.029625
-5.824204
-7.799249
-8.046703
-6.881404
-5.507090
-3.885829
-3.204491
-1.791531
-0.634507
-0.209436
-1.471758
-3.754250
-6.178372
-8.128407
-9.104248
-7.337169
-6.023722
-4.718676
-3.050064
-1.420140
0.473349
1.153427
-0.100200
-2.361645
-4.840458
-6.878688
-7.544693
-6.236549
-4.688217
-3.789894
-2.865471
-1.523787
-0.348551
0.535982
-0.938146
-3.526108
-6.015149
-7.649401
-8.175905
-6.881953
-5.628616
-4.211477
-2.832109
-1.494804
0.082427
0.516748
-0.469484
-2.803608
-5.579150
-7.770304
-8.271078
-7.111161
-5.283410
-4.435231
-3.511002
-1.932350
-0.463264
0.041688
-1.135038
-3.006675
-5.462304
-7.311310
-7.765588
-6.203937
-4.644887
-3.979989
-2.976013
-1.013732
0.151713
1.049953
-0.314150
-2.629816
-5.296073
-7.102517
-7.997858
-6.499660
-4.750428
-3.829741
-2.680861
-1.320648
0.050138
0.205517
-0.634654
-3.149469
-5.639977
-7.587176
-7.842628
-7.106500
-5.739917
-4.642467
-3.649991
-1.385892
0.324655
0.288769
-0.559918
-3.085190
-5.717184
-7.616648
-8.356360
-7.695187
-5.436166
-3.984958
-2.991752
-1.341575
0.399454
0.378663
-0.844912
-3.093460
-5.319316
-7.221352
-8.115565
-7.236918
-5.898393
-4.256212
-3.086604
-1.080120
0.007724
-0.074131
-1.232098
-2.574977
-5.303622
-7.380516
-8.364733
-6.878221
-4.620655
-3.968918
-3.239609
-1.607388
0.252243
0.633533
-0.474319
-2.623167
-5.495661
-7.677976
-8.692337
-7.563188
-5.861035
-4.587082
-3.546674
-1.631758
0.127885
0.443259
-0.776649
-2.958635
-5.183525
-6.419099
-7.415093
-6.569274
-4.973366
-3.672462
-3.068075
-1.771728
-0.926513
0.022817
-0.703021
-2.952978
-5.507595
-7.878413
-8.269191
-6.964211
-5.291941
-4.738418
-3.287010
-1.767466
0.069923
0.262152
-0.827604
-2.553542
-4.770344
-6.489006
-7.532403
-6.655824
-4.843431
-3.159013
-2.812593
-1.156502
0.335779
0.456015
-0.436979
-2.685005
-5.303877
-7.550273
-7.861896
-6.660132
-4.669195
-3.631096
-3.006661
-1.554396
0.305731
0.939883
-0.675675
-2.912613
-5.477135
-7.910735
-8.560543
-6.820678
-5.380228
-4.033101
-3.063490
-1.385930
-0.088520
0.478392
-0.501328
-2.365499
-4.686768
-6.757301
-6.674693
-5.670326
-4.879108
-4.052943
-2.783679
-1.507728
0.005891
0.956530
-0.347454
-2.469670
-5.178367
-6.905488
-7.627160
-7.228791
-5.215736
-3.508258
-2.586065
-1.718221
-0.263954
-0.036805
-0.764330
-3.117371
-5.790498
-7.779322
-8.883446
-7.248602
-5.437715
-3.683119
-3.057167
-1.460337
0.003771
0.258362
-0.607711
-2.677235
-5.761993
-7.503577
-7.544278
-6.391983
-4.849938
-3.553200
-3.051934
-1.924311
-0.059902
0.486515
-0.371408
-2.568008
-5.127873
-7.144389
-7.613930
-6.694384
-5.608985
-4.298690
-2.829844
-0.930078
0.695263
0.918768
-0.093786
-2.246584
-5.134444
-7.614072
-8.253665
-6.905810
-5.298905
-3.835503
-2.266948
-0.974352
0.639498
1.521439
0.763968
-1.819095
-4.636169
-7.148704
-7.456137
-6.375441
-4.567304
-3.939989
-3.457726
-1.844669
-0.161997
0.500445
-0.572697
-2.710497
-4.802914
-6.838801
-7.965688
-6.201627
-4.831598
-4.158728
-3.647746
-1.794065
0.802774
1.331657
0.211905
-1.805611
-4.409057
-6.441864
-7.035442
-6.038555
-4.752621
-3.949026
-2.251368
-0.753592
1.220364
1.537805
0.703118
-1.675317
-4.863876
-7.358775
-7.756237
-6.854986
-5.346075
-4.030535
-2.904131
-1.347279
0.502691
0.962780
-0.060455
-2.542316
-5.374863
-7.763950
-8.741383
-7.423068
-5.478747
-4.352853
-3.682735
-1.798832
-0.167807
1.141554
-0.182327
-2.109647
-5.531476
-7.376189
-8.286380
-7.341286
-6.110664
-4.517639
-3.337860
-1.549608
0.345528
0.569130
-0.860324
-2.547778
-5.421706
-7.289821
-7.482855
-6.570556
-5.475699
-4.214020
-2.410039
-1.050755
-0.106874
0.597598
-0.438971
-2.192632
-5.169440
-7.482403
-9.025969
-7.936240
-5.865810
-4.393067
-3.322993
-1.450686
0.157085
1.327955
-0.231903
-2.093649
-4.660363
-6.958781
-7.425894
-6.310376
-4.664673
-3.728389
-2.559278
-0.840256
0.351947
1.233227
0.438488
-2.099718
-4.912666
-6.961318
-8.016171
-5.878554
-4.986609
-4.072861
-2.222445
-0.869871
0.552114
1.487148
0.333508
-2.092194
-4.565985
-7.096822
-7.719933
-6.470541
-4.715320
-3.893772
-2.710520
-1.218244
0.647388
1.326834
-0.187468
-1.732279
-4.672250
-6.887344
-7.382147
-6.431059
-4.776688
-3.634478
-2.938006
-1.703353
0.720795
1.836242
0.910071
-1.618927
-4.064934
-6.603303
-7.635606
-6.393552
-4.665291
-3.169487
-1.780575
0.393437
1.445612
2.143471
1.070517
-1.916276
-4.786888
-7.134536
-7.995413
-6.756504
-5.075712
-4.261497
-2.998322
-1.444854
0.501471
1.151781
0.302794
-2.027401
-4.882006
-6.837765
-7.495524
-6.648617
-4.661819
-3.843843
-2.944772
-1.695351
0.106187
1.308146
0.352947
-1.694971
-4.775670
-6.481081
-7.171587
-6.882827
-4.823319
-3.849913
-2.555745
-0.978554
0.913157
1.620901
0.836672
-1.515541
-4.609581
-7.016379
-7.674062
-6.690887
-5.831984
-4.455561
-2.295713
-0.292696
1.091644
1.288494
0.619162
-2.250813
-4.843959
-6.880363
-7.750979
-6.164573
-4.595528
-3.499025
-3.235646
-1.423914
0.665714
1.341400
0.481987
-1.889900
-4.276874
-5.939777
-6.122063
-5.150649
-3.789964
-3.168035
-2.677153
-0.833961
0.624743
1.615046
0.476755
-1.095139
-3.491968
-5.436116
-6.374118
-6.038257
-4.050744
-2.815673
-2.072294
-0.849199
1.512410
1.695350
1.070732
-1.101036
-4.034352
-5.959967
-7.236719
-6.187087
-4.285956
-3.410928
-2.244828
-0.238218
1.399619
1.862272
1.056664
-1.086222
-4.016044
-6.243215
-6.798935
-6.084816
-4.263404
-3.002138
-2.149081
-0.472395
1.720259
2.443075
1.491650
-0.951824
-3.683850
-6.062393
-6.881847
-6.153407
-5.183184
-3.663872
-2.199689
-0.160512
1.827469
1.856285
1.230710
-0.651462
-3.405690
-5.367023
-5.839164
-5.114969
-3.410486
-2.049692
-1.672678
0.394338
2.179052
3.226536
2.181078
-0.208628
-3.201252
-5.547691
-5.738842
-4.892792
-3.293600
-2.089619
-0.713893
1.126884
2.491070
3.334694
2.081790
-0.257312
-2.571231
-4.908751
-5.197536
-4.400825
-3.279706
-2.464157
-0.712848
0.982649
2.850592
3.420864
2.119272
-0.553122
-2.824980
-5.538081
-6.240758
-5.450419
-4.188903
-2.226323
-1.506075
-0.071993
1.960674
3.035660
2.642006
0.300953
-2.300070
-5.120329
-6.097694
-5.646642
-4.365365
-3.016970
-1.936656
-0.389911
1.849661
2.029814
1.392843
-0.501722
-3.614782
-6.046747
-6.529321
-6.100430
-4.732429
-3.025215
-2.020448
-0.298429
2.140735
2.531921
1.748325
-0.653849
-3.622995
-5.651042
-6.585040
-5.821570
-4.423490
-3.533153
-2.315100
-0.434624
1.188771
2.150883
1.321993
-0.994551
-3.924483
-5.827803
-6.655820
-5.476185
-4.643612
-2.849038
-1.553149
-0.431000
1.024779
1.837173
0.893731
-0.924496
-3.684584
-6.137343
-7.522480
-6.606206
-5.084883
-3.464015
-1.941977
-0.334871
1.502724
1.731888
0.973537
-1.188705
-4.303257
-7.110221
-7.964480
-6.420802
-5.045591
-3.776611
-2.469911
-0.867577
1.005943
2.127985
1.616333
-0.865900
-3.633650
-5.765931
-6.085600
-5.517062
-4.316523
-2.971241
-1.703859
0.371605
2.419397
2.885162
2.188416
-0.374439
-3.009256
-4.765737
-5.340057
-4.888778
-3.667121
-2.167158
-0.894688
1.233698
2.976787
3.648178
2.772022
0.380479
-2.609741
-5.101850
-6.122856
-4.996797
-3.351206
-2.635818
-1.609992
0.457292
2.550503
3.354647
2.063767
0.047327
-2.628933
-5.258189
-6.450637
-5.890463
-4.354351
-2.505319
-1.838250
0.306887
3.135723
3.996410
2.339977
0.238441
-2.009970
-4.581490
-5.366679
-4.758204
-3.706787
-2.891618
-1.406829
0.411427
2.377722
3.380342
2.637890
0.781172
-2.204660
-4.837009
-5.371017
-4.217747
-2.400315
-2.304612
-0.971183
0.805485
2.424604
3.144201
2.311532
0.018201
-2.607836
-4.561525
-5.413369
-4.048105
-2.830228
-1.851384
-0.824178
0.250134
2.793447
3.442333
2.130432
0.055046
-2.098440
-4.396756
-5.102748
-4.352093
-3.349666
-1.990028
-0.192925
1.200791
2.760205
3.553193
2.672761
0.595298
-2.205520
-4.488453
-5.466633
-4.616183
-2.464536
-2.244784
-1.081864
0.883393
3.492341
3.851978
2.605509
0.656857
-1.901943
-4.488889
-6.168990
-5.274497
-3.429753
-1.751234
-0.195123
1.528939
3.232759
4.327849
3.211864
0.642126
-2.094793
-4.094943
-5.354869
-4.089181
-2.387650
-1.193572
-0.656728
1.489242
3.672131
4.041514
3.521065
1.261137
-1.619820
-3.592585
-3.970396
-3.326946
-2.295144
-1.865438
-0.657793
1.439003
3.563009
4.190987
2.918783
0.891745
-1.802849
-3.826855
-5.077996
-4.349477
-3.114475
-2.244148
-0.743049
1.868635
3.834058
4.909418
3.838688
1.233429
-1.601826
-3.901105
-4.919662
-4.618195
-2.752758
-1.774050
-0.395868
1.352571
3.351363
4.058081
3.394379
1.081795
-1.821735
-3.874196
-4.680495
-4.148153
-3.089911
-1.965650
-0.550513
1.149289
3.206745
4.162303
2.943917
0.844076
-1.595529
-3.930822
-4.472718
-3.717814
-2.525446
-1.053455
-0.282702
1.225246
2.978936
4.016131
3.357908
1.224315
-1.761189
-4.371008
-4.862202
-3.601822
-2.241551
-1.208996
-0.290483
1.303720
3.609483
4.360290
3.306925
1.008277
-1.243237
-3.560019
-3.945043
-3.245094
-2.101426
-1.208295
-0.149125
2.082136
3.816650
4.826677
4.414964
2.062306
-1.003160
-3.284225
-4.081929
-3.337317
-2.086524
-0.607050
0.686136
2.393976
4.588007
5.137604
4.106544
2.235889
-0.222669
-2.761528
-3.115963
-2.057919
-1.401098
-0.250602
0.870064
2.544188
4.688215
5.062613
4.160948
1.867215
-0.433829
-2.483022
-2.996838
-2.690221
-1.135788
-0.190740
0.559741
2.856001
4.775143
5.569847
4.367635
2.566520
-0.277043
-2.596065
-3.242363
-1.926726
-1.002124
-0.094647
1.076202
3.191836
4.870991
5.949493
5.011997
2.276299
-0.748347
-2.800665
-3.705139
-3.004253
-1.898088
-0.751188
0.091192
2.553957
5.293182
5.994987
4.671629
2.537248
-0.284732
-2.277471
-2.623238
-2.496139
-1.514831
-0.462970
0.843303
2.739017
4.708809
4.928932
4.437579
2.136041
-0.190392
-2.029180
-2.734904
-1.593847
-1.139471
-0.011971
0.993155
2.560673
5.106375
5.564259
5.119534
3.101300
0.049371
-1.662896
-2.340501
-1.216717
-0.133028
0.306846
1.768563
3.646217
6.041004
6.931622
5.539749
3.241383
0.188310
-1.807292
-2.246664
-1.527926
0.134541
0.942062
1.450702
3.455348
5.679405
6.763264
5.672712
3.067699
0.014506
-1.798495
-2.391582
-2.074852
-0.770871
-0.231896
0.670136
2.594108
4.555968
5.913937
4.557884
2.556836
-0.232149
-2.400265
-2.655672
-1.777275
-0.574411
0.369770
1.524529
2.931226
4.909565
5.518265
4.043735
2.367735
0.153286
-1.568441
-2.041634
-1.655611
-0.532858
0.528421
1.401093
2.768637
4.762318
6.071692
5.165813
2.718460
0.127236
-2.059169
-3.045940
-2.062472
-0.626622
0.549360
1.310246
3.345444
5.166265
6.034416
5.652321
3.028986
0.515695
-1.454391
-2.099398
-0.994344
-0.300520
0.534061
1.597128
3.668966
5.395451
6.018124
5.248352
3.116161
0.501314
-1.122895
-1.259739
-0.894477
0.639204
1.378185
2.669737
4.064158
5.622963
6.104303
4.853432
2.982703
0.687019
-1.108352
-1.679830
-0.738705
0.692907
0.451702
1.788410
4.335865
5.966644
6.817118
6.023323
3.996330
1.457613
-0.759069
-1.187522
-0.305622
1.075727
1.670290
2.396422
4.168056
6.314270
6.718357
6.050507
3.613503
0.620825
-1.148697
-1.523646
-0.588610
1.134809
1.668531
3.063528
4.812389
6.454865
6.881901
6.110565
3.722972
1.008967
-1.399426
-1.614228
-0.436823
0.497488
1.214523
1.835105
3.842238
5.813950
6.750177
5.658398
3.544974
1.330612
-1.008616
-1.244464
-0.950071
1.031866
1.589293
2.782407
4.281575
6.535046
6.795599
6.166126
3.938889
1.453649
-0.385978
-1.627726
-0.872847
0.471205
1.251387
2.514069
5.071529
6.749340
7.657589
6.233633
3.992872
1.557181
-0.400128
-0.838061
-0.219103
1.040051
1.498755
2.323609
4.416208
6.357044
7.010490
6.083179
3.811976
0.959161
-0.790599
-1.333663
-0.476004
1.037632
1.461222
2.721787
4.457713
6.647381
6.944351
6.013916
4.051250
1.548895
-0.652983
-1.492954
-1.081035
0.474283
1.491867
2.770926
4.471940
5.871220
6.579269
5.441185
3.659125
1.631469
-0.721239
-1.207604
0.330935
1.061804
1.587162
2.800302
4.696133
5.969719
6.804459
6.406216
4.227590
1.602587
-0.488316
-1.002717
-0.430523
0.300417
1.328764
2.107695
3.744569
5.767340
6.893360
6.415997
4.391739
1.575356
-0.021747
-1.067968
-0.312227
0.609659
1.764490
2.892375
4.735933
6.175045
6.645901
6.303005
3.929388
1.787793
-0.409060
-1.212026
0.047575
1.826836
2.005375
2.481316
4.217289
6.678265
7.544041
6.497658
4.456553
1.925570
-0.166399
-1.529377
-0.409405
1.141945
1.978422
3.307804
5.681021
7.316292
7.830894
7.172070
4.605245
1.715018
-0.211943
-0.808648
-0.338745
1.087189
1.820377
2.840814
4.630836
7.123417
7.560278
6.368483
4.058997
1.621707
-0.024388
-1.229925
-0.587111
1.123573
1.854893
3.166859
4.681488
6.387604
6.669147
5.971815
3.529818
1.085795
-0.701487
-0.807049
-0.393112
0.072645
1.129045
2.320612
3.907791
6.218571
6.574492
6.029587
3.599434
1.357482
-0.399692
-1.257541
0.079296
1.220522
1.608088
2.822851
4.190268
6.253357
6.945448
6.370327
3.714020
1.443167
-0.309894
-0.544225
0.464039
1.631317
2.382010
3.184141
4.417870
6.495607
7.041233
6.177792
4.473546
2.206953
0.344335
-0.481033
0.294428
1.800037
1.955042
2.690253
4.671015
6.947668
7.664768
6.437233
4.435751
1.680094
-0.599878
-1.184192
-0.414503
0.892401
1.870012
2.778496
5.041203
6.497702
7.356169
6.546959
4.597067
2.755525
0.795046
-0.039124
0.162600
1.464603
1.942959
3.217334
5.050659
7.330742
8.025394
6.609226
4.621858
2.467628
0.163263
-0.680565
0.588793
1.825615
2.262289
3.339201
4.975536
6.895058
7.697166
6.750782
4.161073
1.655860
-0.854615
-1.981320
-0.417759
0.670292
1.438860
2.555863
4.281933
6.130890
6.848000
5.813690
3.894469
1.570396
-1.174778
-1.680236
-0.785049
0.119507
0.969624
2.310127
3.985882
6.010628
6.584644
5.931643
3.783974
1.379979
-0.431931
-0.251081
0.688066
1.410007
1.434576
2.851220
4.405176
6.550699
7.435915
6.594233
3.976961
1.281199
0.003592
-0.161635
0.567602
1.887575
2.093971
3.195425
4.989677
6.769524
7.415123
6.095924
3.694350
1.476100
-0.691543
-0.748050
-0.605902
0.611277
1.851795
2.941124
4.444981
6.354042
6.694605
5.444096
3.083008
1.244600
-1.238782
-1.825363
-0.564899
0.326445
1.727671
2.705303
4.163716
5.848099
6.495785
5.635324
3.962223
1.313621
-0.487815
-1.594967
-0.665903
0.588329
1.048658
2.265860
4.025921
5.807613
6.812773
6.113878
3.852366
1.370860
-0.793647
-1.620698
-0.467213
0.938885
1.607634
2.807585
4.498693
6.464241
7.340214
6.389290
4.453045
1.972600
0.164824
-0.938973
0.139547
1.551125
1.744040
2.874211
4.824738
6.720762
7.772991
6.623844
4.443287
2.483315
0.543730
-0.700713
0.227291
1.553907
1.953001
3.222446
5.318039
6.894377
7.893681
6.800056
4.420952
1.680590
-0.236795
0.068347
0.350744
1.580711
1.800844
2.944607
4.903358
7.039911
7.537937
6.757713
4.322685
1.697206
-0.241021
-1.178437
-0.656181
0.817232
1.546591
2.740050
4.924665
6.541485
7.287212
6.353371
4.645092
1.828243
-0.468847
-0.830960
0.432806
1.867476
2.533510
2.895419
4.252481
6.418327
7.967903
7.072956
4.341082
1.937902
-0.121436
-0.903885
0.213593
1.291351
1.998095
2.849392
4.941437
6.755886
7.848845
7.095535
4.386627
1.235790
-0.907451
-1.935879
-1.115054
0.686190
1.591095
2.255919
4.216535
6.434046
6.990850
5.884750
4.226318
1.688106
-0.103040
-0.744794
-0.098120
1.171379
1.865446
3.059297
4.748526
6.792526
7.273270
6.440449
4.354025
1.770856
-0.101216
-0.961926
-0.210619
0.744257
1.764244
2.893481
4.126136
6.314465
7.453661
6.677273
4.575007
2.036556
-0.491556
-0.369349
0.127605
1.036947
2.543724
2.944335
4.577993
6.655458
7.549051
5.926956
3.930754
1.457874
-0.628918
-1.059750
0.051107
1.303747
1.661909
2.292114
4.166561
6.513519
7.303526
6.226135
4.020041
1.342653
-0.648923
-1.040156
-0.029066
0.827118
1.209305
2.199539
3.995544
6.394440
6.467999
4.838711
3.118974
0.993955
-0.722290
-0.533116
0.172096
1.032658
1.201067
2.660232
4.607006
6.695267
7.340652
5.708752
3.679453
1.642908
-0.287593
-1.101260
-0.587190
0.340139
1.209800
2.487450
4.154715
5.948601
6.243338
5.495342
3.343686
0.855792
-1.085210
-1.599157
-1.069377
0.085850
0.279185
1.872672
4.199968
5.742363
6.571499
5.913986
3.751107
1.189474
-0.604623
-0.848986
-0.712135
0.083210
0.676811
1.581184
3.616273
5.924284
6.476776
5.196480
2.862803
0.855083
-0.960330
-1.559740
-0.572918
1.003910
1.959057
2.284880
3.470190
5.829437
6.060446
6.137962
3.537830
0.919803
-0.840845
-1.162463
0.048111
0.883509
0.903075
2.567100
4.447573
6.401690
6.925312
6.046701
4.156293
1.329040
-0.283066
-1.384578
-0.255732
1.286333
1.569794
2.716417
4.653059
6.262508
6.488165
5.772396
3.824043
1.486403
-0.154276
-0.570531
-0.224148
0.879980
1.827343
3.087136
4.731888
6.386383
7.086285
5.824730
3.279593
1.068192
-0.486751
-1.495305
-0.496265
1.081724
1.643171
2.209132
4.351064
6.184704
6.796225
5.684975
3.677557
1.363141
-0.337036
-0.580277
-0.077854
1.092407
1.531565
2.610229
4.512069
6.309357
7.126377
6.349289
4.388201
1.985888
-0.021236
-0.516873
-0.079212
0.661352
1.464797
2.838929
4.795156
6.548504
7.045944
6.289989
4.357488
2.234056
0.350080
0.046851
0.253786
1.649700
1.734598
2.321250
4.763905
7.307987
7.671520
6.366013
4.296384
1.866040
-0.185606
-0.799351
-0.173958
1.351088
1.483820
3.044477
4.805613
6.626118
7.448177
6.319500
4.284165
1.470352
-0.799220
-1.673210
-0.669913
0.852959
1.311659
2.274834
4.033004
6.926807
7.094093
5.973919
4.137200
2.175366
-0.233470
-0.648416
0.520700
0.845976
1.425551
2.574084
4.924305
7.010006
6.959763
6.354076
3.653713
0.943537
-0.424787
-1.302038
-0.348688
1.008518
1.506935
2.490100
4.482533
6.470463
7.178528
5.667904
3.886171
1.008873
-0.859973
-1.223449
-0.796269
0.772373
1.440315
2.312917
3.851267
5.498943
6.603878
5.593245
3.365837
1.538815
-0.693110
-1.797842
-0.897784
0.092886
0.794678
1.799668
4.072896
6.606800
7.214014
6.689079
4.485382
1.984918
0.050204
-0.351594
-0.254606
0.787621
1.852236
3.290081
5.086380
6.558519
7.220936
6.488708
4.303307
1.364802
-1.064199
-2.046751
-0.834221
0.798414
1.846262
2.513844
4.270643
6.274422
7.521084
5.863804
3.285819
1.295657
-0.325082
-0.767340
-0.546962
0.523602
1.258317
2.519246
3.985761
6.040543
7.145802
6.041618
3.976859
1.422318
-0.669144
-0.718835
0.088890
1.249638
1.896997
2.307464
4.643159
6.061359
6.729753
5.741911
3.597720
1.124630
-0.947922
-1.891671
-1.066476
0.064592
1.025530
1.838868
4.092938
6.265099
7.487236
6.520935
4.239814
1.315622
-0.510776
-1.463728
-0.835103
0.857454
1.538692
2.189648
4.605336
6.326851
7.025723
6.022160
3.680661
0.864048
-1.146579
-1.826906
-1.035520
0.579872
0.850769
1.888440
3.819706
5.822849
6.962372
6.540813
3.986743
1.411375
-0.552976
-1.528672
-0.718764
1.111980
1.456551
2.071439
4.025695
6.300348
6.887814
6.066254
3.649980
1.077051
-0.791678
-0.839792
-0.218273
0.838181
1.059231
2.472059
4.301757
5.923582
6.915581
5.636751
3.711565
1.282051
-0.923760
-1.890969
-0.905107
0.599789
1.335644
2.447569
4.475864
6.440517
7.284073
5.920185
3.661442
1.103737
-0.901363
-1.655601
-0.886144
0.244640
0.800632
2.092757
3.606570
5.608330
6.417076
5.943707
3.589288
0.978136
-1.505557
-1.986771
-1.320667
-0.075720
1.164124
1.789649
3.748916
5.675354
6.451292
5.647938
3.928646
1.255050
-0.382304
-1.140480
-0.641153
0.086321
1.356161
2.570840
4.176989
6.095329
6.162262
5.927395
3.176780
0.443414
-1.673431
-2.085818
-1.044101
0.072147
0.838286
1.434642
3.674481
5.768494
6.385345
5.460608
3.451908
0.846419
-1.445991
-1.729718
-0.374973
0.553074
1.128670
2.267434
4.316767
6.877459
7.784285
6.650448
4.534885
1.996090
-0.504571
-1.146071
-0.156141
1.368311
2.093679
2.759287
4.658969
7.106457
8.051559
7.157211
4.678177
2.193544
0.168068
-0.225061
0.313425
1.315022
2.071451
2.432755
4.118237
6.240520
6.789169
5.742908
3.718756
1.293540
-0.791487
-1.202897
-0.386217
0.679430
1.083543
2.289789
3.964571
6.343105
6.518066
5.485085
3.646339
0.583025
-1.494698
-2.095086
-1.091758
0.469814
1.751328
2.330654
3.790096
6.219343
6.582096
5.427689
2.989690
0.456967
-1.816741
-2.272904
-0.852441
0.400913
0.977237
1.861036
3.844069
5.849304
6.929779
6.090435
3.390152
1.024166
-1.150565
-2.002501
-0.948418
0.545458
1.321622
2.735725
4.176026
5.913742
6.839170
5.993656
3.713281
1.039390
-0.600472
-1.331378
-0.591286
0.891745
1.294705
2.233434
4.486982
6.672466
7.602436
6.462769
4.165499
0.922313
-1.092777
-1.961715
-1.858461
-0.355873
1.045463
2.174818
3.988458
5.875336
6.680706
6.026993
3.313970
1.036416
-0.905782
-1.683687
-0.980529
-0.192231
0.944254
1.704731
4.125947
6.509865
7.535053
6.447495
3.780805
0.749918
-1.183181
-1.062538
0.021473
0.582232
1.096558
1.857830
3.727093
6.182098
6.997063
6.317167
3.759157
1.484371
-0.941143
-1.871357
-0.961233
-0.152819
1.107474
2.327567
4.221988
6.702658
7.206001
5.708668
3.735798
0.747312
-0.816052
-0.907372
-0.077604
0.755033
1.532934
2.286902
4.537537
6.378473
6.673761
5.885546
3.414756
0.617077
-1.353642
-2.368736
-1.802181
-0.042370
0.944602
2.198479
4.392836
6.085745
6.926851
5.852013
3.944615
1.682190
-0.023522
-1.090512
-0.786393
0.355400
1.377414
2.289511
4.339128
6.409552
6.571972
6.380238
3.753382
1.137855
-0.985433
-1.738293
-1.318736
0.206915
1.057900
2.183848
4.186591
7.082394
7.569508
6.399109
3.901795
1.074983
-1.053259
-1.317322
-0.511180
0.416170
1.089410
1.964445
3.868970
5.714363
6.845528
5.419357
2.945926
0.723128
-1.610071
-2.339443
-1.331765
0.325405
1.369830
2.361440
4.439599
6.253014
7.364754
5.695385
3.561031
1.226445
-0.919871
-1.676147
-0.670823
0.411898
1.226410
3.080030
4.714460
6.210716
7.060787
6.210291
3.323499
1.260715
-0.768455
-1.748780
-1.551749
0.035545
0.699694
2.519051
4.235650
6.122589
6.876446
5.663074
4.135062
1.224053
-1.004985
-2.011316
-1.103285
0.309980
0.506055
1.857218
4.226274
6.674213
7.001444
5.935629
3.971852
1.295227
-1.303390
-1.503888
-0.504575
0.403158
0.829170
1.817915
3.703642
5.963737
6.904079
5.650761
3.929283
1.205613
-0.539551
-1.037787
-0.616939
0.708183
0.926710
2.571832
4.204699
5.691059
6.754265
6.314045
3.759859
1.304005
-0.649186
-1.574935
-0.460129
0.750900
0.981351
1.967373
4.438968
6.338711
7.211781
6.449596
4.261058
1.539912
-0.670089
-1.845108
-0.854273
0.750423
1.464620
2.638331
5.026619
6.597950
6.849232
5.965693
4.154697
1.010977
-1.316750
-1.801085
-0.335942
0.987688
1.852991
2.686603
4.129977
6.682657
7.398563
5.906185
3.803095
0.953766
-0.766687
-1.349131
-0.793260
0.036741
0.980100
2.454950
4.257792
5.561302
6.090427
4.890600
2.625684
0.472243
-1.353552
-2.685574
-1.854682
-0.690585
0.621927
2.037051
4.002227
5.600988
6.636108
5.690449
3.174526
0.380858
-1.614644
-2.239165
-1.288021
0.208710
0.955140
1.573648
3.228808
5.130548
5.583412
4.886225
2.649887
0.723239
-0.922563
-2.419197
-2.216730
-1.077748
-0.062812
1.124275
3.261341
5.083368
6.177887
5.578005
3.610514
1.014142
-1.688004
-2.374019
-0.973102
-0.130243
0.626837
1.307662
3.642138
6.363617
7.129190
5.860222
3.509138
0.936908
-0.958365
-1.211958
-0.749766
0.670061
1.065840
2.561050
4.038167
5.658546
6.405521
5.389729
3.037620
0.335363
-1.274525
-1.876776
-1.274553
0.067005
0.272386
1.314414
3.761584
5.410181
6.146179
5.198664
2.988585
0.791714
-1.184813
-1.582826
-0.875629
0.586958
1.193840
2.125014
3.733850
5.618166
6.307554
5.583565
3.374829
0.595147
-1.391189
-1.535372
-0.824429
0.294443
0.919927
1.868528
4.327471
6.359154
6.788841
5.922386
3.786776
1.262791
-0.862965
-1.409583
-0.528337
0.764059
1.467470
2.457599
4.118551
6.298645
7.519527
6.707565
3.994898
1.800234
-0.222685
-1.467853
-0.420086
-0.223805
0.946324
2.852033
4.836460
7.050234
7.014126
6.423498
3.760620
1.574080
-0.655981
-1.418092
-0.844373
0.342306
1.873369
2.533909
4.085685
6.155043
6.538712
5.552773
3.349996
0.489627
-1.418379
-2.307888
-0.527106
1.018217
2.015646
2.375698
3.673605
5.893261
6.784504
5.547329
3.523339
1.220737
-0.677617
-0.799096
0.317711
0.614664
1.741962
2.985043
4.832081
6.993332
7.742367
6.145718
3.632102
1.094834
-1.217869
-1.371413
-0.686746
0.256390
1.091153
2.305754
4.273569
5.825924
6.878340
5.595024
3.533267
0.848999
-0.786581
-1.248690
-0.635910
0.813015
1.902000
2.571254
4.160534
6.217796
6.626659
5.341389
3.536693
0.417773
-0.950475
-1.946323
-0.799979
-0.103827
0.659933
1.717635
3.951489
5.949713
6.441952
5.022383
3.108994
0.867426
-1.036607
-1.827618
-1.182338
0.029268
1.425163
2.241509
3.931360
5.984785
6.715212
5.519657
3.466044
1.294592
-1.195962
-1.924942
-1.019975
0.641392
1.254372
2.087621
4.107520
5.952774
6.619167
5.554886
3.421782
0.510368
-1.421643
-2.040965
-1.061934
-0.228956
1.011262
2.140597
4.110566
5.728046
6.589355
5.420271
3.600554
0.725289
-1.481507
-2.281550
-1.111921
0.145378
0.579852
1.754561
3.813050
5.752014
6.756660
5.864731
3.203341
0.087420
-1.790896
-2.614853
-1.488553
0.282463
0.617580
1.789885
3.641741
5.707169
6.496082
5.479702
3.235132
0.315072
-1.564908
-1.865716
-1.106389
0.086702
0.637912
1.389247
3.478187
5.878227
6.257214
5.287460
3.112326
0.511969
-1.826006
-2.290973
-0.847557
0.812813
1.151462
2.133092
3.465232
5.605293
6.190014
5.258835
3.078120
0.732056
-1.118720
-2.000380
-1.764611
-0.447833
0.356431
2.052640
3.837967
5.865395
6.636101
6.193089
3.510574
0.509404
-1.391392
-1.732547
-0.967050
0.255268
1.207228
2.447231
4.237497
6.718359
7.252789
6.106092
3.766059
0.961065
-0.654534
-1.574044
-1.193786
-0.197186
1.038095
2.352836
4.226438
6.276718
7.445423
5.943489
3.795308
1.190981
-0.993622
-1.524231
0.208349
0.564955
1.738590
3.064330
4.793495
7.100693
7.467073
5.980005
4.114715
1.823785
-0.746015
-1.640324
0.093807
1.377369
1.560953
2.296095
4.424930
6.489014
7.249584
5.977955
4.253610
2.053286
0.027207
-0.431610
0.797728
1.730316
1.797325
3.170439
4.999657
6.507902
7.006657
6.116230
3.685969
1.034701
-0.334766
-1.282974
-1.243321
0.043594
1.237699
2.363226
4.932552
6.966513
7.595894
5.869341
3.678714
0.902869
-0.819778
-1.974479
-1.385917
0.437443
1.340184
2.459177
3.372911
5.682076
6.306185
5.213230
3.558729
1.321257
-1.082294
-2.349081
-1.572961
-0.393350
0.784222
1.944139
4.120589
6.002663
6.714998
5.624031
3.059009
0.443362
-1.151306
-2.070582
-1.138780
-0.299695
0.732030
2.035426
4.390258
6.361324
6.938871
5.583687
3.340211
1.047295
-0.918752
-1.414695
-1.269573
0.197832
1.314399
2.581348
4.288129
5.656872
6.726343
5.710377
3.824661
1.641499
-0.383763
-1.701375
-1.694849
0.395269
1.217241
2.190002
4.140441
6.208649
7.067841
5.932640
3.972232
1.143673
-1.198078
-2.116723
-1.004904
0.576958
1.155956
2.208213
4.341036
6.203545
6.897774
6.611069
3.889647
1.171305
-0.991765
-1.763648
-0.765130
0.353743
1.355463
2.434370
3.987679
6.548401
6.973482
5.662352
3.301141
0.692243
-1.378427
-2.125900
-1.390754
-0.345954
1.109037
2.050531
3.803478
6.097004
6.704153
5.741394
3.662897
0.675923
-1.795603
-2.319632
-1.248526
-0.132250
1.031690
1.878981
3.741277
5.677008
5.765320
5.091869
2.754242
0.151469
-1.983706
-2.728682
-2.396764
-0.534032
0.675264
1.953589
4.129121
5.889563
6.253677
5.745918
3.832392
1.087070
-1.023862
-1.818174
-0.814471
0.707926
1.627064
2.852937
4.920334
6.877823
7.257885
5.967014
4.167194
2.196943
-0.273863
-1.137749
-0.826993
0.567774
1.821754
2.986335
4.652386
6.806871
7.148075
6.163475
3.846306
1.451870
-0.128668
-0.705825
0.058760
1.842962
1.818543
2.731178
4.833923
6.961851
7.560228
6.439898
3.986507
1.679748
-0.366760
-0.907278
-0.209060
1.606153
1.743567
3.412093
5.276237
6.967422
7.159092
6.035942
3.761985
1.318416
-0.627169
-1.591367
-0.996110
0.107557
1.006034
2.186894
4.150313
5.968800
6.499472
5.941839
3.635814
1.006073
-0.552693
-1.523440
0.118351
1.393970
1.497534
2.252269
4.257442
6.425034
7.082016
6.039288
3.729617
0.535862
-1.595737
-1.786826
-0.360137
0.849913
1.340514
2.413726
4.102586
6.097984
6.630838
5.384075
3.012135
0.321762
-1.860105
-2.282159
-1.117802
-0.408776
0.837831
1.641303
3.556413
5.769745
6.733932
5.461702
3.326665
0.692087
-1.747576
-2.635533
-1.517211
0.159800
1.238852
2.306133
3.853743
6.226740
7.066488
5.420189
3.054986
0.375784
-1.596141
-2.180175
-0.940692
0.066412
0.535878
2.016548
3.975472
5.116161
5.874573
5.412348
3.096063
0.375026
-1.833611
-2.671500
-1.833549
-0.719002
0.710582
1.805914
3.593462
5.709839
6.252098
5.429207
2.915576
-0.158046
-2.411679
-2.331800
-2.117300
-0.568999
0.773096
2.083993
3.909565
5.490223
6.246899
5.490248
2.983976
0.111182
-1.612881
-1.732861
-1.276877
0.600952
0.883394
1.620899
3.797359
5.352749
6.077591
4.992218
2.610674
0.166278
-1.942968
-1.878853
-0.640544
0.666082
1.890753
3.046296
4.186509
6.254143
6.892136
6.158913
3.624224
0.800551
-1.774416
-1.769516
-0.189459
1.056759
1.648298
2.167334
3.750571
5.959913
6.739494
5.551489
3.116820
0.901809
-0.702889
-1.974111
-1.186744
0.898384
1.129495
2.796794
4.842987
6.435946
7.362686
6.003765
3.617013
1.354035
-0.565020
-1.303295
-0.824972
0.868633
2.076757
2.789057
4.883354
6.678299
6.850090
5.847105
3.806605
1.649441
-0.494999
-1.119413
-0.464283
0.789614
1.829603
2.817485
5.081573
6.881218
7.128876
6.484322
4.667055
1.515485
0.019593
-0.463604
-0.712083
0.373262
1.471758
2.603344
4.622669
6.984882
7.691147
6.703674
4.165601
1.632769
-0.447377
-0.783008
-0.960437
0.399572
0.917984
2.155713
4.121878
6.209188
6.556671
5.592159
3.601911
0.819591
-1.148663
-1.700322
-0.345616
0.339954
0.630355
1.532799
4.005322
6.264742
6.507938
5.991386
3.328669
0.559379
-1.206988
-2.275481
-1.460635
0.050758
1.176366
2.228205
3.679948
5.681690
6.435217
5.316011
2.844563
0.495540
-1.269948
-1.963796
-1.219230
0.173553
0.351300
1.599273
3.751587
5.215603
6.012405
5.776848
3.465419
1.024628
-1.375842
-2.343911
-1.127257
0.255424
1.658163
2.183240
4.371637
5.440701
6.530716
5.523956
2.841159
-0.034315
-2.048003
-2.866672
-1.518495
-0.311633
0.305404
1.714705
3.766315
5.601482
6.271570
5.195198
3.003003
0.296656
-1.897035
-2.801954
-2.086372
-0.407616
0.373567
1.812968
3.695757
5.882607
6.604496
5.295113
3.039015
0.479254
-1.368165
-1.608345
-0.873648
-0.430485
0.678346
1.661172
3.608031
5.317261
6.403595
5.615309
3.400510
0.285824
-1.935925
-2.943567
-1.656155
-0.555921
0.367144
1.213056
3.435136
5.461487
5.567982
5.017660
2.791102
0.111596
-2.151122
-2.724240
-1.670520
-0.243281
0.675282
1.645434
3.248811
5.277674
6.165264
5.284575
2.735453
-0.293510
-2.439019
-2.724106
-2.048581
-0.461582
1.110265
1.825788
3.019596
5.518326
5.938961
5.041023
3.201676
-0.142499
-2.407595
-2.860916
-1.889052
-0.474526
0.354347
1.751390
3.999037
5.444635
6.305370
5.467548
3.292021
1.203299
-1.226948
-1.311054
-0.807657
0.324841
0.833202
2.157653
3.999537
6.239124
6.854692
5.599384
2.990520
0.713575
-1.002933
-1.288065
0.397141
1.815340
2.283133
2.932562
3.897120
6.299007
6.706890
5.673828
3.079822
0.717889
-1.398346
-2.169226
-1.361362
0.149977
0.556581
1.492689
3.914248
5.709805
6.542618
5.212742
3.431936
1.177299
-1.039577
-1.744551
-1.242065
-0.064909
1.126424
2.384886
4.070347
5.786674
6.276823
5.294912
3.202721
0.975574
-1.025992
-2.054229
-1.339869
-0.114996
0.337990
1.737237
3.672847
6.204918
6.887569
5.637520
3.254416
0.161046
-1.621146
-2.375594
-1.817936
-0.469203
0.987311
2.144309
4.476145
6.370449
6.890518
5.441147
3.469144
0.831074
-1.412741
-2.022577
-1.108263
0.519051
1.680744
1.669222
3.681958
6.357241
6.510525
6.078823
3.263583
0.119611
-1.927797
-2.124208
-1.205936
0.344339
0.726577
1.724518
4.006764
5.566319
5.551687
4.994804
3.154407
0.481817
-1.999438
-2.872490
-2.060477
-0.289067
0.868015
1.557337
3.929882
5.717842
6.381184
5.568378
3.296426
0.707644
-1.150343
-2.104406
-1.354800
0.295261
1.230215
1.681807
3.816545
5.650124
7.336552
6.170017
3.357896
0.710652
-1.207907
-1.679074
-1.793092
-0.530132
0.740739
1.818032
3.797533
6.086033
6.342197
5.609835
3.112241
0.352142
-1.592681
-1.808988
-1.288628
0.306393
0.958813
2.864676
5.123806
6.420033
6.404198
5.212732
3.007250
0.525487
-1.384706
-2.488325
-1.691261
-0.331947
1.061092
2.011420
3.638847
5.753864
5.741446
4.965895
2.837563
0.667785
-1.610669
-2.523976
-1.999128
-0.560830
0.298309
1.508488
3.514384
5.608082
6.295395
5.496628
3.442236
1.082038
-0.957520
-1.745904
-1.154094
0.300888
0.951759
2.296976
4.335881
6.175568
7.095001
5.754477
3.281420
1.174906
-1.080760
-1.811478
-1.280906
0.163693
0.604726
2.105183
4.239998
5.864723
6.643377
5.473763
3.642625
0.737018
-1.336812
-2.466287
-1.590491
0.064456
0.815779
2.105244
3.753767
5.657410
6.512642
5.087746
2.831881
-0.119464
-2.028893
-2.303847
-1.848048
-0.839054
0.164709
1.515253
3.000593
5.202881
6.459335
5.154125
3.430574
1.036425
-1.475007
-2.129472
-0.954131
0.785229
1.238283
2.116355
4.113854
6.166950
6.454075
5.396179
2.787378
-0.142497
-2.360671
-2.854068
-1.837945
-0.190666
0.034518
1.835053
3.389195
5.614141
6.072422
5.317791
2.806057
0.204887
-1.710100
-2.646096
-1.874777
-0.370267
0.597338
1.229239
3.668343
5.756247
6.239214
4.972027
3.198608
0.034851
-2.068064
-2.544742
-1.528886
-0.089804
0.590485
1.663818
3.726519
5.530464
6.356108
5.184103
3.041813
0.960695
-1.071578
-1.517973
-0.616147
0.405701
0.885405
1.940451
4.147450
5.862904
