6.416564
5.222503
3.317187
1.073893
-1.098697
-1.669092
-1.232383
-0.343276
0.837274
1.999575
3.797162
6.247722
6.400155
5.640813
3.686670
1.012521
-1.454651
-2.419068
-2.037016
-0.418316
0.522761
1.764883
3.456284
5.524699
6.449763
4.830585
2.525812
-0.477388
-2.826173
-3.926852
-3.274181
-1.391506
0.123195
1.217129
3.692115
5.397799
6.161731
5.268325
2.947848
0.317197
-1.882559
-2.506048
-1.764750
-0.430274
1.003633
1.799304
4.152990
5.680831
6.209407
5.252028
3.057964
0.701448
-1.908833
-2.933304
-2.486915
-0.770009
-0.048381
1.268326
3.530941
5.294951
6.137765
5.353297
3.228369
0.318747
-1.634065
-2.558229
-1.438022
-0.207534
0.671076
1.611208
3.379436
5.729468
6.945609
5.425883
2.799647
0.220098
-2.107535
-2.505353
-2.052114
-0.188647
0.683908
1.579193
3.746618
5.656899
6.351134
5.218965
2.634466
-0.196583
-2.459853
-2.492898
-1.813188
-0.723819
0.110749
1.900143
3.721702
5.344102
5.848575
5.059646
2.374781
-0.122557
-2.327135
-2.698202
-1.762023
-0.182454
0.510531
1.234767
3.275218
5.692430
5.984618
5.386498
2.901281
0.117364
-1.909381
-2.430597
-1.747618
-0.735629
0.265102
1.384263
3.249133
5.807275
6.604175
5.543597
2.650870
-0.023568
-2.585650
-2.910600
-1.297303
-0.728276
0.417154
1.683999
3.504431
5.666976
6.436576
5.722375
3.552242
0.609921
-1.702239
-2.548717
-1.992070
-0.493382
0.375864
1.999063
4.603793
6.412147
6.824584
5.414607
3.199607
0.492043
-1.498638
-2.470434
-1.172000
-0.317001
0.863926
1.540134
3.486322
5.854415
6.233956
5.050570
3.037835
0.510421
-1.809408
-2.834952
-1.900908
-0.544910
0.009482
1.674617
3.835487
5.799479
6.241410
5.448457
3.282195
0.902732
-1.068413
-1.270694
-0.734182
0.070586
1.010733
2.132405
3.925794
6.437156
7.281522
5.650031
3.356247
0.662206
-1.045511
-1.400624
-1.452060
-0.178541
0.995701
2.242698
4.199340
6.291757
6.404986
5.395932
2.798695
-0.002063
-2.000572
-1.918174
-0.609678
0.576749
0.601341
1.546914
3.468719
5.878161
6.203277
5.389846
2.632697
-0.549491
-2.650136
-3.122299
-2.598319
-1.269773
0.677458
1.419248
3.202071
4.860969
5.916003
4.784221
2.646037
0.249870
-2.100578
-2.882917
-2.260274
-0.541834
0.471539
1.637993
2.947760
5.177405
5.954013
5.061782
2.378174
-0.249101
-2.012788
-2.605656
-2.817739
-1.252522
0.052589
1.005036
3.347594
5.676095
6.547202
5.331058
2.704785
-0.274015
-1.972549
-3.022177
-2.138316
-0.478244
0.564652
1.551256
2.977269
5.125232
5.980990
4.563159
2.485519
0.065741
-2.235294
-2.688472
-1.558325
-0.978020
0.386391
1.785188
3.113304
4.870746
5.359927
4.736908
2.794162
0.299916
-1.727349
-2.452862
-1.630510
0.023259
0.452677
1.374865
3.060015
5.416080
6.259860
5.676131
3.341850
0.234673
-1.606394
-2.217866
-1.662583
-0.436219
0.809147
2.029409
4.127247
6.034183
6.786441
5.471387
3.210697
0.426273
-1.627522
-2.070115
-0.198514
1.142734
1.587480
2.392428
3.485299
6.168654
7.114367
5.722667
2.965608
0.364826
-1.285674
-2.865047
-2.451067
-0.937181
0.325855
0.955628
3.015845
5.375110
5.815095
4.756893
2.623872
0.354166
-2.116788
-3.274958
-2.575332
-0.375111
0.866655
1.672553
2.833968
5.226426
6.569800
5.236773
2.762639
0.142014
-1.916318
-2.640436
-2.339174
-0.830114
0.442515
1.304652
3.402149
6.187446
6.097632
5.034534
2.685203
0.201206
-2.125768
-2.568171
-1.402268
-0.361301
0.554295
0.772370
3.046051
5.488875
5.613109
5.448010
2.566551
-0.519234
-2.142174
-2.478023
-2.029405
-0.685940
0.258447
1.435144
2.952946
5.242808
5.690310
4.884250
2.442639
-0.483857
-2.512687
-3.082499
-2.670034
-0.819772
0.546329
1.216453
2.938431
4.806838
5.259879
4.323926
1.996260
-1.175728
-3.079644
-3.847894
-2.706649
-0.787415
0.115088
0.674291
2.345894
4.384307
5.141137
4.498371
2.068530
-0.511868
-2.320101
-2.557394
-2.527732
-1.024657
0.530440
0.826824
2.524954
4.520794
5.430209
4.195002
1.788939
-0.946652
-2.717591
-3.490356
-2.421655
-1.161713
-0.032684
1.063176
2.806194
4.825477
4.962691
4.386647
1.841643
-0.848207
-2.947116
-3.224830
-2.041941
-1.067163
-0.149186
0.709059
2.926245
5.178668
5.278274
4.283026
1.412950
-0.863376
-3.290955
-4.349769
-3.904116
-1.832988
-0.830796
-0.013115
1.889205
3.615829
3.899419
3.761286
1.732766
-1.258286
-3.492881
-4.158627
-3.462903
-1.827031
-0.992633
0.306115
1.880254
3.983788
4.525646
3.952458
1.361413
-0.934560
-2.958565
-3.641924
-2.897470
-1.328048
-0.015888
1.007514
2.423884
3.751981
4.707496
3.573937
1.810107
-1.069990
-3.059721
-3.595537
-2.327575
-1.254322
-0.189878
0.723285
1.997850
3.902956
4.504667
3.496229
1.118237
-0.869841
-3.053979
-3.856723
-2.105017
-1.004261
0.110859
0.823550
2.078603
4.149295
4.769094
4.075205
1.996322
-0.508056
-2.505723
-3.218314
-2.427780
-0.843321
0.479218
0.952527
2.653584
4.735424
5.467645
4.604518
2.059231
-0.963347
-2.521215
-3.036938
-2.549953
-0.841404
0.317135
1.285808
2.872622
4.800736
5.345920
4.521857
1.715069
-1.130497
-3.067625
-3.149486
-1.975109
-0.873857
0.123171
0.782952
2.269485
4.406347
4.698278
3.543981
1.948004
-0.578109
-2.359548
-2.892491
-2.044539
-0.739226
0.283129
1.090589
2.385429
3.977841
4.690808
3.985366
1.436111
-1.205247
-2.876264
-3.353613
-2.964918
-1.076890
-0.359632
0.253647
2.003789
3.959972
4.671214
4.018163
2.098703
-0.816221
-3.619205
-4.203987
-2.948863
-1.481262
0.295273
1.578431
2.501148
4.294053
5.550746
4.435769
1.916133
-1.183581
-3.222334
-3.431808
-2.381901
-0.993855
-0.522171
-0.018256
2.295538
4.223238
4.509583
3.247307
1.413126
-1.231495
-2.818350
-3.467686
-3.307816
-2.122910
-0.905320
0.752154
2.079931
3.789024
4.653890
3.951082
1.598983
-0.657022
-2.547565
-3.113797
-2.330481
-1.530681
-0.512160
0.576268
2.496554
4.127385
5.029307
4.257720
1.796358
-1.053489
-3.073397
-3.786418
-2.754642
-1.267641
-0.607329
0.267513
1.643853
4.198751
4.795167
3.522716
1.712377
-0.900894
-3.097910
-3.584582
-2.841291
-1.192991
-0.337268
0.457547
2.395929
3.974792
4.661783
3.466586
1.150251
-1.452692
-3.219780
-3.730096
-2.686208
-1.354054
-0.169045
0.141135
1.901282
3.588574
4.586755
3.601570
1.079966
-1.282090
-2.703382
-3.426189
-3.023403
-1.067195
-0.585611
0.087416
1.650316
3.387387
4.065166
3.298886
0.765304
-1.779653
-4.018876
-4.125148
-3.291575
-1.481163
-0.098657
0.495274
2.164086
3.436287
4.096758
3.584193
1.333707
-0.873821
-3.187892
-3.764195
-3.118941
-1.708799
-0.473799
-0.021598
1.787328
4.161509
4.940894
4.286925
1.974834
-0.636168
-2.710855
-2.960212
-1.347059
0.104493
0.164954
1.661617
3.239100
5.117291
6.147523
4.616524
2.698273
-0.277183
-2.230069
-3.361312
-2.145301
-0.315425
0.386795
1.019368
2.540899
4.712502
5.177001
4.151984
2.117325
-0.564981
-2.570955
-3.730898
-2.483525
-0.609756
0.304282
1.132201
2.690024
5.143725
5.211118
3.907168
1.551459
-0.869706
-3.150133
-3.573961
-3.119986
-1.556162
-0.810964
0.185875
1.601842
3.476478
3.837174
3.152183
0.917029
-1.861753
-3.856522
-3.662775
-3.420147
-1.468598
-0.575947
0.408209
2.089095
3.503761
4.205791
3.489245
1.189189
-1.491101
-3.499997
-4.544103
-3.436872
-1.788266
-0.521688
0.361216
1.952257
3.763454
4.499550
3.517822
1.588538
-1.318226
-3.630084
-3.773124
-2.462796
-0.333348
0.220959
0.213853
1.814267
3.637834
4.264946
3.643675
1.545897
-1.430104
-3.294218
-3.731510
-2.844613
-1.077826
0.148358
0.873057
1.802378
2.887644
3.810905
3.235500
1.070448
-1.629999
-2.955436
-3.781234
-2.329700
-0.784307
0.096129
-0.021053
1.943756
3.436546
3.975527
3.469003
1.681061
-1.239328
-3.239609
-3.897691
-3.166448
-1.627461
-0.175761
0.857717
2.526770
4.502835
4.939940
3.368557
1.380877
-1.606690
-3.612486
-3.732633
-2.790195
-1.438174
-0.171647
0.739936
2.327690
3.491169
4.241993
3.727168
1.493032
-0.841645
-3.654558
-4.030713
-2.989071
-1.821570
-0.311603
0.565413
1.802779
3.540572
4.295676
3.586874
1.242326
-1.344416
-3.091459
-3.420242
-2.881631
-1.757380
-0.496227
0.117673
1.236985
3.263922
4.315219
3.584882
1.408334
-1.117274
-3.459349
-3.865495
-3.221808
-2.207181
-0.837769
0.162560
1.177652
3.723522
4.837897
3.558876
1.350313
-1.566077
-4.033509
-4.242041
-3.283336
-1.379962
-0.683795
-0.275022
1.674047
3.408060
4.137942
3.222194
1.251786
-1.448247
-3.729436
-4.543724
-3.394623
-1.912957
-0.829034
0.376130
1.820453
3.401608
4.021747
3.407583
0.796567
-1.593046
-3.797585
-4.259001
-2.402845
-1.104856
-0.650187
0.200865
1.484063
3.135373
4.080401
3.484376
1.327048
-1.158003
-3.347238
-3.403443
-2.340712
-1.311933
-0.711433
0.118261
1.722453
3.661703
5.007159
4.291657
1.962700
-1.114018
-3.368814
-3.979154
-2.726394
-1.100741
-0.243510
0.426907
2.089183
4.035400
5.339355
4.068956
1.528134
-1.201072
-3.057331
-3.454974
-2.473560
-0.616509
-0.321536
0.317256
1.427714
3.623195
4.548415
3.728232
1.434428
-1.271577
-3.700009
-4.007293
-3.412266
-1.996959
-1.043414
-0.481203
1.079905
2.769638
3.556919
2.751434
0.250866
-1.882480
-4.103266
-4.553988
-3.467022
-1.956918
-0.760808
0.424751
1.662203
3.204158
3.482016
2.247391
0.161248
-2.271649
-4.848693
-5.335563
-4.244714
-2.481783
-1.539832
-0.631920
0.650836
2.327071
3.020563
2.272199
0.428762
-2.546760
-4.880718
-5.485415
-4.753207
-2.228894
-0.996342
-0.569724
1.054334
2.274637
3.077743
2.012545
-0.135607
-2.104285
-4.210098
-4.012851
-2.715915
-1.577046
-0.521258
-0.011429
0.705374
2.092925
2.957498
2.645835
0.376003
-2.200992
-4.342051
-4.594159
-3.126326
-1.855950
-1.233282
-0.460909
1.132701
3.245067
4.112635
2.991267
0.825747
-2.088241
-4.051175
-4.930363
-3.077360
-1.617969
-0.604314
0.505622
1.786565
3.656426
3.848124
2.995255
0.357186
-2.264590
-4.566654
-5.278551
-4.693384
-3.132078
-1.787406
-0.440384
0.619147
2.254081
2.955136
2.079667
0.150967
-2.223346
-4.699886
-5.044319
-4.679028
-2.694892
-1.589828
-0.627513
0.547469
1.939449
2.109123
1.812627
-0.248480
-2.613322
-4.200016
-4.623186
-3.546758
-1.842841
-0.607883
-0.167360
0.774781
2.467055
2.880662
1.820146
0.148580
-2.540873
-4.710138
-5.177052
-4.124837
-2.817160
-1.275198
-0.184395
0.854340
2.170619
2.670517
2.161396
0.390803
-2.474397
-4.810470
-5.768354
-5.107202
-2.780608
-1.292244
-0.636786
0.670192
1.780174
1.961018
1.998211
-0.065148
-2.628266
-4.831911
-4.803687
-4.256993
-2.694049
-1.536326
-0.877198
0.663126
1.976979
2.438684
1.442362
-0.570157
-2.638349
-4.217977
-4.202766
-3.554606
-2.026149
-1.012443
-0.258562
1.754356
3.031308
3.380079
2.399284
0.992212
-1.913308
-4.443470
-5.515351
-4.208307
-3.012998
-1.365289
-0.116688
1.382903
2.945686
3.311975
2.198727
-0.178360
-2.574637
-4.982227
-5.816418
-4.503426
-2.328061
-1.827352
-0.510497
0.775586
2.043224
2.307746
1.821647
-0.269704
-2.815243
-5.026128
-5.707047
-5.099934
-3.024186
-1.610432
-0.476522
0.628111
2.251598
2.810761
1.777782
-0.193460
-2.800929
-4.921596
-5.576868
-4.566769
-2.944043
-1.813805
-0.822538
0.175233
1.730589
2.251290
1.058204
-0.792683
-3.143891
-5.067554
-5.440321
-4.476305
-2.489289
-1.623959
-1.335123
0.370761
1.908113
2.404809
1.085507
-0.977280
-2.935215
-4.721274
-5.185905
-4.120831
-2.591027
-1.128952
-0.512359
0.568708
1.499439
2.060844
1.709415
-0.305663
-2.362415
-4.448905
-4.665282
-4.342196
-2.212403
-0.963151
-0.446304
0.622041
1.417908
1.997064
1.566446
-0.251242
-2.214748
-3.721422
-4.406596
-2.937102
-1.444499
-0.686589
-0.079954
1.320336
2.807549
3.218275
1.949695
-0.107029
-2.737069
-4.963987
-5.567886
-4.511012
-2.511992
-1.480944
-0.701702
0.573555
1.942890
2.668207
2.140755
0.035078
-2.719076
-4.672989
-4.783084
-3.402361
-1.735072
-1.052123
-0.030264
0.668917
1.601460
2.246350
1.374076
-0.734884
-2.889605
-4.993770
-6.003770
-4.268856
-2.727826
-1.616046
-0.748483
0.032040
1.594900
2.137266
0.960587
-0.964612
-2.889509
-4.685199
-5.006261
-3.182239
-2.071464
-1.503389
-0.540674
0.643950
1.622341
1.984564
1.094514
-1.110811
-3.611987
-5.525719
-5.499471
-4.845836
-2.599322
-0.890239
-0.436052
0.268354
1.495047
2.037294
0.635255
-1.219019
-3.385159
-5.409964
-6.100688
-5.289417
-3.327308
-1.543281
-0.822219
0.719281
1.634863
2.073165
1.737123
-0.273140
-2.355001
-4.154856
-4.423141
-4.099567
-2.034583
-1.278419
-0.060006
1.707321
2.143931
2.274944
1.227377
-0.730297
-3.283094
-5.340362
-5.334509
-4.337178
-2.519448
-1.524134
-0.726008
0.375688
1.789393
2.317349
1.000524
-1.432872
-3.716158
-5.226851
-5.736979
-4.774959
-3.108932
-1.497111
-0.841008
0.279922
1.454332
1.571433
0.611441
-1.088685
-3.464188
-4.772324
-5.555149
-4.135483
-2.287320
-1.475101
-0.638426
0.560158
1.508991
2.045896
1.070762
-1.181180
-3.073977
-4.649525
-5.194203
-4.757017
-3.145667
-1.689677
-0.729432
0.196220
1.117492
1.339021
0.630363
-0.930707
-3.510503
-4.622073
-4.726122
-3.850958
-2.222482
-1.006322
-0.865763
0.755904
1.822247
1.857574
1.270411
-1.060729
-3.209256
-5.285666
-5.888547
-4.373980
-2.153607
-0.960406
-0.255118
0.248354
1.991387
2.319622
0.852728
-1.286859
-3.332640
-5.415672
-5.733806
-4.887314
-2.926066
-1.523175
-0.778200
0.121073
1.255123
1.233445
0.479777
-1.065750
-3.089977
-4.624475
-5.704223
-4.926614
-3.242934
-1.785596
-1.182796
0.215895
1.665792
1.988041
0.726844
-1.424181
-4.067298
-6.226693
-7.015747
-5.687499
-3.084420
-2.069150
-1.279956
-0.084323
1.109980
1.458302
0.620590
-1.263575
-3.979257
-5.727431
-6.141575
-5.275644
-3.480550
-2.258865
-1.342861
0.290462
1.369634
1.885728
0.614881
-1.528127
-4.420044
-5.940965
-6.410766
-5.266331
-3.095134
-1.827096
-1.661558
-0.646665
0.719241
0.988569
-0.365148
-2.065331
-4.181913
-6.111674
-6.207892
-4.106735
-2.185622
-1.439042
-1.119075
0.006450
0.997923
0.972162
-0.181100
-2.445992
-4.537559
-6.164855
-6.287410
-5.478665
-3.405864
-2.167254
-0.958279
-0.172566
0.585680
0.529701
-0.277229
-1.909299
-4.016032
-5.564995
-5.995028
-4.367587
-3.076716
-1.992839
-1.390041
-0.216603
1.345862
1.154548
0.214959
-1.227221
-3.531915
-5.449950
-5.581431
-4.658101
-3.200423
-1.711453
-0.990036
0.141507
1.307117
1.674251
0.690739
-1.517955
-3.883265
-5.298934
-5.005951
-4.249347
-2.529101
-1.829743
-1.490034
0.000599
1.299465
1.633661
1.197922
-1.527187
-3.721142
-5.021061
-5.212910
-4.192532
-2.573087
-1.414638
-0.726789
0.117012
1.572021
2.028335
1.130871
-1.298395
-3.789044
-5.413852
-5.925767
-4.396898
-2.336637
-1.013057
-0.541624
0.787841
1.897204
1.933349
0.374284
-1.625490
-4.137175
-5.492787
-5.350516
-4.426169
-2.310861
-1.654590
-1.226895
-0.064547
1.611421
1.613599
0.626056
-1.541166
-3.709781
-4.960101
-5.641624
-4.512500
-2.588628
-1.858169
-1.574217
-0.548549
1.057226
1.144966
-0.046969
-2.012175
-4.147706
-6.117478
-6.503872
-5.006129
-2.302096
-1.317147
-1.161680
-0.173343
0.908269
0.835811
-0.349197
-1.870625
-4.147722
-5.707088
-5.650782
-4.368148
-2.438617
-1.559764
-0.803990
-0.012010
1.268210
1.300092
-0.151385
-2.237329
-4.535317
-6.319499
-6.752771
-5.800476
-3.480344
-1.979917
-1.283648
-0.084394
0.726047
1.081977
-0.171213
-2.121632
-4.181454
-5.478492
-5.964518
-4.651115
-3.152492
-1.880466
-1.805380
-0.555120
1.107876
1.879561
0.382474
-1.784312
-4.098296
-5.408203
-5.851658
-5.279835
-3.429299
-2.248752
-1.526076
-0.932349
0.128658
0.243161
-0.732267
-2.415865
-4.384587
-5.870747
-5.648355
-4.445395
-2.677302
-1.764039
-0.834080
0.427622
1.215159
1.253261
-0.407118
-2.443516
-4.770977
-6.965671
-7.383171
-5.803881
-3.709527
-2.766639
-2.071183
-0.793560
-0.152438
0.002768
-0.729158
-2.796286
-5.414719
-7.332804
-7.270168
-5.055331
-3.635449
-2.801255
-1.641950
-0.964271
-0.434732
-0.209627
-1.524415
-3.467042
-5.757399
-6.803909
-6.550302
-5.393536
-3.732451
-2.496100
-1.336043
-0.925197
-0.121683
0.050332
-0.608292
-2.740643
-4.604257
-6.172824
-6.798762
-6.043750
-4.115409
-2.106759
-1.309188
-0.438819
0.428091
0.094558
-0.878428
-2.621641
-4.867180
-6.846405
-6.410008
-4.872410
-2.922618
-1.928264
-1.585820
-0.552486
0.466927
0.200216
-0.913251
-3.104778
-5.411042
-6.721188
-5.907161
-4.809218
-3.151374
-2.161992
-1.708087
-0.626377
0.439451
0.607584
-0.727444
-2.745130
-5.050815
-6.763218
-6.441713
-5.418374
-3.248113
-2.346881
-2.225725
-1.197088
0.317598
0.754416
-0.571852
-2.087329
-4.614773
-6.260850
-6.659770
-5.184484
-3.016562
-2.236808
-1.242952
-0.220786
0.522846
0.673800
-0.356492
-2.680633
-5.089684
-7.055180
-7.159825
-5.446166
-2.844832
-1.877040
-1.426656
0.060213
0.673033
0.722333
-0.556371
-2.180470
-4.598647
-5.912010
-6.111606
-5.327513
-3.825253
-2.456300
-1.327781
-0.710838
0.129684
0.380953
-0.576733
-2.237615
-4.151444
-5.942197
-6.870890
-5.575882
-3.729226
-2.073260
-1.266397
-0.250362
0.744336
0.798114
-0.423599
-2.507969
-4.207831
-5.237809
-5.261008
-4.303884
-3.225318
-1.771729
-0.997247
-0.243477
0.527789
0.368279
-0.920539
-3.216745
-5.322956
-6.382487
-6.777370
-5.548874
-3.310822
-1.457799
-1.269133
-0.144377
0.458695
0.797605
-0.596481
-2.218020
-4.116385
-5.609875
-6.194545
-5.184690
-3.551105
-2.348786
-1.452281
-0.267928
0.891000
1.007007
-0.404106
-3.084028
-4.898564
-6.972526
-7.533849
-6.057728
-3.822810
-2.759286
-1.724787
-0.695632
-0.238086
-0.121350
-1.045525
-2.823141
-5.278116
-6.891015
-6.739438
-5.428576
-3.978728
-2.856158
-1.699154
-0.562233
0.309546
-0.103168
-1.153967
-2.823736
-4.973130
-6.323134
-6.979975
-5.607450
-3.638562
-2.259671
-2.244914
-1.138189
-0.290236
0.166388
-0.540371
-2.619327
-4.833319
-6.290509
-6.751753
-5.695635
-3.503024
-2.196486
-1.407737
-0.469876
0.159879
0.288942
-0.394542
-2.716805
-4.942067
-6.539870
-6.842700
-5.750233
-4.023395
-2.386058
-1.864615
-0.392467
0.173450
0.373381
-0.649553
-3.167650
-5.426138
-7.302103
-7.592533
-6.835261
-4.127618
-2.387113
-2.084098
-1.322096
-0.123233
0.244796
-0.658987
-2.829877
-4.849637
-6.580223
-6.632950
-5.206059
-2.937207
-1.585080
-1.792622
-1.076063
0.164176
0.948907
-0.054509
-2.166887
-4.700356
-6.567623
-6.428359
-5.689812
-3.459832
-1.963559
-1.514276
-0.373878
0.105282
0.461380
-0.524303
-2.872142
-5.238435
-6.909459
-7.032347
-4.866612
-2.694606
-1.599530
-1.304328
-0.769922
0.176361
0.084929
-0.804195
-2.665349
-4.915266
-6.922985
-7.549891
-5.484068
-3.035661
-1.781335
-1.395941
-0.397068
0.705994
1.111860
0.055789
-2.462066
-4.344379
-5.905522
-6.236667
-5.492044
-3.757510
-2.342889
-1.805458
-0.605747
0.493842
0.515199
-0.551096
-3.138435
-5.548890
-7.822505
-7.482431
-5.990438
-3.447406
-2.986529
-2.386941
-1.229048
0.360320
0.433293
-0.891286
-2.865632
-5.032422
-6.676927
-6.235079
-5.464278
-3.619874
-2.447633
-1.874955
-1.197755
-0.417663
-0.258375
-1.579188
-3.542861
-5.199937
-6.548436
-7.077657
-6.149670
-4.312751
-2.913463
-2.300635
-0.839952
-0.016682
0.219007
-0.836357
-2.509532
-4.989407
-6.753232
-6.509053
-5.791012
-3.664395
-2.170247
-1.737269
-0.692255
0.671151
1.397045
0.342752
-2.430142
-5.166586
-7.097116
-7.166242
-6.475607
-4.582885
-3.235655
-2.073129
-1.520480
-0.258525
-0.274075
-1.817702
-3.931100
-5.965346
-7.400298
-7.724373
-6.810822
-4.532248
-2.990356
-2.671023
-0.994144
-0.733926
-0.232978
-1.836566
-3.512180
-5.523959
-6.723724
-6.571097
-4.876915
-3.367846
-2.304244
-2.169003
-0.938066
-0.422468
-0.535368
-1.389100
-3.280943
-5.571063
-7.452764
-7.139716
-5.547551
-4.284720
-3.261182
-2.779874
-1.542673
-0.793119
-0.766880
-1.961683
-4.112315
-6.402257
-7.528028
-7.582941
-6.494599
-4.142337
-2.616038
-2.228725
-1.242205
-0.757309
-1.089822
-2.298320
-3.667862
-5.944635
-7.150710
-7.776802
-6.185161
-4.796042
-3.245444
-2.289753
-1.406682
-0.213614
-0.304183
-1.446765
-3.526341
-5.901261
-7.808987
-8.444366
-6.649901
-4.500553
-3.589576
-2.537073
-1.046449
-0.171039
-0.423181
-1.525573
-3.429837
-5.924105
-7.359260
-7.126552
-5.755662
-3.785371
-3.135372
-2.744413
-1.410652
-0.190630
-0.299980
-0.958131
-3.105911
-5.082551
-6.913665
-7.859463
-6.452236
-4.034755
-3.456758
-2.115857
-1.305086
-0.103439
-0.175426
-1.214210
-3.360944
-5.705178
-6.930920
-7.216187
-5.903178
-3.690066
-2.349700
-2.198288
-1.392171
-0.568300
-0.616614
-1.851468
-3.643420
-5.781187
-6.740440
-7.476896
-5.746272
-4.649179
-3.357532
-1.982019
-1.160862
-0.396816
-0.393970
-2.220704
-3.998652
-6.200781
-7.545270
-7.390390
-5.556196
-3.823426
-2.415239
-2.341838
-0.711777
0.312513
0.043135
-0.976172
-3.010697
-5.851367
-7.364338
-7.495935
-5.992471
-4.276664
-3.245685
-2.411085
-1.000483
-0.539450
-0.409223
-1.529922
-3.833102
-6.626951
-8.182380
-7.677943
-6.071199
-4.398597
-3.447813
-2.816484
-2.206843
-1.067402
-1.007313
-2.381233
-4.416826
-6.563034
-7.815357
-8.475664
-7.136673
-4.734078
-3.714301
-2.792313
-1.871313
-1.210130
-1.150237
-2.098128
-4.120578
-6.754901
-8.224068
-8.360015
-7.131155
-4.706335
-3.397907
-2.422646
-1.462554
-1.037283
-0.822349
-1.867461
-3.901777
-6.412547
-7.743665
-8.194508
-6.356688
-4.854485
-3.498967
-2.786897
-1.533195
-0.776810
-0.366452
-1.917349
-3.701647
-6.214154
-7.522519
-7.749536
-6.625025
-4.616384
-3.272333
-2.414595
-0.966701
-0.152727
-0.165528
-1.042457
-3.646356
-5.514289
-7.383875
-7.565239
-6.223451
-4.363104
-3.082709
-1.895633
-0.937123
0.071556
0.568086
-0.954398
-2.851010
-5.569367
-7.358803
-7.877669
-6.552530
-4.971655
-3.244852
-2.353532
-1.388409
-0.198612
-0.149568
-1.348586
-3.790348
-5.940404
-7.463769
-7.716186
-6.960923
-5.018988
-3.827518
-2.807924
-1.390462
-0.269716
-0.513890
-1.579144
-3.432486
-5.504094
-7.361920
-7.079432
-6.146305
-4.321319
-2.796577
-2.058459
-1.382622
-0.292377
0.399079
-0.640832
-2.937398
-5.372979
-7.411586
-7.571095
-6.483506
-4.599556
-3.139632
-2.175538
-1.033984
0.382917
0.263030
-0.734419
-2.775064
-5.430690
-7.677811
-7.540171
-6.132398
-4.934229
-3.454353
-2.786840
-1.823449
-0.459657
-0.229774
-0.725678
-2.560292
-4.918887
-6.479676
-6.359652
-5.833720
-4.556862
-3.208415
-2.091133
-0.774198
-0.151311
0.172046
-1.211231
-3.178336
-5.579746
-7.624116
-7.700214
-6.458781
-4.373303
-2.697600
-1.623929
-0.761435
0.038107
-0.023542
-1.183646
-3.491966
-5.635043
-7.419576
-7.241699
-6.106180
-4.778179
-3.569780
-2.804528
-1.656512
-0.720805
-0.502774
-1.505540
-3.373756
-5.774170
-6.859285
-7.107518
-5.846478
-4.256218
-2.743839
-2.401757
-1.407893
-0.757235
-0.964239
-1.805923
-3.811322
-5.863100
-7.690069
-7.202921
-5.917842
-4.663896
-3.513368
-2.808190
-1.814762
-0.450026
-0.439876
-1.368779
-3.813858
-6.595748
-8.608480
-8.604303
-7.371372
-5.512385
-4.551044
-3.200090
-2.142755
-0.633981
-0.571630
-1.775788
-3.653307
-5.953885
-8.110611
-8.391583
-7.242050
-5.024072
-3.886978
-3.115281
-1.881827
-1.041568
-0.687230
-1.794062
-3.683439
-6.480308
-7.798214
-7.804859
-6.819292
-5.681927
-4.130866
-3.158062
-2.274957
-0.668121
-0.654834
-1.848767
-3.994511
-6.423927
-8.037054
-8.792522
-7.834785
-6.243046
-4.637338
-3.772503
-2.174242
-1.040605
-0.610280
-1.455565
-3.575038
-5.814048
-7.554019
-7.764949
-6.210781
-4.811417
-3.300296
-2.732841
-1.812407
-0.836751
-0.772503
-1.750708
-3.835432
-6.182560
-7.193825
-7.611780
-6.369545
-4.725526
-3.638963
-3.127521
-2.119563
-1.104316
-0.768882
-1.570332
-4.088747
-6.733190
-8.546240
-8.373320
-7.483893
-5.683424
-4.357451
-3.414264
-2.218717
-0.799153
-0.321027
-1.603478
-3.732718
-6.168446
-7.623294
-8.775036
-7.422128
-5.648120
-4.104421
-2.879346
-1.966107
-1.060725
-0.958277
-1.961143
-3.844220
-5.981365
-7.648388
-8.056085
-6.786987
-5.031658
-4.060999
-3.249291
-1.580248
-0.554817
0.003467
-1.098839
-3.065513
-5.546172
-7.217095
-7.622990
-6.595366
-5.296756
-3.703312
-2.153585
-0.715178
-0.092107
-0.001119
-0.853862
-3.311566
-6.167307
-7.987971
-8.222065
-6.835049
-5.447096
-4.189699
-3.176608
-1.541509
-0.451374
-0.406451
-1.091237
-3.653541
-6.494064
-8.946307
-9.162418
-7.179531
-5.858263
-5.124197
-4.180878
-2.448823
-1.036335
-0.622178
-1.453183
-3.454210
-5.518068
-6.647177
-7.330873
-6.975770
-5.170104
-3.917302
-3.132293
-1.974268
-0.503941
-0.473111
-1.719573
-3.475435
-6.362568
-8.149247
-8.345443
-7.731420
-5.990325
-4.079414
-3.022058
-1.718058
-0.459299
-0.278683
-1.221501
-3.563484
-6.118606
-7.602156
-8.183182
-7.035698
-4.958405
-3.972773
-3.285826
-1.965091
-0.298272
-0.094419
-1.121020
-3.675776
-6.208823
-8.101291
-8.641539
-7.199996
-5.789890
-4.534288
-3.041214
-2.094652
-0.559613
-0.283303
-1.637115
-3.681839
-6.231066
-8.322414
-9.255825
-7.722017
-5.798615
-4.456531
-3.603002
-2.085634
-0.704051
-0.175743
-0.882565
-3.321568
-5.781205
-7.290874
-7.735422
-6.907141
-5.154366
-3.585641
-2.557823
-1.313243
-0.309930
-0.028778
-1.216044
-3.286600
-5.546426
-7.953671
-8.482216
-7.078727
-4.934072
-3.531445
-2.944836
-1.587151
0.005115
-0.001931
-1.040855
-3.023543
-5.861696
-8.217904
-8.493598
-7.560062
-5.897449
-4.174804
-3.086555
-1.904678
-0.771762
-0.201437
-1.102830
-3.457888
-5.993457
-8.181316
-9.156842
-7.558686
-6.234032
-4.438984
-3.930921
-2.425958
-0.778939
-0.393897
-1.512115
-3.306180
-5.644220
-7.420733
-7.419185
-7.110289
-5.315070
-3.369284
-2.614657
-1.138186
-0.498821
0.341713
-0.943585
-2.272035
-4.413458
-6.287640
-5.717827
-4.826038
-3.865479
-2.641375
-2.042919
-0.525358
0.851602
0.916278
0.122014
-1.710311
-4.588821
-7.017695
-7.404685
-6.060946
-4.166101
-3.116211
-2.621017
-1.452842
-0.289261
0.344027
-0.289702
-2.294577
-5.138467
-7.385958
-7.906043
-6.604131
-4.957620
-3.248719
-2.703815
-2.034175
-0.590982
0.340785
-0.510727
-2.588815
-4.904473
-6.998313
-6.903286
-5.887372
-4.243060
-2.968067
-2.204976
-0.574662
0.186950
0.408362
-0.864521
-3.018695
-5.947404
-8.117010
-7.652566
-6.104770
-4.929591
-3.949883
-3.172694
-1.862708
-0.599572
0.419544
-0.804919
-2.943274
-5.390300
-7.360428
-7.901676
-6.227463
-4.602249
-3.585598
-2.915281
-1.407335
0.140763
-0.083386
-0.820579
-3.206958
-5.542898
-7.669103
-7.894059
-6.640244
-5.107190
-4.018483
-3.076797
-1.860703
-0.542918
0.306615
-0.616933
-3.231932
-5.819756
-7.494354
-7.773920
-6.855053
-5.376443
-4.275942
-2.907287
-1.578510
-0.757313
-0.656867
-1.162037
-3.600952
-5.906372
-7.690409
-8.838990
-6.787031
-5.408407
-4.094130
-3.151509
-1.695592
-0.401374
0.403623
-0.186656
-2.513894
-5.666491
-7.479904
-8.259822
-6.626922
-4.502519
-4.324988
-3.190119
-1.617713
-0.059230
0.092481
-0.968191
-3.191871
-5.594619
-7.338305
-7.580219
-6.843882
-5.694940
-4.408276
-3.041998
-1.322994
0.568311
0.503137
-0.063666
-1.680270
-4.370586
-6.033547
-6.606379
-5.226335
-3.943654
-2.644003
-1.505436
-0.861998
0.377774
0.717859
-0.035424
-2.253136
-5.031744
-7.235772
-7.727079
-6.495917
-4.497202
-3.500704
-2.831785
-1.694965
0.025500
1.048764
-0.159439
-2.375266
-4.767131
-6.802610
-7.044522
-6.484515
-4.667864
-3.144756
-2.250461
-0.854232
1.433432
0.928748
0.078762
-2.290717
-4.731779
-7.064328
-7.203815
-6.423958
-5.106145
-4.241000
-2.728726
-1.014500
0.632247
1.121841
0.101766
-1.879927
-4.084541
-6.142622
-6.820300
-5.917024
-4.414171
-3.250068
-2.145955
-0.811203
0.973151
1.620039
0.501958
-2.163594
-4.784784
-6.932143
-7.479020
-6.173508
-4.647862
-3.445328
-2.656280
-1.100656
0.502293
1.035766
-0.176583
-1.924384
-4.586596
-6.631717
-7.988887
-7.407841
-5.619040
-4.046391
-3.047915
-1.575398
0.151723
0.611950
-0.064471
-1.821713
-4.650795
-6.079327
-6.305329
-4.827269
-3.523908
-2.755973
-1.501276
-0.807994
0.636367
0.829370
0.422132
-2.128819
-5.417365
-6.769620
-7.474166
-6.466810
-5.091342
-3.672544
-2.341080
-1.279212
-0.067732
0.927897
-0.061908
-2.302428
-4.991596
-6.795710
-7.742911
-7.095313
-5.512690
-4.474179
-2.877393
-1.183567
0.370610
0.954009
0.170352
-2.658567
-5.046293
-7.535933
-8.223217
-7.508334
-6.028811
-4.174771
-2.993630
-1.284869
0.305432
0.707297
-0.090623
-2.608962
-5.160867
-7.311260
-7.854492
-6.415540
-5.008515
-4.247974
-3.146526
-1.346919
0.255086
1.022134
-0.335647
-2.238229
-4.797811
-6.635389
-7.346371
-6.466928
-5.112348
-4.121663
-2.324892
-1.120894
0.367235
1.116627
-0.034357
-2.579440
-5.368002
-7.561502
-8.001791
-6.623546
-5.547403
-4.175688
-3.039083
-0.671180
0.738854
0.862895
-0.208859
-2.507599
-4.959688
-6.508505
-7.237291
-6.335976
-4.953792
-3.759279
-3.167419
-1.461843
0.198047
0.989491
0.380324
-2.372022
-4.908422
-6.761954
-7.371848
-6.218612
-5.233095
-3.498290
-2.074685
-0.819836
0.868930
1.553271
-0.087922
-2.823275
-5.898740
-8.049881
-8.899305
-7.957691
-6.489081
-5.296355
-3.503225
-1.914992
-0.359441
-0.167672
-1.185733
-3.599411
-5.797205
-7.632160
-8.140074
-6.459326
-4.906549
-3.799782
-2.740681
-1.418187
-0.775992
-0.549083
-1.267679
-3.510206
-6.074745
-8.238742
-8.136436
-6.835910
-5.739100
-4.824495
-3.703607
-1.722239
0.208195
0.113269
-0.361281
-2.854526
-6.218511
-8.017570
-7.876497
-6.766969
-5.469060
-4.318453
-2.569593
-0.950978
0.251100
0.457825
-0.673509
-2.852674
-5.856534
-7.593267
-8.666672
-7.598314
-5.712049
-4.472842
-3.161363
-1.689921
0.108756
0.703071
-0.176253
-2.297993
-4.809263
-7.512451
-7.595488
-6.217998
-5.161832
-3.900272
-1.953485
-0.542216
0.751335
0.791927
-0.123075
-2.538557
-5.384922
-7.586929
-8.178622
-6.829430
-4.683225
-4.065717
-2.981290
-1.003932
0.585458
0.617513
-0.989315
-3.593828
-6.429534
-8.427348
-9.310869
-8.802376
-6.811790
-4.908439
-3.566533
-2.088772
-1.010296
0.314097
-0.655031
-2.764359
-5.327424
-7.024933
-7.620099
-7.059276
-5.632903
-3.994647
-2.719684
-1.180591
0.589752
0.877679
-0.178383
-3.098878
-5.568812
-7.573139
-8.490362
-6.850638
-5.252905
-4.403831
-2.971548
-0.973295
0.596197
1.414545
0.295951
-1.922313
-4.665863
-7.022451
-7.768002
-6.523852
-5.301625
-4.453839
-2.992178
-1.014180
0.641339
1.278569
0.637589
-1.879693
-4.298227
-6.466159
-7.722229
-6.904677
-5.242745
-3.731529
-2.992795
-1.410022
0.485817
0.479152
-0.152878
-2.197114
-5.000079
-7.471921
-8.640073
-6.900819
-4.543018
-3.661640
-2.571054
-0.815942
0.717102
1.337771
0.163430
-2.098222
-4.343942
-6.924889
-7.542518
-6.314398
-4.552635
-3.822118
-2.348592
-0.687397
1.049703
1.399184
0.417466
-1.242829
-4.064169
-6.241272
-6.420382
-5.270256
-3.863425
-2.674239
-1.322721
-0.156617
1.655702
2.156760
0.498218
-1.705427
-4.858475
-7.044325
-7.521440
-6.532306
-4.655397
-3.637739
-2.435682
-0.618176
1.578898
2.517057
1.380025
-1.330836
-3.821911
-5.989424
-7.020644
-6.103442
-4.566936
-3.610832
-1.812174
0.253284
1.441230
1.859584
0.725930
-1.471475
-4.447171
-6.722547
-7.823885
-6.440848
-4.789571
-3.413633
-2.012854
-0.638109
0.678903
1.640748
0.776307
-1.701415
-4.386149
-6.767933
-7.037827
-6.125306
-4.330256
-3.299872
-1.613486
-0.209871
1.318507
1.795863
0.962781
-1.660272
-3.773533
-6.129091
-6.734209
-6.299348
-4.734573
-2.916722
-1.749609
-0.268592
1.343471
2.192521
0.770394
-1.205058
-4.048482
-6.202661
-6.519539
-5.476116
-3.570839
-2.841623
-2.208860
0.104228
1.792043
2.164834
1.060975
-1.234149
-3.272103
-5.083715
-5.550213
-5.197308
-3.677568
-2.484357
-1.059421
0.104566
1.655976
2.400575
2.199225
-0.225329
-3.299967
-4.833404
-5.226702
-3.562600
-2.488102
-1.922410
-1.661054
0.373998
1.941224
2.691546
1.311389
-0.836432
-3.991763
-6.342454
-7.197291
-6.275164
-4.935588
-3.588710
-2.306146
-0.335310
2.092013
2.768768
1.691045
-0.261306
-3.513838
-5.722731
-6.847324
-5.946034
-4.772862
-3.714406
-2.568550
-0.285909
0.957299
1.677398
1.038032
-1.267735
-4.166159
-6.399655
-7.515332
-6.783596
-5.082253
-3.473579
-2.643051
-0.559528
1.364353
2.074822
1.491862
-0.844380
-3.201915
-5.534474
-6.421069
-5.742821
-3.905036
-2.679158
-1.214947
0.151420
2.021400
2.561297
1.266866
-0.553226
-3.333437
-5.788662
-6.378792
-5.059998
-3.818845
-3.070373
-1.684072
0.380567
2.215805
3.492951
1.989800
-0.486336
-2.757928
-4.847219
-5.872216
-5.088879
-3.813991
-2.819158
-1.271626
0.085667
2.536595
3.302045
2.714358
0.445026
-2.532245
-4.851937
-5.648128
-4.567938
-3.869861
-2.904801
-1.641466
0.468180
2.147324
3.537660
2.366542
-0.256192
-3.056326
-5.564513
-6.714277
-6.245165
-5.189218
-3.518007
-2.029099
-0.224195
2.136676
3.045011
2.322572
-0.362885
-3.671529
-5.653703
-5.796045
-4.738833
-3.600656
-2.400298
-1.401097
-0.074532
1.769933
2.246138
1.302066
-1.517063
-4.047073
-6.460380
-7.692313
-7.383471
-5.544678
-3.681498
-2.253796
-0.636765
0.649562
1.650737
0.677484
-1.153563
-3.908251
-6.012246
-6.788524
-6.293178
-4.538984
-3.168293
-2.289679
-0.547315
1.495320
1.912430
1.332673
-0.947459
-3.548647
-5.482384
-6.840241
-6.257744
-4.371099
-3.462370
-2.417659
0.374536
2.471091
3.168868
2.501281
-0.063964
-3.198743
-5.521750
-5.764760
-4.633026
-2.751819
-1.691735
-0.742257
0.472486
2.526004
3.325536
2.756421
-0.031185
-2.320080
-4.548367
-4.658978
-3.939759
-3.236367
-2.271433
-0.938726
0.993670
3.143441
3.557042
2.570867
0.692218
-2.353905
-4.769943
-5.631266
-4.833719
-3.004688
-2.255265
-0.953098
1.578858
4.014419
4.209760
3.378411
0.914309
-1.906240
-4.193034
-5.570457
-5.158275
-3.556225
-2.338361
-0.918820
1.491822
3.965919
4.130168
2.612548
0.658593
-2.039165
-4.631670
-5.357362
-4.864293
-3.291738
-1.923372
-0.654315
1.012818
3.151873
3.640281
2.710809
0.990674
-1.919514
-4.288951
-5.000021
-3.826602
-2.574183
-1.124706
0.387902
2.304282
4.103767
4.257824
2.966390
1.262971
-1.423806
-3.796278
-4.336489
-3.875254
-2.643433
-1.325235
-0.048086
1.875714
3.774089
4.870095
3.880362
1.283033
-1.465720
-3.387792
-4.213376
-3.191333
-1.623256
-0.850021
0.119325
1.721992
3.939369
4.461290
3.532251
1.408414
-1.748503
-4.195006
-4.416794
-3.135360
-1.948194
-0.774197
-0.012733
1.683768
4.396930
5.067105
4.317817
2.154377
-1.079370
-3.945385
-5.080915
-4.018836
-2.320896
-1.467863
-0.036551
2.043697
3.805263
4.048923
3.396619
1.873040
-0.876348
-2.998701
-4.544734
-3.848982
-1.933150
-1.260752
0.485768
2.328403
4.899695
5.648026
3.936806
2.101907
-0.690070
-2.859179
-3.048287
-2.271752
-1.415685
-0.783992
0.040527
2.357024
3.954937
5.803683
4.417507
2.228043
-0.622155
-2.559842
-3.414697
-2.874044
-1.274456
-0.934757
0.244511
2.440505
4.665206
5.398036
4.438917
2.103873
-1.239657
-3.285184
-3.689243
-3.169395
-2.207274
-0.900368
-0.393232
1.810160
3.998531
4.544968
4.116108
1.433870
-1.276509
-3.435456
-4.346507
-3.551912
-2.115193
-1.388453
-0.372708
1.486969
3.561480
4.889729
4.336543
1.970653
-0.615793
-2.721081
-3.625731
-2.442285
-2.006400
-1.466698
-0.102879
2.578566
4.565799
5.267009
3.574964
1.113129
-1.607920
-3.348870
-4.221072
-3.592591
-2.369576
-1.175434
0.463510
2.402787
4.359619
4.946969
3.806576
1.616197
-1.386132
-2.540541
-3.345253
-2.702169
-1.240110
-0.307773
0.146168
2.263577
4.658565
4.730867
3.988205
1.702772
-1.022137
-2.648555
-3.222647
-2.851104
-1.710222
-0.768560
0.275569
2.152991
4.421140
5.104499
4.268046
2.293414
-0.824726
-2.731125
-3.096089
-1.951816
-1.432563
-0.700176
0.339108
2.442834
3.974724
4.708595
4.231743
1.637710
-0.683943
-2.635783
-3.395061
-2.328930
-0.992042
-0.160158
0.853464
2.512815
4.856481
5.483249
5.041587
2.518001
-0.186355
-2.002642
-2.598056
-1.907498
-1.213721
0.326773
1.306397
3.040587
4.809041
5.511317
4.382251
2.364051
0.075450
-1.861081
-2.346599
-1.521931
-0.177165
0.491333
1.407535
2.881707
4.812823
6.002444
5.470561
3.149884
0.448212
-2.127646
-2.312703
-1.863762
-0.194278
0.575774
1.324816
3.206886
4.964396
5.717904
5.152982
3.248364
-0.080115
-2.311321
-3.002927
-2.323865
-0.473214
0.261823
0.861962
2.861741
5.392062
6.448012
6.050769
3.545126
1.165437
-1.432126
-2.007856
-0.855301
0.286103
1.104874
2.080639
4.145964
6.083034
6.970632
5.845160
3.426289
1.461890
0.027041
-1.120494
-0.652238
0.430463
1.499255
2.350475
3.990032
5.477504
6.680560
6.110320
3.959725
0.965701
-0.958645
-1.997899
-1.652104
-0.213437
1.262004
2.430880
4.081799
6.093741
6.346435
5.826316
3.572218
1.362109
-0.539238
-0.836758
-0.330810
0.981320
1.785028
2.364993
4.090748
6.204070
7.135383
5.915542
3.826542
0.939264
-0.937799
-1.427709
-0.483024
1.022716
1.597768
2.375286
4.014108
5.851119
6.570197
5.341350
3.629490
1.589283
-0.332094
-0.640162
0.471015
1.380057
1.631879
2.558840
4.131831
5.839965
6.456038
5.827445
4.314757
1.942842
-0.125873
-0.973611
-0.003284
0.708816
1.201270
2.644931
4.556557
6.573913
6.935809
5.735131
3.691500
0.929443
-1.064490
-1.918726
-0.486899
1.293874
1.734956
2.749414
4.154626
6.560866
7.093022
5.747312
3.821175
1.137392
-0.856225
-1.571671
-0.530732
1.132642
1.239367
2.124798
4.250989
5.982778
6.351239
4.869838
2.942244
0.564150
-1.107712
-1.247695
-0.896343
-0.359790
0.554403
1.910851
3.469549
5.490664
6.158441
5.448607
3.445610
0.945163
-1.338121
-1.232326
-0.977845
0.603560
1.200973
2.119307
3.942989
5.668788
6.304120
5.463115
3.600648
1.030358
-0.597486
-0.895360
-0.167132
0.707101
1.852399
2.596194
4.256302
5.944621
6.424293
5.672355
3.407431
0.791541
-1.101721
-1.964912
-1.262653
0.013856
0.935631
2.780333
4.431993
5.993854
6.544568
5.590291
3.311058
0.741665
-1.367285
-1.382450
0.066180
1.244321
1.076882
2.379974
3.754248
5.992877
6.750934
5.832404
3.533150
1.566938
-0.640283
-1.183524
-0.379514
0.430493
1.353793
2.234756
3.846558
5.896701
6.359340
5.509748
3.595569
0.931298
-1.299154
-1.318170
-0.257197
1.195609
1.423594
2.371582
4.097320
6.446618
6.887637
6.713748
4.376886
1.713330
-0.623476
-0.727871
0.376250
1.104224
1.854676
3.085160
4.974528
6.644134
7.221696
6.136519
4.061570
1.546311
-0.240601
-0.367171
0.383458
1.189038
1.633817
2.961927
4.753536
6.810370
7.257354
6.579318
3.631294
1.503200
-0.320310
-0.415812
1.032969
1.673846
2.054076
2.514583
3.993742
5.633311
6.863553
5.998199
4.036065
1.542155
-0.403566
-0.397684
0.763505
1.679309
2.169583
2.807596
4.295429
6.246665
6.470603
6.203757
4.387233
1.804455
-0.064094
-0.582900
0.574071
1.878726
1.856460
2.782627
5.258977
7.374782
7.483100
6.649623
3.944459
1.419934
-0.705453
-1.861092
-1.203599
0.696372
1.021567
2.240916
4.370520
6.094953
6.695647
5.523448
3.538070
0.605392
-1.352160
-2.071096
-1.164540
0.192842
0.870946
1.979762
3.581985
5.480445
6.160975
5.545016
3.642686
0.876386
-1.200427
-1.136579
-0.335494
0.711175
1.214044
2.219013
4.580553
6.559806
6.678908
5.568500
3.772182
1.295119
-0.682747
-1.090146
0.123076
1.570579
2.288384
2.853931
4.978152
6.797608
7.349002
6.701617
4.188124
1.166198
-0.307216
-0.746058
0.000148
1.351188
1.877418
3.537107
4.751745
6.376390
7.440055
7.161128
4.658421
2.096804
-0.133178
-0.833912
0.034633
0.918033
1.943982
2.772799
4.907607
6.358321
7.240985
6.596354
4.613287
2.175386
-0.405775
-0.967155
-0.333880
0.720502
1.668023
3.013114
4.893359
6.936034
7.486936
6.345572
4.676511
1.954473
0.526986
-0.542088
0.208655
1.432378
2.378970
3.875265
5.667443
7.317235
7.936299
6.489425
4.392591
1.518600
-0.127892
0.139824
0.493623
1.472766
2.152741
2.956347
4.560473
6.386264
6.779796
6.478976
4.021504
1.296636
-0.067944
-0.250507
0.240907
1.290370
1.766702
2.713046
4.916389
6.397166
6.978473
6.041993
3.837720
1.722867
-0.423103
-1.496100
-1.103753
0.683339
1.560367
2.537592
4.434840
5.963445
6.860686
6.175159
4.148501
1.560052
-0.422272
-1.657249
-1.057060
0.552052
1.670293
2.887171
4.109616
6.291427
7.101037
6.330894
4.314035
1.827900
0.046371
0.050897
0.863284
1.101329
2.000543
2.858338
4.549722
6.455010
7.586276
6.817241
4.618711
1.295412
-0.794061
-0.904124
-0.322330
0.903708
1.640941
3.071316
4.478697
6.572429
7.256881
6.567756
4.159021
1.077237
-0.667692
-0.938110
0.071227
1.812444
2.033294
2.266848
4.582999
6.757174
6.861651
5.843127
3.272166
1.123502
-0.680665
-1.615334
-0.643914
1.529025
2.100831
2.898878
4.429857
6.173688
6.976956
6.444573
4.217963
1.954665
-0.108512
-0.908357
-0.616478
1.013055
1.599002
2.819690
4.772724
6.702659
7.230550
6.240155
4.484764
2.128352
-0.256626
-1.115031
-0.164636
1.204461
1.814475
2.570234
4.497322
7.171662
7.446149
6.892980
4.293553
1.539733
-0.193921
-0.751980
0.477035
1.479913
2.125855
3.604186
5.034190
6.313800
7.276187
6.491567
4.201598
1.682615
0.022388
-0.844918
-0.268514
0.989459
1.421597
2.290802
4.536179
5.943191
6.902976
6.321120
4.039275
1.670873
-0.387085
-1.579742
-1.342215
0.378840
1.148380
2.821837
4.944139
7.148799
7.146331
5.877387
3.924703
1.163693
-0.545969
-0.904321
-0.012519
0.821874
1.524661
2.402107
4.528829
6.649543
7.134879
6.176856
3.855327
1.479675
-0.206724
-0.387589
0.411796
1.336204
2.176234
3.183455
5.334298
6.802056
7.154532
6.518092
4.102799
1.363642
-0.133405
-1.223454
-0.391957
0.925509
1.729278
3.045220
4.646935
6.250815
7.031249
6.324267
3.668617
1.215435
-0.464384
-1.254339
-0.789474
0.935117
2.055024
2.642657
4.152362
5.969050
7.203532
6.184833
3.962490
1.691438
-0.463549
-1.546747
-0.463659
0.814338
1.964271
2.849468
4.278010
7.010634
7.270392
5.882670
3.690081
1.481633
-0.438931
-0.643436
0.474921
1.703214
1.914096
2.749730
4.228832
6.156642
7.065433
6.415141
3.930257
1.092005
-0.797819
-1.235750
-0.651585
0.554969
1.781892
2.765481
4.120054
5.982566
6.777305
5.521789
3.537431
2.102175
0.054712
-0.941893
-0.891102
0.778348
1.651547
2.433324
4.329659
5.790225
6.849837
5.821422
3.960806
1.569589
-0.165257
-0.524589
-0.120063
1.221414
1.892739
2.995002
5.252456
7.359485
7.562366
6.620948
4.129129
1.913199
0.227621
-0.562784
0.671416
1.553615
2.190200
3.080274
4.849462
6.252208
7.001357
5.883445
3.505846
1.066117
-0.410282
-1.298323
-0.683339
0.662972
1.485889
2.901366
4.477639
6.895232
7.513591
6.371818
3.844460
1.258570
-1.095360
-1.358731
-0.910296
0.226024
1.210705
1.864705
3.960085
6.469199
6.794473
5.953979
3.736797
1.012156
-0.526489
-0.539207
-0.193635
0.797448
1.743655
2.283589
4.048842
5.982085
6.983577
5.878386
3.842155
0.921552
-1.221769
-1.202832
-0.377574
0.695045
1.311701
1.710910
3.363556
5.922992
6.876943
5.571048
3.584754
1.676534
-0.357040
-1.271221
-0.983619
0.684354
1.647904
2.541401
4.662670
6.925384
7.179746
6.008124
3.942463
1.330029
-0.942957
-0.840657
-0.021623
1.109906
1.861049
2.333375
3.816086
6.239083
6.933028
5.740899
3.504646
0.960407
-0.814713
-1.525033
-0.448990
1.542331
1.989398
3.230748
4.663158
6.605500
7.141067
6.220822
4.291821
1.734864
-0.087486
-1.481398
-0.526731
0.594237
2.064553
3.039025
4.907023
7.564944
7.669696
6.452950
3.890829
1.310843
-0.526167
-0.790175
-0.221814
1.020526
2.171075
3.264057
4.906627
6.947463
7.536143
6.209624
4.531090
1.930899
-0.071929
-0.767476
-0.004352
1.202662
2.050275
3.031160
4.503789
6.236205
7.313678
6.020402
3.553861
0.500085
-1.537724
-2.010166
-1.403028
0.097636
0.773561
1.668156
3.975160
6.640376
7.019670
6.691064
3.932439
1.975420
-0.082639
-1.043590
-0.429151
0.046113
1.024831
2.109520
4.287815
5.749209
6.352483
5.690696
3.507166
1.500019
-1.097052
-1.517840
-0.650370
0.591096
0.714648
2.377671
4.331295
5.855716
6.747499
6.092204
3.738790
1.189771
-0.508980
-1.618079
-0.740612
1.077252
1.847995
2.853008
4.218635
6.286254
7.075065
5.869323
3.645853
1.606668
-0.026069
-0.457452
0.339105
0.620551
1.495020
2.731226
4.666858
6.495173
6.713044
5.823781
3.824330
0.945495
-0.780453
-1.670337
-0.899355
0.693143
1.573188
2.048116
4.051237
5.825307
6.969390
5.904204
3.353235
0.857467
-1.178150
-1.622770
-0.534001
0.274680
1.304826
2.237768
4.376884
6.182067
6.941638
5.948630
4.047155
1.816139
-0.475421
-0.713840
0.115375
0.968537
1.531620
2.653780
4.647078
6.241660
6.965552
6.030589
4.302382
1.395609
-0.939116
-1.598010
-0.429793
1.234359
1.439197
2.688791
4.845420
6.682155
7.372951
5.828446
3.963661
1.502393
-0.739562
-0.990344
0.191480
1.184299
2.106385
3.064945
4.641476
6.501678
7.137370
6.159884
4.028467
1.427397
-0.668313
-1.714221
-0.577250
0.810058
1.507010
2.411909
4.751922
6.718253
7.565246
6.529246
3.909789
1.411833
-0.593502
-1.275031
-0.672600
0.728593
1.384483
2.266744
4.275094
6.366977
6.470794
5.859698
3.936631
1.454936
-0.685585
-1.343497
-0.362999
0.833957
1.604245
3.132720
4.771227
6.552060
7.193202
5.767678
3.544287
0.895956
-1.051819
-1.887657
-0.788568
0.042188
1.294095
2.373017
4.148364
6.676173
6.607745
6.139752
3.855946
1.140973
-0.682487
-0.874119
0.033805
1.129527
1.719340
2.497851
4.528500
6.948997
6.619519
5.982390
3.813653
1.347661
-0.177671
-0.729486
0.174924
1.560971
1.582164
2.749482
5.099074
6.580256
7.276050
6.492822
4.338166
1.489005
-1.179004
-1.723989
-0.700491
-0.195067
1.365329
2.516926
4.346634
6.533523
7.174075
5.714606
3.885798
1.944084
-0.429435
-0.758214
-0.368023
0.618016
1.124123
2.188392
4.254757
6.094695
7.077575
5.935576
4.251474
1.374278
-0.764930
-1.316645
-0.734222
0.588843
1.333765
2.470531
4.512869
6.832078
7.512538
6.047858
3.714799
0.754186
-1.018074
-1.628544
-1.288417
0.372334
1.722183
2.465151
4.234925
6.295213
7.114551
6.069564
3.321654
1.030464
-1.030940
-1.824812
-1.018806
0.610044
1.182748
2.381657
4.107865
6.190192
7.367831
5.464772
3.227914
1.322572
-0.338956
-1.741791
-1.319645
0.279798
1.224742
1.925569
3.611636
5.505561
6.796100
5.930713
3.900639
0.862788
-1.209914
-2.035080
-1.198096
0.243237
1.804053
2.378716
4.170107
6.523219
6.646667
5.783517
3.638872
0.931278
-1.354048
-1.757364
-0.539392
0.559352
1.676644
2.221333
4.341963
6.037383
6.415984
6.294415
3.634778
1.218803
-0.447604
-1.629787
-1.262612
0.528529
1.457271
2.754710
4.731421
6.166884
6.347266
5.388114
3.129417
0.639661
-1.364064
-1.574711
-0.816422
0.186498
1.051692
2.891355
3.812647
5.354300
6.687724
5.566537
4.034903
0.899295
-0.905390
-2.105364
-1.280594
0.316026
1.273117
2.128765
4.010147
6.248315
6.622855
5.561381
3.528346
0.891137
-1.386569
-1.712741
-0.744833
0.967307
1.402051
2.350397
3.908810
6.016662
6.097003
5.430846
2.943610
0.490578
-1.800399
-2.468158
-1.876696
-0.639211
0.592400
1.452275
3.678846
5.755368
6.711425
5.872695
3.366882
1.438596
-0.805877
-1.132887
-0.704110
0.562173
0.823397
2.184399
4.388919
5.805964
6.208587
5.092780
2.983728
0.622040
-1.409525
-1.322178
0.156215
0.636746
1.522703
2.392112
3.960599
5.233527
6.172832
5.575118
3.068789
0.700766
-0.935876
-1.889668
-1.087687
0.519395
0.582314
1.643788
3.674729
5.735427
6.603477
5.884093
3.777331
0.893546
-1.114172
-1.411553
-0.545433
0.281110
1.097046
2.427926
4.250951
5.818969
6.320525
5.242862
3.888292
1.511906
-0.713417
-1.410020
-0.382742
0.432305
1.145043
2.531168
4.371631
6.741351
7.200347
6.813624
3.932112
1.407644
-0.819999
-1.665969
-0.801287
0.272811
0.971115
2.099046
4.322127
6.343446
7.024814
5.602180
3.622252
0.969215
-1.547850
-2.075506
-1.449166
0.312573
1.141078
1.996147
4.155288
5.790656
6.189147
5.757621
3.962184
1.864618
-0.491220
-1.568973
-1.025861
-0.062957
1.195250
2.211750
4.296214
6.039136
7.029407
6.521724
4.328060
1.439525
-0.446522
-1.494402
-0.402239
0.262843
0.974340
2.137217
4.835132
7.328738
8.131431
6.810971
4.747247
1.612389
-0.649721
-1.481479
-1.209727
-0.067043
1.025702
2.452467
4.846044
6.725749
7.407504
6.145024
3.557498
1.083787
-0.842405
-1.572207
-0.527591
0.320693
1.076203
1.795075
3.963525
6.256000
6.759200
5.802810
3.293837
0.858439
-1.369771
-1.814412
-1.093598
0.406413
1.049152
2.282221
4.366101
6.266482
6.642720
5.434636
3.885069
0.934235
-1.283264
-1.720599
-1.525608
-0.093349
1.019102
2.218852
3.990585
6.016940
6.911483
5.834516
3.450088
0.941431
-0.964972
-2.229099
-1.907551
-0.774020
0.574794
2.213561
4.007237
5.491771
6.510945
5.237815
3.693219
1.102713
-0.647408
-1.003345
-1.079329
-0.396865
0.633598
1.798325
3.765726
5.929217
7.395129
6.223708
3.903008
1.428588
-1.180323
-1.839892
-0.657885
0.810706
1.305308
2.373728
4.426907
6.452456
7.061418
6.385058
3.909032
1.528589
-0.707661
-1.638999
-0.527462
0.752334
1.332320
2.612267
4.580215
6.784007
7.361506
6.154109
4.010794
1.476466
-0.491181
-1.490775
-0.637638
0.758248
1.692751
2.445000
3.971783
6.134925
6.480376
6.012004
3.608380
0.958853
-1.295717
-2.083957
-1.056668
0.151162
0.832100
2.353756
4.567446
6.638078
6.987533
6.458259
4.038296
1.766245
-1.093529
-1.391481
-0.022314
0.898776
1.822497
3.101543
5.337432
7.452218
8.262511
6.706250
4.023441
1.136171
-0.937973
-1.642664
-0.869744
0.156032
0.855145
1.972550
4.367339
6.268699
7.247167
6.489135
4.473439
1.604719
-0.866242
-1.894863
-1.035785
-0.183531
0.450637
2.418172
4.098032
5.968331
6.921613
6.176656
3.671246
0.842204
-0.987768
-1.964682
-1.192497
-0.377904
0.510807
1.986623
4.140661
6.182792
6.879825
5.915589
3.235423
0.452917
-1.741160
-1.963394
-1.078162
0.248399
1.283425
1.868375
3.580637
6.238006
6.815705
5.792396
3.527605
1.170379
-0.592210
-1.124125
-0.009072
1.351504
1.537515
2.410806
4.745311
6.873252
7.437831
5.665593
3.637196
0.905889
-1.147274
-1.717210
-1.491495
0.223172
0.795869
1.717094
3.459641
5.854726
7.187535
5.755113
3.377280
1.200966
-0.666203
-1.381026
-0.473629
0.893620
1.433148
2.663179
4.343491
6.042552
6.653380
5.669467
3.367046
0.178953
-1.751400
-2.451902
-1.398305
0.045673
1.338016
2.123631
4.570780
6.499549
6.693675
5.537911
3.347228
1.238162
-1.050013
-1.722282
-1.124572
0.035914
0.453825
1.850950
3.790983
5.691304
6.430369
5.195603
2.811244
0.557370
-1.365941
-2.487088
-1.566539
-0.554822
1.176280
1.903846
3.822017
6.122764
6.303397
5.234920
3.120433
0.965224
-0.926517
-1.645561
-1.052498
0.349505
0.736559
2.039443
4.252852
5.750846
6.664340
5.605622
3.628261
0.485240
-1.758263
-2.644991
-1.534286
-0.193040
0.963692
1.876892
3.735866
6.130336
6.975810
5.775050
3.550294
1.247385
-0.771658
-1.302206
-0.625313
0.590898
1.731240
2.667845
4.275189
6.514207
6.442634
5.962321
3.752507
0.913389
-1.205125
-1.748592
-1.508964
-0.189307
0.435647
1.875598
3.658143
6.043853
6.277305
4.766556
3.170997
0.894333
-1.238716
-1.982848
-1.063087
-0.240513
0.755052
2.048883
3.967722
5.783172
6.669593
5.072997
2.966376
0.225351
-1.406874
-2.152322
-1.233158
0.107179
1.126884
1.626526
3.776084
5.639777
6.067088
4.783111
2.723471
0.479249
-1.185838
-1.935342
-0.785455
0.305127
1.102281
2.443700
4.042437
5.319278
6.067214
5.405505
2.963805
0.573625
-1.416673
-2.424417
-1.106406
0.370181
1.148827
2.143485
3.804404
6.206439
6.461137
5.327464
3.763441
1.176805
-1.187321
-1.970873
-0.954538
0.258807
1.079197
1.882139
4.141168
6.205028
6.945910
6.307467
3.694489
1.128513
-1.018992
-2.194172
-1.463082
-0.114365
1.072838
2.203327
4.247938
6.364127
6.772788
5.743968
3.595461
0.836499
-1.393508
-1.742618
-1.667402
-0.117398
0.400375
2.116846
4.110982
6.020190
6.633071
5.641166
3.251278
0.318809
-1.543973
-1.487178
-1.110922
0.259736
0.959266
2.108556
3.904913
6.021861
6.597999
5.316871
3.042482
-0.120649
-2.173300
-2.636455
-1.806569
-0.860417
0.082381
1.610409
3.900432
5.902404
6.284274
5.353694
2.986793
-0.147210
-1.967830
-2.577719
-1.504787
0.089616
0.668170
1.440332
3.300220
5.442958
5.980079
5.377086
3.026592
0.575405
-1.328491
-1.851769
-1.622420
-0.580235
0.486624
1.917788
4.076009
6.315837
7.426934
6.162740
3.533230
1.083010
-1.134457
-1.434209
-0.122926
0.206166
1.241811
1.957314
4.070792
6.151143
7.356273
5.983573
3.536827
1.200316
-0.808371
-1.160238
-0.776529
0.300830
1.680214
2.963987
4.863116
6.626340
7.368247
6.609912
3.927224
1.055267
-1.159266
-1.894514
-1.024256
0.426499
1.130176
2.621726
4.583490
6.425097
7.140386
5.923066
3.151361
0.173994
-1.342218
-1.866136
-1.645759
-0.244793
0.744802
2.357031
4.261828
5.801040
6.364703
5.967998
3.120364
0.967094
-1.297934
-1.832385
-1.337239
0.124812
1.146803
2.264553
4.284307
6.282300
6.742026
5.330039
3.252027
0.895311
-1.448621
-2.114931
-1.369253
0.270883
1.539776
2.840424
4.615198
6.373572
7.421079
5.934630
3.825192
0.826959
-1.041431
-1.725596
-0.556125
0.679151
1.654972
2.673875
4.935821
6.652553
7.260783
6.339427
3.511270
1.122150
-0.287076
-1.008512
-0.566819
0.318593
1.280923
2.472423
4.555144
6.634217
7.470973
6.715222
4.724638
1.665128
-0.472121
-0.845181
-0.083654
0.726590
1.356890
2.178640
4.475945
6.310885
7.012607
5.772021
3.501801
0.590311
-1.646454
-2.547544
-1.369119
-0.016825
0.624291
1.373363
4.066661
6.293609
6.553412
5.571902
3.262527
0.418398
-1.368038
-1.772758
-0.717009
0.145532
0.798761
1.615563
3.337709
5.255225
5.666917
4.736713
2.879866
0.320117
-2.107722
-2.643241
-1.903020
-0.649688
-0.163568
1.186889
3.322124
5.449101
6.381999
5.463981
3.405291
0.468660
-1.545515
-2.019018
-1.253132
-0.435006
0.288735
1.778089
3.761350
5.823812
6.202983
5.200961
3.209791
0.279055
-1.491043
-2.133693
-1.283992
0.224900
0.855289
1.626354
3.700264
6.092738
6.554400
5.408450
2.751126
-0.036492
-2.214491
-2.437963
-1.491879
-0.545073
0.528204
2.203452
3.276081
5.306960
5.599948
4.983855
2.763290
0.473561
-1.222138
-2.169830
-1.648998
-0.468337
0.957186
2.211407
4.157568
6.222320
6.851069
5.721925
3.446642
0.957219
-1.672167
-2.867451
-2.356218
-0.832943
0.465860
1.881343
4.294434
6.422641
6.558028
5.522084
3.163992
0.545771
-1.512037
-1.731942
-0.962253
0.644671
1.072796
1.972356
3.366214
5.344703
6.284923
4.840716
2.702338
0.295021
-1.149018
-2.184883
-1.126685
-0.155139
0.904924
2.058887
4.051234
6.085162
6.689872
5.553843
3.340219
1.014478
-0.713032
-1.634912
-0.337608
0.773046
1.552323
2.147816
4.058843
6.203143
7.614232
5.616042
3.975185
1.339987
-0.494470
-1.246127
-0.230806
0.867724
1.054186
2.080226
4.035134
5.682860
7.185714
5.526801
3.476946
0.929925
-1.371892
-1.683718
-0.384807
0.907416
1.406913
2.445807
4.270855
6.197177
6.955434
5.568580
4.128800
1.437514
-0.406306
-1.315701
-1.051848
0.487115
1.016250
2.326770
4.388551
6.021619
6.826617
5.726123
3.841505
1.228503
-0.950313
-1.481252
-0.464645
0.921096
1.976281
2.204766
4.276835
6.354165
7.111983
5.401347
2.844434
0.275520
-1.401858
-2.038475
-1.385155
0.094047
0.919465
1.950690
3.879961
6.062587
6.534278
5.351325
3.298403
0.759913
-1.164169
-2.253744
-1.785137
-0.146354
0.854950
1.719995
4.195889
6.449290
6.793605
5.951684
4.110909
1.415736
-0.391080
-1.361292
-1.164554
0.296344
1.422463
2.782440
4.561896
6.604606
7.230655
6.339955
3.682783
1.117479
-0.780489
-1.251287
-1.204166
0.036306
0.927753
1.982375
4.194061
6.614835
7.361609
5.949321
3.454506
0.739523
-1.639387
-2.877499
-1.813037
-0.557332
0.559662
1.525803
3.921016
6.196353
6.693707
5.442733
2.644319
0.117947
-1.712227
-2.064257
-1.084128
0.584207
0.899219
1.492961
3.791270
6.007516
6.702790
5.975930
3.986991
1.176641
-0.664056
-1.861456
-0.677324
1.197659
1.455462
2.206027
4.483104
6.605643
6.555943
5.674136
3.528797
0.623610
-1.602669
-1.944632
-1.464411
0.782504
1.527031
1.809531
4.104258
6.019183
7.179564
6.137523
3.825430
0.823383
-1.117635
-2.049528
-1.321379
0.150260
0.408865
2.327045
4.509583
6.426320
6.498631
5.657268
3.396682
0.388618
-1.195568
-2.156765
-1.656378
-0.635761
0.195472
1.403737
3.873412
5.824296
6.782773
5.374396
2.584474
0.240307
-1.812387
-2.843950
-1.391769
0.674495
1.055923
1.629857
3.358605
5.030135
6.203444
5.364413
3.234695
0.967914
-1.444527
-2.072861
-1.482512
-0.126765
1.031855
2.285094
4.317070
5.477637
6.650905
5.669784
3.214104
0.887383
-1.167992
-1.827130
-0.903448
0.587712
1.269166
2.233458
4.303415
6.229459
6.148225
5.500136
3.178109
0.603105
-1.280679
-1.979043
-1.160480
-0.120906
1.309216
1.850953
3.608212
5.472514
6.461497
5.692435
3.412536
1.210878
-0.664842
-1.458620
-0.744484
0.145354
0.859176
2.418259
4.896684
6.728152
7.193755
5.934190
3.396704
0.574354
-1.441500
-1.911138
-0.865509
1.078845
1.372628
2.085988
3.846494
6.068820
6.301944
5.448697
3.580997
0.438468
-1.524377
-2.011530
-1.189573
0.132600
0.837890
2.156702
4.645536
5.664474
6.359944
5.240638
3.092344
0.531644
-1.603971
-2.067600
-2.197425
0.192658
1.175378
1.303201
3.233409
5.541228
6.017982
5.017985
2.801745
0.566737
-1.866980
-2.329888
-2.233206
-0.281118
0.855042
1.729952
3.209489
5.186313
5.957717
5.210921
3.369382
0.424769
-1.593471
-1.571900
-1.058650
-0.118740
1.240649
1.718029
3.793521
6.247680
6.493548
5.721807
3.772395
0.975734
-0.687499
-1.951428
-1.316285
0.220582
1.020935
2.127778
4.350406
6.448707
6.762708
5.712459
3.443199
0.884698
-0.687903
-1.573528
-0.872975
0.264598
1.120364
2.598926
3.977859
5.686805
6.482696
5.540240
3.533139
1.429615
-0.714977
-1.645628
-1.119491
0.163690
1.074283
2.367785
4.469157
5.799895
6.698958
5.636321
3.102902
0.662644
-1.386126
-2.336752
-1.130432
0.399196
0.958271
2.102931
4.211614
5.936448
6.841966
5.768954
2.904280
0.625162
-1.133828
-1.801451
-1.526443
-0.302536
0.748028
2.026158
4.034351
6.047036
6.884387
5.577155
3.644127
0.756372
-1.480080
-1.944155
-0.602943
-0.088944
0.521878
2.078872
3.612082
5.849669
6.491328
5.453925
3.572239
1.471765
-1.237740
-1.367558
-0.216675
0.897244
2.126422
2.136909
4.470507
6.440928
7.137393
5.580256
3.558077
0.742188
-1.165623
-2.042459
-1.248800
0.231046
0.561742
1.849319
4.165220
5.818641
6.803309
6.306699
3.782228
0.801160
-0.958218
-1.373754
0.036160
0.963561
1.117273
2.046693
4.578831
6.607169
6.984023
5.715175
3.351327
1.011629
-1.459442
-2.192773
-0.849921
0.388875
1.294034
2.588936
4.693192
6.948712
7.113675
5.556746
3.612967
1.260336
-1.004785
-1.666302
-0.933863
0.431663
0.929375
2.413736
4.142757
5.981301
6.808932
5.925477
3.870967
1.366289
-0.489203
-1.161072
-0.949959
0.649823
1.054544
1.816716
4.516948
6.398450
7.053756
5.851743
3.306691
0.805875
-1.260413
-2.069964
-1.733418
-0.223357
0.593874
1.817009
4.237885
6.551934
6.892894
5.713723
3.749876
1.297077
-1.265148
-2.093938
-0.899820
-0.096467
0.836489
1.858052
4.267051
6.654056
7.755202
5.961467
3.168282
0.787752
-1.307020
-2.199054
-1.019585
0.891572
1.483808
2.325463
3.558217
5.600907
6.208899
4.696181
2.935661
0.697492
-1.780728
-2.837244
-2.178684
-0.553059
0.254188
1.629189
3.586013
5.470967
6.107863
5.230472
3.396912
0.863773
-1.680960
-2.515013
-1.466234
-0.115631
0.749504
2.094488
4.098903
6.400950
6.491101
5.445552
2.880640
0.601440
-1.246438
-2.063491
-1.714013
-0.849586
0.165934
1.793899
4.372130
6.452399
7.333356
6.141044
4.163500
1.551559
-0.679618
-1.376363
-0.645930
0.404786
1.377739
2.532159
4.342136
6.368754
7.634175
6.122966
3.470203
1.031090
-1.559045
-2.437170
-1.609977
-0.108694
1.039175
2.233041
3.996979
5.909146
6.561990
5.601848
3.297761
0.351711
-1.557488
-2.332258
-1.155737
0.018231
0.626464
1.585853
3.784608
5.764880
6.137202
5.220641
2.664762
0.140937
-1.446251
-2.017615
-1.154118
0.007489
0.664815
1.778143
3.865555
6.527776
