6.519276
5.698181
3.111561
0.188480
-1.404733
-1.679405
-1.311192
-0.436973
1.284012
2.618901
4.027087
6.003857
6.364185
5.381149
2.637146
0.095085
-2.320420
-3.440648
-2.924767
-1.703314
-0.733081
1.105494
3.052345
5.551374
6.007622
4.656171
2.522530
-0.115846
-1.920424
-2.613813
-2.122980
-0.232902
0.910820
1.663784
3.766006
5.636066
6.207642
5.396719
3.277760
0.411243
-1.552032
-2.404308
-1.329501
-0.782845
0.885879
2.758721
3.960287
7.046675
7.481754
6.117111
3.750875
1.041059
-1.468435
-2.352577
-1.457840
-0.370557
0.200990
1.454252
3.885833
5.857944
6.836079
5.853264
3.052775
0.157640
-2.157217
-2.657572
-2.259102
-0.772179
0.629479
1.983947
3.873889
6.205959
6.751144
4.960930
2.552582
-0.063405
-1.787539
-2.740894
-2.056835
-0.630852
0.231919
1.788899
3.440467
5.544254
6.354342
5.124842
2.663150
-0.359230
-2.358492
-3.176115
-2.114929
-0.516802
-0.027113
0.953162
2.552133
4.711953
6.433195
5.299696
2.826186
0.102054
-2.213611
-2.665569
-2.483586
-1.329230
-0.156254
0.999391
2.942241
5.303272
6.598831
5.206039
2.165836
-0.141656
-1.645604
-2.131043
-1.263286
-0.371322
0.382057
1.509731
3.577180
5.656500
5.896706
4.931667
2.569914
0.065822
-2.017664
-2.558639
-1.543641
-0.512517
0.666857
1.588500
3.825800
5.254353
5.541643
4.574406
2.509770
0.080533
-1.867860
-2.147942
-1.427525
-0.609440
0.752940
1.840478
3.416117
4.987612
5.476885
5.255600
2.607828
0.119250
-1.676850
-2.165625
-1.303328
0.327509
0.705520
1.913949
3.865447
5.528622
6.398582
5.365227
2.921754
-0.068783
-1.608791
-2.781135
-2.048517
-0.843178
0.206401
1.726360
3.409349
5.773834
6.146523
5.186977
2.199926
-0.517137
-2.412010
-2.496765
-1.439149
-0.116894
0.416267
1.299597
3.306999
4.753797
5.314461
4.610658
2.590981
-0.309669
-2.254253
-2.762032
-1.775041
-0.722507
-0.066285
0.862922
2.611762
4.382463
4.996655
4.344642
2.031178
-0.288047
-2.346742
-3.014351
-2.391973
-1.015471
0.162771
0.916164
2.749242
5.178089
6.014248
4.774884
3.345275
0.640664
-1.774531
-2.472313
-1.714773
-0.536429
0.526365
1.469963
3.620701
5.815636
7.065666
6.099268
3.648652
0.567902
-1.340513
-2.405155
-1.804570
-0.591265
0.332525
1.772859
3.707300
5.403141
6.139820
4.875830
2.685947
-0.184399
-2.236149
-2.042285
-1.074719
0.367764
0.664954
1.456004
2.983578
4.742052
6.328293
5.681879
2.939749
0.528021
-1.403517
-2.112594
-1.298386
0.419306
1.167964
1.552486
3.440355
5.360649
5.937344
4.520777
2.490838
-0.171567
-2.411120
-2.829229
-2.281921
-0.567935
0.456423
0.873193
3.183515
5.381805
6.151199
5.326866
2.820634
0.384133
-1.465037
-2.166521
-1.867777
-0.540787
0.462084
1.914333
3.519666
5.175373
6.398798
5.436972
2.808317
-0.132304
-1.916039
-2.964037
-2.227108
-0.675264
0.354877
1.650344
3.686735
5.253807
5.592964
4.661801
2.378838
-0.070986
-2.465021
-3.077757
-2.407525
-1.300309
0.038937
1.308401
3.563493
5.703012
5.745924
4.564485
2.878263
0.362860
-2.105565
-3.246320
-2.468022
-0.999788
0.659999
2.034378
3.059779
4.904327
6.044575
4.782701
2.705501
0.253173
-1.961885
-2.801776
-2.111725
-0.256817
0.974437
1.962684
3.770047
5.600571
6.051704
5.038696
2.574573
0.004964
-2.270600
-2.654280
-2.005822
-0.604705
-0.000568
1.219327
3.396921
5.232735
5.408852
4.695267
2.532289
-0.377331
-2.626669
-3.165797
-2.092934
-0.697717
0.240508
1.314235
3.151869
5.339800
6.044874
4.576954
2.065434
-0.484883
-2.507902
-2.969387
-1.870391
0.140972
0.649863
1.272861
2.881495
4.552613
5.642408
4.543634
1.866720
-1.180908
-2.905788
-3.623981
-2.606697
-0.808713
-0.166415
0.438300
2.189479
4.311522
5.122692
4.394713
1.964725
-0.925651
-3.267478
-3.704735
-2.628184
-0.927108
-0.012324
0.907558
2.956219
5.088131
5.082306
4.014052
2.001153
-0.280876
-2.762156
-3.764562
-3.114003
-1.680675
-0.298726
0.902973
2.966297
4.904943
5.058357
4.302087
1.704089
-0.909347
-3.180083
-3.947072
-2.625396
-1.404777
-0.715801
0.773356
2.689781
5.116329
5.136024
4.253156
1.677210
-0.544124
-2.781006
-3.927800
-2.925769
-1.328994
-0.179432
0.783882
2.724198
4.574453
4.957222
4.171726
1.803983
-0.389154
-3.124440
-3.399611
-2.641559
-0.906172
0.040487
0.780352
1.986891
4.020956
4.869511
4.004060
1.870281
-0.628071
-2.745794
-3.611651
-2.038542
-0.533788
-0.304958
0.840146
2.728886
4.441681
5.537996
4.092496
1.754716
-0.598260
-2.917876
-3.689266
-2.323224
-1.038593
0.474383
1.134014
3.023151
5.114834
5.914921
4.672769
2.262443
-0.786175
-2.667635
-3.593222
-2.169211
-0.193510
0.060117
1.020079
2.373088
3.891844
4.538050
3.593409
1.660472
-1.268110
-3.474437
-4.241693
-3.525591
-1.795527
-0.942955
0.548470
2.349036
3.862568
4.639423
3.782869
1.675618
-0.978279
-3.150102
-2.834140
-2.100161
-1.012754
0.121807
0.436852
1.570395
3.514695
4.292687
3.099060
1.196546
-0.954696
-2.982803
-4.053455
-2.753035
-1.285406
-0.615036
0.849909
2.177011
4.257435
5.116974
4.034004
1.922113
-1.087568
-2.921212
-3.741560
-2.305937
-0.985810
0.078212
0.604712
2.202983
4.572160
5.179121
4.551352
2.611541
-0.163159
-2.486859
-2.881080
-1.856638
-1.268404
-0.684044
0.659106
2.415299
4.675621
5.085495
4.308755
2.222676
-0.253835
-2.370935
-3.666442
-2.278121
-0.692715
0.114124
0.978318
2.954295
5.002630
5.870539
5.161385
3.044885
0.670735
-1.804961
-2.260564
-1.644300
-0.248308
0.580588
1.801192
3.556897
5.623140
5.718407
4.773799
2.274863
-0.148397
-2.183127
-2.972487
-1.874463
-0.591578
0.282101
1.350384
2.654905
4.619366
5.813873
4.619908
2.395857
-0.407002
-2.282568
-2.952605
-2.188799
-0.951237
0.112380
0.897964
2.209069
4.563102
5.450384
4.081106
1.719361
-0.407346
-2.957572
-3.786618
-2.298524
-0.997747
0.110108
0.882195
2.339646
4.467652
4.666301
3.660972
1.481591
-1.373478
-3.004963
-3.893071
-2.727123
-1.099674
-0.044428
0.573333
2.212028
4.037371
4.178339
3.754185
1.158460
-1.533330
-3.257480
-3.866362
-2.735376
-1.207497
-0.563375
0.250010
2.262733
4.011908
4.532463
3.386153
1.032200
-1.823907
-3.275122
-3.160572
-2.322922
-1.065626
-0.403601
0.212725
1.660929
3.099341
4.477581
3.806225
1.426477
-0.843330
-3.008122
-3.868551
-3.069044
-1.801623
-0.476934
0.444008
1.937671
3.605919
3.845957
2.884093
1.312005
-0.876736
-3.001068
-3.352552
-2.718472
-1.199986
-0.075610
0.659780
2.475196
4.713219
5.308167
4.299267
2.515283
-0.259418
-2.369813
-2.894099
-2.142376
-0.837635
-0.180386
0.607091
2.073935
3.879238
4.997620
4.342907
1.766225
-0.640192
-2.552458
-3.198205
-1.685865
-0.826086
0.016743
0.751796
2.267167
3.852230
4.747477
4.275560
2.032507
-0.172413
-2.303528
-2.766903
-2.263084
-0.443525
0.273249
1.301905
2.749007
4.645435
5.210711
4.447220
2.299381
-0.470532
-3.031783
-3.627357
-1.989295
-0.557539
-0.368303
0.754605
2.693979
4.235135
4.981850
3.877248
1.826940
-0.635672
-2.367021
-2.842591
-2.359060
-1.624490
-0.684533
0.269423
1.958483
3.681610
4.747650
3.733850
1.991457
-1.115058
-3.487274
-4.376003
-3.089746
-1.223610
-0.051596
1.026652
2.000048
4.166242
5.047915
3.615416
1.093560
-2.032126
-4.031939
-4.073524
-3.263463
-0.900410
-0.349376
0.003422
1.435965
3.179417
3.923426
2.719217
1.130372
-1.226307
-3.488418
-3.595331
-2.307228
-1.025805
0.181134
0.842138
2.427536
3.767687
4.670171
3.775587
0.992972
-1.574261
-3.573479
-4.580697
-3.742869
-1.682712
-0.287531
0.427278
1.663894
3.423726
3.557380
2.555810
0.684994
-1.474793
-3.744625
-4.454220
-3.057660
-0.892925
0.076329
0.483308
1.620584
4.153967
4.224930
3.203398
1.110447
-1.177353
-3.328012
-3.911036
-2.591014
-1.295853
-0.922881
0.570004
2.201350
4.287348
4.543867
3.676676
1.956359
-1.036107
-3.466939
-4.054628
-2.904273
-1.552822
-0.274175
0.192461
2.116446
4.030215
4.706110
4.333653
1.864067
-1.051039
-2.789050
-3.536178
-2.838615
-1.054781
0.132357
1.767174
2.701219
4.142051
5.188080
3.962418
1.374870
-1.342944
-3.273597
-3.964756
-2.742042
-0.847435
0.167888
0.651685
1.995608
3.450544
4.258563
3.216688
1.187740
-1.343559
-3.263947
-3.688877
-2.797187
-1.439667
-0.858241
-0.005408
2.303419
3.786211
4.254162
3.321985
1.377574
-1.062325
-3.625889
-4.369982
-3.861469
-2.283350
-1.015872
-0.482723
1.408450
3.438495
4.265401
3.564853
1.217477
-1.637667
-3.547531
-4.022146
-2.852805
-1.674122
-0.954844
-0.300277
1.354342
2.674138
3.429152
3.051680
1.088359
-1.816652
-3.807519
-3.992912
-2.722281
-1.639032
-0.552553
0.543086
1.783523
2.982182
3.602733
2.681459
0.974590
-1.549002
-3.926287
-4.597844
-3.613459
-2.154419
-1.194471
-0.442468
1.229548
2.684422
3.098009
2.433591
0.345615
-2.576561
-4.503075
-5.114799
-3.980440
-3.069970
-1.390212
-0.834413
0.641295
2.502702
3.160418
2.565919
0.668522
-1.912222
-3.905549
-4.980697
-3.647746
-2.179081
-0.656552
0.075617
1.163319
2.502106
3.201838
2.743878
0.633612
-1.827886
-3.760361
-4.389511
-3.769577
-1.972251
-1.010271
0.249564
2.218234
3.559469
4.549893
3.632288
0.739611
-2.200930
-4.318955
-4.443211
-3.607926
-2.147730
-0.857049
0.250989
1.355843
3.082764
3.839731
2.700590
0.248275
-2.279503
-4.571267
-4.973149
-3.687917
-2.456621
-1.605728
-0.425924
1.132201
2.601575
2.833582
2.029406
-0.242447
-2.766399
-4.825940
-4.950768
-3.745508
-2.334915
-0.931345
-0.256713
1.113697
2.373167
3.040947
2.018843
-0.211012
-2.344414
-4.719037
-4.923927
-4.239332
-2.704201
-0.993265
-0.051960
1.075992
2.419960
3.228543
2.029696
0.031619
-2.869388
-4.846636
-5.347929
-4.108332
-2.001646
-0.702146
-0.245110
0.898752
2.224066
3.046289
1.851249
-0.059361
-2.640855
-4.553691
-4.656367
-3.456538
-2.728534
-0.790461
-0.261432
0.793428
2.500928
3.167128
2.201222
0.278182
-2.678465
-4.847587
-5.160247
-4.258414
-2.738127
-1.828221
-0.259480
0.995346
2.472521
2.832067
2.401484
0.553028
-1.845367
-4.050251
-4.439448
-3.222261
-1.993502
-0.945990
0.009399
1.234591
2.963002
3.486279
2.515801
0.625390
-2.723766
-4.401409
-5.104211
-3.983361
-2.454479
-1.266959
-0.329554
1.473684
3.364351
3.698417
2.681091
0.417385
-2.348530
-4.594266
-5.464737
-3.925957
-2.351904
-1.078277
-0.623489
1.270031
2.729286
2.965043
1.901968
0.212020
-2.429900
-4.111880
-4.647005
-3.256733
-1.713335
-0.697605
0.163383
1.438061
2.899570
3.056523
2.368493
0.254983
-2.459373
-3.913456
-4.722163
-3.864847
-2.038597
-1.357025
-0.170782
0.874951
2.387868
2.547866
2.205356
0.179817
-2.309170
-4.746469
-5.151905
-3.768599
-1.679836
-0.758033
0.235531
1.076223
2.157125
2.970597
3.005628
1.095814
-1.488656
-3.371696
-4.011001
-2.799089
-1.215982
-0.040680
0.289537
1.610286
2.816192
3.698727
2.610889
0.246582
-2.367052
-4.433393
-4.798299
-3.699121
-1.981361
-0.811354
-0.141398
0.926880
2.017389
2.605233
2.028584
-0.343548
-2.500630
-4.240673
-4.505815
-3.881987
-2.663546
-1.208236
-0.520746
0.638471
1.658128
2.235252
1.237061
-0.527740
-3.023308
-4.924124
-5.414681
-4.690582
-2.825096
-1.638118
-1.017424
0.370655
1.924540
2.545815
1.849951
-0.048188
-2.668036
-4.723265
-5.406038
-4.246568
-2.389698
-0.783239
-0.366775
0.810483
1.979474
2.972872
2.100039
-0.297441
-2.674635
-4.384996
-5.713243
-5.159290
-2.238153
-0.646137
-0.400681
0.556329
1.945263
2.204775
1.391426
-0.590518
-2.690264
-4.527562
-4.700504
-3.940485
-2.483480
-0.885559
0.180439
1.283742
2.246311
2.281248
1.692698
-0.262151
-2.365286
-4.273187
-5.299882
-4.183496
-1.756750
-1.521693
-0.306957
1.037035
2.638497
3.297993
2.297633
-0.229190
-2.548677
-4.688217
-4.947018
-3.526283
-2.193817
-0.874601
0.053218
1.652913
2.910209
3.314884
2.403253
0.385401
-2.300072
-4.347154
-4.484861
-3.474959
-2.506311
-0.680605
0.292006
1.110631
2.199444
2.420962
1.554348
-0.551046
-2.878393
-4.414303
-4.987555
-3.975229
-2.008102
-0.700480
-0.264446
0.556848
1.766985
2.070570
1.550541
-0.209174
-2.867467
-4.658567
-5.393511
-3.972573
-2.147421
-1.421334
-0.471860
0.755352
2.649734
2.919673
1.855470
-0.421768
-2.821366
-4.719889
-5.315256
-4.485603
-2.914267
-1.391148
-0.590413
0.857987
1.918136
2.193611
1.243802
-1.105600
-3.411444
-5.630563
-5.934202
-4.453229
-2.795076
-1.701071
-1.091650
0.105865
1.588598
1.927165
0.650638
-0.966492
-3.571046
-4.734519
-5.081469
-4.764401
-2.399488
-1.694175
-1.012119
-0.083825
0.765728
1.307896
0.107013
-1.722649
-4.035927
-6.107369
-6.039465
-4.389468
-3.038895
-1.919946
-1.012468
0.106303
1.093851
1.959965
1.377210
-0.972487
-3.685843
-5.782656
-6.397874
-5.036727
-3.606042
-1.763995
-1.131853
0.086013
1.387815
2.132811
1.627309
-0.745586
-3.317768
-5.006691
-5.047121
-4.487841
-3.169394
-2.224463
-0.847253
0.541259
1.667727
1.829603
0.806408
-0.752457
-3.478452
-5.639945
-5.938564
-4.685465
-2.759169
-1.348770
-1.355807
-0.109719
0.893146
1.239296
0.489784
-1.338837
-3.730171
-5.326893
-5.965316
-4.850963
-2.712248
-1.421658
-0.711293
0.477504
1.674091
2.520273
1.193962
-0.490050
-2.923067
-4.539565
-5.323880
-3.889297
-2.525648
-1.140291
-0.186925
1.314048
2.227603
2.924226
1.462924
-0.685843
-3.061460
-5.292038
-5.218775
-4.669122
-2.848415
-1.843370
-0.993302
0.351584
1.581079
2.191896
1.174941
-0.931870
-3.245905
-5.520601
-6.117426
-5.187675
-3.237793
-1.917798
-1.366467
0.184116
2.198390
2.003501
0.826439
-1.500372
-3.579136
-5.099187
-5.865483
-4.662931
-2.745377
-1.487999
-0.356494
0.666920
1.473300
1.952518
0.905420
-0.900885
-2.707649
-4.269945
-4.497388
-3.728868
-2.140228
-1.249611
-0.544680
0.413415
1.341507
2.266303
0.991352
-1.112125
-3.362273
-5.206153
-5.456186
-3.973223
-2.069752
-1.299578
-0.813199
0.212002
1.424445
2.855787
1.487878
-0.512196
-2.684018
-4.782103
-5.240641
-3.880610
-1.983786
-0.733160
-0.764381
0.095835
1.225705
1.514666
0.878768
-1.440660
-4.139931
-5.382838
-5.425212
-3.898264
-2.649075
-1.124725
-0.967558
-0.096272
0.436224
0.961722
0.357200
-0.820932
-3.623918
-5.348298
-6.149496
-5.247295
-3.428520
-2.104412
-1.076466
-0.022457
1.226401
1.311771
0.299796
-1.205097
-3.421686
-4.675784
-5.751345
-4.662177
-3.202389
-1.649782
-0.857457
0.345932
1.761421
1.768235
0.846484
-1.338120
-3.675163
-5.156643
-5.639153
-4.272696
-2.345839
-1.538736
-0.846271
0.123748
1.972318
1.997066
0.621540
-1.585306
-3.609666
-5.036327
-5.829992
-4.637630
-2.115910
-1.300463
-0.430921
0.794232
1.224981
2.049916
0.917884
-0.883086
-2.927038
-4.261321
-3.834393
-3.152037
-1.962709
-0.593475
-0.286891
0.220073
1.323120
2.306037
1.305976
-0.526018
-3.492125
-4.773787
-4.955486
-4.029173
-2.212839
-1.337381
-0.851778
-0.024903
1.101466
1.537104
0.575982
-1.311071
-3.614932
-5.175616
-5.501135
-4.324482
-2.309774
-1.742285
-1.147129
-0.375428
0.999986
0.877300
-0.381217
-2.238509
-4.213312
-5.759295
-5.623553
-4.864124
-3.031487
-1.191488
-1.004041
0.124116
1.304558
1.379406
0.459651
-1.354848
-3.670499
-5.447401
-6.193637
-4.905217
-3.088070
-1.468920
-1.159114
-0.213121
0.954990
1.892344
0.363241
-1.997256
-3.976711
-5.987889
-5.886580
-4.664163
-3.278982
-2.137272
-1.569347
-0.667637
0.841814
0.831091
-0.807684
-2.977398
-4.976180
-6.535696
-6.030177
-5.368055
-3.936424
-2.621567
-1.428072
-0.417808
0.446255
0.324699
-0.287046
-1.829507
-4.347331
-5.948528
-5.909809
-4.345280
-2.901253
-1.762636
-1.480172
-0.020758
1.093469
1.585423
-0.074420
-1.889933
-4.150055
-6.019485
-6.360401
-4.456927
-2.444204
-1.351791
-0.842133
0.056093
1.396862
1.485681
0.265841
-1.887785
-4.109507
-5.215158
-4.780484
-3.584101
-1.668152
-1.173769
-1.068820
0.029869
0.954078
1.354895
0.261933
-1.449708
-3.760574
-5.224944
-5.613742
-4.344097
-2.718466
-1.575790
-1.067883
-0.089458
1.035826
1.284300
0.118944
-2.056487
-4.089303
-5.793402
-6.329857
-4.707705
-2.631943
-1.590792
-0.313368
-0.002454
1.174423
1.635282
0.100410
-1.215420
-3.408005
-5.111920
-5.391258
-4.107962
-2.150381
-1.465624
-0.804891
0.598185
1.480189
1.302707
0.420872
-1.801611
-4.374765
-5.905448
-6.105478
-4.755816
-2.564547
-1.464846
-1.234410
0.006369
0.633881
0.590178
0.177644
-1.644724
-4.126049
-5.306260
-5.471657
-4.130423
-1.866632
-1.306934
-1.074672
0.046135
1.095653
1.146680
-0.186245
-2.034991
-4.570381
-5.778890
-6.206196
-4.660254
-1.699390
-1.021896
-1.197081
-0.402491
0.659238
0.789737
-0.445956
-2.511550
-4.898218
-6.053694
-6.406984
-5.818857
-3.524115
-2.281528
-1.284009
-0.368493
-0.270028
0.048322
-1.222804
-2.970551
-4.516438
-5.676810
-5.646796
-4.631956
-3.084131
-1.556190
-1.494415
-1.078898
0.308904
0.197634
-1.072389
-2.601674
-4.532871
-6.346923
-6.204821
-5.372591
-3.539015
-2.169386
-1.306726
-0.260821
0.966846
0.719104
-0.572421
-2.738812
-5.071423
-6.714713
-6.834838
-5.829165
-4.317432
-2.608402
-1.630150
-0.020896
0.797222
0.609278
-1.084099
-3.093623
-5.484215
-7.415042
-7.132685
-5.750757
-4.191301
-3.217350
-2.650028
-1.349298
-0.289069
-0.117743
-0.793685
-3.001862
-5.404939
-6.906399
-7.647195
-6.382009
-4.043140
-2.084286
-1.244769
-0.776008
0.030502
-0.501698
-0.794133
-2.670212
-5.152896
-7.093247
-7.044572
-5.784861
-3.213295
-2.267307
-1.695696
-0.923744
-0.100781
0.019670
-1.119813
-2.998693
-4.669297
-5.887346
-6.404277
-5.900465
-4.199507
-2.279049
-1.521155
-0.491281
0.255935
0.616875
-0.495239
-2.313814
-4.683145
-6.079638
-6.016764
-4.421453
-3.016363
-1.145279
-0.905951
0.009124
1.317040
1.280520
-0.251883
-2.679893
-4.866911
-6.722750
-7.455949
-5.844026
-3.112011
-2.061342
-1.177614
-0.002810
1.062786
0.849465
-0.145075
-2.176743
-4.657676
-6.788692
-6.304891
-5.353633
-3.723536
-2.097799
-1.547956
-0.573568
0.465062
0.570139
-0.515599
-2.637136
-5.158393
-6.882818
-6.481915
-5.253499
-3.470478
-2.189255
-1.823530
-0.399685
0.685028
0.515623
-0.552258
-2.427876
-4.598935
-6.106875
-5.955450
-5.024400
-3.081062
-1.595673
-1.221210
-0.221777
0.609225
0.196509
-1.036638
-2.770792
-5.199649
-6.665164
-6.988907
-6.380409
-4.380596
-2.658585
-2.091910
-1.059142
0.150054
-0.289618
-1.815950
-3.479006
-5.750432
-7.736151
-7.076099
-5.945743
-4.111992
-3.383374
-2.167778
-1.130420
-0.758629
-0.462881
-1.711776
-3.567904
-5.758643
-7.644226
-7.305343
-6.141974
-4.236925
-2.925402
-1.872111
-0.988820
-0.255165
-0.287329
-1.285973
-3.392407
-5.927474
-8.160384
-8.008507
-6.126904
-4.202915
-2.602249
-2.582815
-1.821857
-0.529936
-0.385448
-1.414620
-3.320879
-5.145429
-6.273566
-6.981359
-6.487284
-3.770243
-2.712805
-2.111633
-0.893561
0.355062
0.410533
-1.287526
-3.356620
-5.547892
-7.006454
-6.983557
-5.898383
-4.052610
-2.832815
-2.671934
-1.581394
-0.136795
-0.141665
-1.056341
-3.138685
-4.975302
-6.660127
-6.939381
-6.040972
-3.941422
-2.810764
-2.014798
-1.173534
0.133674
0.684100
-1.010162
-2.926949
-5.349239
-6.735783
-7.248504
-5.028552
-3.637316
-2.795150
-1.892828
-1.066594
0.065545
0.029875
-1.539215
-3.592791
-5.898565
-7.026885
-7.421606
-6.430170
-4.945897
-2.631611
-1.782622
-1.152222
-0.339117
-0.436909
-2.058532
-3.922118
-5.812138
-6.701144
-6.391180
-5.450295
-3.011360
-1.934738
-1.871691
-1.288557
-0.125023
-0.050260
-0.662715
-2.191481
-4.451449
-6.117267
-5.971282
-5.176455
-3.051025
-2.152931
-1.423319
-0.016383
0.921752
1.249680
0.344071
-2.386683
-4.892452
-6.557047
-7.238049
-5.929888
-4.133242
-2.552283
-1.740799
-0.661873
0.917998
0.486433
-0.913258
-2.608994
-4.496451
-6.149533
-5.731706
-5.251608
-2.939808
-1.683788
-1.548494
-0.531448
-0.139965
-0.075056
-1.478856
-3.150805
-5.512364
-7.162271
-7.433200
-5.788554
-4.723392
-3.002162
-2.485064
-1.689613
-0.428140
-0.379020
-1.358704
-3.272323
-5.269000
-6.950896
-6.545595
-4.441287
-2.886229
-1.961040
-1.775327
-1.190135
-0.121064
0.065492
-1.246809
-3.465802
-5.503735
-7.442988
-7.211691
-5.760706
-3.909506
-2.719883
-2.581839
-1.445089
-0.428478
-0.130175
-1.118179
-3.102613
-5.895843
-8.016809
-7.827863
-5.995115
-4.152756
-2.724066
-2.422150
-1.936702
-0.482090
0.339839
-0.460436
-2.856551
-4.740137
-6.762826
-6.231722
-5.281440
-3.960299
-2.730445
-1.989549
-0.074286
0.872538
0.861381
-0.629381
-2.836180
-5.690898
-7.166366
-7.074127
-6.044302
-4.240217
-3.350930
-2.562514
-0.905950
-0.176492
0.204452
-0.488052
-2.501706
-4.876987
-6.372423
-6.395741
-5.574434
-4.375264
-3.098868
-2.531251
-1.379269
-0.095952
0.386684
-1.166557
-2.595867
-5.108955
-6.650087
-7.530679
-5.316884
-3.292768
-2.516936
-1.525842
-0.423483
0.480469
0.145471
-0.816376
-3.020229
-5.193615
-6.562379
-6.878207
-5.755373
-4.164597
-2.729969
-1.874562
-1.204117
-0.578771
-0.546515
-2.177881
-3.800920
-5.943474
-7.479272
-7.580564
-5.887545
-3.876135
-3.431307
-2.907771
-1.700887
-0.571629
-0.827915
-1.892612
-3.536708
-5.395936
-6.884486
-6.488789
-5.657601
-3.961889
-2.359125
-1.903683
-0.703197
0.285439
0.509542
-0.393557
-2.841978
-5.269363
-6.634817
-7.191829
-6.159102
-3.753658
-2.834866
-2.468206
-1.091715
0.198445
-0.056831
-0.648463
-3.182886
-5.231598
-6.735937
-7.228154
-6.072147
-4.178699
-2.625473
-2.321724
-1.252192
-0.115114
0.188844
-0.542140
-2.738285
-4.700175
-6.133007
-6.923545
-5.752662
-3.964048
-3.223637
-2.321109
-0.832728
-0.060768
0.014365
-1.170648
-3.228649
-5.434197
-6.826166
-6.499257
-5.800385
-3.989855
-2.227570
-1.568802
-1.028614
-0.128077
0.403681
-0.889503
-2.860078
-5.676582
-7.162528
-7.266479
-6.494351
-4.347989
-3.300909
-2.600009
-1.312571
-0.011732
0.277456
-1.118118
-3.228239
-5.431151
-6.737773
-7.140608
-5.856745
-4.593050
-3.260924
-1.877461
-1.071812
0.628815
0.947383
-0.926205
-3.068347
-4.771839
-6.160144
-6.200450
-4.753515
-3.169111
-2.616448
-2.226974
-1.320897
-0.238784
0.686543
-0.752407
-2.953283
-5.389819
-6.609497
-6.649068
-5.326183
-4.556575
-3.065935
-2.363412
-1.685764
-0.402049
-0.348337
-1.287230
-3.154312
-5.399202
-6.930766
-6.930962
-5.913005
-4.413788
-3.143908
-2.454585
-0.803222
0.053557
1.096871
-0.422937
-1.934507
-4.274528
-6.330737
-6.164328
-5.268061
-3.445594
-2.443926
-1.963461
-0.402882
0.819584
0.915812
-0.228003
-2.576944
-5.145944
-6.753153
-7.290408
-5.783295
-3.841863
-2.700502
-2.247322
-1.217685
-0.133587
-0.313712
-0.895426
-2.992668
-5.466167
-7.167334
-8.258516
-7.062672
-5.046118
-3.203030
-2.601877
-2.108921
-0.546438
-0.097601
-1.068892
-3.049761
-5.312430
-6.677449
-6.392846
-5.283112
-4.067345
-2.573046
-1.779611
-1.202285
0.199483
0.385502
-0.330289
-2.287637
-5.205310
-7.389726
-7.523887
-6.826872
-4.149462
-3.127362
-3.219951
-1.836942
-0.102780
-0.163186
-1.133564
-3.385028
-5.629212
-7.542937
-7.948893
-6.566160
-4.520974
-3.463873
-2.515441
-1.761906
0.053193
-0.284173
-0.681480
-2.740877
-5.189109
-6.739873
-7.440540
-5.698457
-2.987559
-2.525031
-2.023318
-0.907388
0.340356
-0.124371
-0.977781
-3.164230
-5.909910
-7.640016
-7.802856
-6.704021
-5.077118
-3.430127
-2.449198
-0.977668
0.166575
0.512505
-0.833682
-2.916538
-5.547013
-7.357582
-7.841912
-7.105876
-5.746891
-4.384721
-3.244055
-1.266524
-0.118721
0.108921
-0.598017
-2.688713
-5.079208
-7.021839
-7.459735
-5.840456
-4.271741
-3.338616
-2.912680
-1.249377
-0.003546
0.337313
-0.984429
-3.311408
-5.848742
-7.856282
-8.703958
-7.629910
-6.146694
-4.351848
-3.296992
-2.143551
-0.593513
-0.136408
-1.070314
-2.896420
-5.527300
-7.371425
-7.505764
-6.922538
-5.359358
-4.030626
-3.292212
-1.993661
-0.325352
0.537085
-0.427881
-2.788576
-5.553433
-8.292965
-8.976830
-7.639776
-5.697060
-4.384664
-2.938925
-1.637145
-0.834399
-0.319834
-1.566326
-3.548162
-5.890026
-8.162353
-8.408141
-6.622721
-5.250022
-3.954629
-2.625230
-1.464131
-0.891562
-0.852903
-1.020437
-3.376134
-6.288631
-7.879868
-8.180156
-6.895218
-5.472659
-4.032930
-3.532974
-1.893190
-0.737324
-0.011719
-0.637428
-3.338410
-6.158814
-8.130615
-7.826345
-7.076523
-5.220340
-3.729089
-2.622025
-1.848465
-0.785903
-0.208248
-1.233365
-3.279728
-5.996879
-7.889789
-8.456250
-7.404834
-5.606426
-4.323818
-3.493917
-2.222219
-0.759713
-0.511887
-0.846636
-2.557854
-4.912569
-7.264425
-7.883752
-7.089664
-5.085961
-3.893021
-3.114002
-1.112790
0.086117
0.480382
-0.668810
-2.728270
-5.892172
-7.997183
-8.777210
-7.330111
-5.416430
-3.890187
-3.002936
-1.582671
-0.830082
-0.240495
-1.469444
-3.434538
-5.812716
-7.339782
-7.578303
-7.196903
-5.211288
-4.192014
-3.088655
-1.975509
-0.721910
-0.569651
-1.684706
-3.817215
-6.906262
-8.461527
-8.894673
-8.058435
-5.866129
-4.358337
-3.959051
-2.366705
-1.315035
-1.034822
-1.947525
-4.177074
-6.301144
-8.050877
-8.796762
-7.103639
-5.505232
-3.899931
-2.971824
-1.435504
-0.206902
-0.052064
-1.083968
-2.784075
-5.754866
-8.282673
-8.183291
-6.487106
-4.532479
-3.504663
-3.302752
-2.257557
-0.645548
0.023583
-0.833689
-2.539392
-5.438457
-7.743378
-7.879810
-7.111681
-5.660136
-4.542238
-3.500488
-2.087600
-0.444181
0.001710
-0.875103
-3.133349
-5.647142
-7.766830
-8.281178
-7.480732
-5.702751
-4.421183
-3.393182
-1.754605
0.034807
0.440618
-0.581676
-2.921492
-5.477622
-7.442120
-8.093887
-7.047580
-4.398622
-3.027242
-2.668633
-1.104702
-0.052237
0.322855
-0.816952
-3.444303
-5.354923
-7.352345
-7.730146
-6.864180
-4.568914
-3.273974
-2.851821
-1.586287
0.008608
0.551096
-0.084866
-2.484689
-4.907173
-6.652965
-7.132550
-5.901011
-4.095210
-2.573330
-1.741514
-0.261742
1.000317
0.893817
0.121588
-2.502220
-5.451434
-7.010307
-7.487959
-6.323087
-4.365881
-3.426113
-2.797968
-1.320098
0.061205
0.572859
-0.477466
-2.741915
-5.331750
-7.774133
-8.291090
-6.898281
-4.972915
-3.920892
-2.612530
-1.249317
0.058290
0.381935
-0.868744
-3.299790
-5.642857
-7.711402
-7.720819
-6.562857
-4.863464
-3.739154
-3.290002
-1.827945
-0.672665
0.267367
-0.729549
-2.592920
-4.849130
-6.477609
-6.559265
-5.189997
-3.489666
-3.120113
-2.714447
-1.326191
0.166785
0.785717
-0.750952
-3.023239
-6.016727
-7.904603
-7.256521
-6.329354
-5.197534
-4.084201
-2.868362
-1.695834
-0.112139
0.559541
-0.735468
-3.266406
-5.806241
-7.998516
-9.028429
-7.777137
-5.180752
-4.443136
-3.858932
-1.770136
-0.803381
0.200535
-0.845249
-3.313477
-6.161595
-8.297700
-8.196414
-7.389394
-5.554521
-4.232058
-3.370689
-1.929499
-0.111860
0.345423
-0.601418
-3.391502
-6.157326
-8.194514
-8.461411
-7.242991
-5.459163
-3.578193
-3.016251
-1.824339
-0.542133
0.248113
-0.602230
-3.104132
-5.936070
-8.150568
-8.092977
-7.013495
-5.420806
-3.956537
-2.844611
-1.501077
0.042764
0.603857
-0.828624
-2.895776
-5.464606
-7.207517
-7.438935
-6.454382
-4.309321
-2.915831
-2.297999
-0.931959
0.919731
0.946125
0.133843
-2.577026
-5.253066
-7.021184
-7.472857
-6.795828
-5.335333
-4.120271
-3.178925
-1.467813
0.130754
0.441996
-0.617083
-2.946230
-5.518371
-7.650436
-8.198891
-6.739479
-5.172466
-3.464738
-2.376549
-2.062494
-0.600544
-0.276956
-1.533886
-3.592103
-6.132482
-7.900377
-8.239072
-7.508657
-5.595999
-4.056789
-3.068743
-1.650833
-0.186452
-0.166138
-1.092571
-2.566530
-5.376424
-7.886484
-8.698875
-7.390804
-5.349790
-4.649313
-3.542243
-1.512197
0.451711
0.424843
-0.502982
-2.724220
-6.008959
-8.281225
-8.771732
-7.951709
-6.359544
-5.211285
-3.746188
-1.674956
0.006249
0.211784
-0.718272
-2.532217
-4.995935
-7.003471
-7.276193
-5.705914
-4.454616
-3.523669
-2.728070
-1.035336
0.676275
0.764058
-0.061781
-2.826370
-5.881580
-8.122368
-8.838457
-7.546030
-6.260771
-5.040520
-3.838837
-2.307199
-0.839306
-0.211959
-0.984035
-3.435375
-5.971342
-8.032288
-8.561710
-6.811460
-5.600687
-3.848164
-2.895476
-1.877611
-0.460381
-0.301417
-0.776671
-2.875734
-5.328580
-7.168284
-7.916535
-7.363285
-4.965569
-4.308529
-3.147487
-1.339262
-0.352312
0.037443
-1.223940
-3.259925
-5.973918
-7.784554
-8.114973
-6.657608
-5.387296
-4.556598
-3.241012
-1.651007
-0.735106
0.278025
-0.992514
-3.405621
-5.798292
-7.735398
-8.680594
-7.569144
-5.639565
-3.803895
-2.758667
-1.429679
0.100456
0.673150
-0.931385
-3.694348
-5.792427
-7.824810
-7.756003
-6.597718
-5.996592
-4.620066
-3.607591
-2.057627
-0.210093
0.416622
-0.272237
-2.893139
-5.238440
-7.092990
-7.789264
-6.723008
-4.869972
-3.564829
-2.851376
-1.402937
-0.007795
0.706320
-0.000797
-2.677975
-5.163547
-7.144072
-7.768538
-6.532484
-4.847201
-3.638556
-2.926857
-2.174117
-0.389202
0.453356
-0.272205
-2.381240
-5.126193
-7.225950
-8.173191
-7.310527
-4.859422
-3.597061
-3.080084
-1.292288
0.259041
0.977893
0.383383
-2.156609
-5.267910
-7.046223
-7.766530
-6.287467
-4.599082
-3.968635
-2.684604
-1.277158
0.751949
0.701024
-0.714033
-2.707744
-5.238773
-7.927101
-8.182000
-6.605551
-5.162555
-4.450712
-3.401731
-2.156466
-0.331436
0.242647
-0.770739
-3.063648
-5.336202
-7.646070
-8.136254
-7.589161
-5.900846
-4.235201
-3.282213
-1.634130
-0.074545
0.517045
-0.397303
-2.191465
-5.117360
-6.994238
-7.224642
-6.185025
-4.691205
-3.473695
-2.348492
-1.452054
0.427131
0.844364
-0.150192
-2.542450
-4.898588
-7.002415
-7.737058
-5.965990
-4.806271
-3.491679
-2.444947
-0.729636
0.537073
0.856857
-0.325672
-2.742155
-5.386938
-7.477941
-8.619576
-6.842699
-5.040501
-3.701847
-2.470752
-0.551460
1.234560
1.331799
0.078026
-2.159546
-4.898746
-7.046836
-7.666941
-6.562885
-4.607461
-3.910407
-3.062838
-1.559416
0.874662
1.475228
0.706409
-1.820909
-4.543569
-6.406812
-7.500157
-5.902717
-4.005623
-3.246813
-2.215836
-0.672319
0.829054
1.976915
0.670027
-2.286171
-4.671652
-6.774994
-7.677804
-6.818964
-5.094179
-4.091477
-2.763078
-1.543884
0.149969
1.265274
0.748678
-2.090704
-4.812518
-7.630397
-8.637532
-7.797802
-5.801235
-4.763825
-2.762877
-0.880863
0.556826
0.671577
-0.161209
-2.488684
-4.924020
-7.103826
-7.560497
-6.174641
-5.182845
-4.262076
-2.704426
-1.057447
1.124454
1.016286
-0.149477
-2.431700
-5.142213
-7.268143
-7.764805
-7.321188
-5.057170
-3.953218
-2.509125
-0.539486
0.806774
1.106831
0.229669
-2.239107
-4.938059
-7.507562
-8.632343
-7.784369
-6.188277
-4.426628
-2.823375
-1.257257
0.938959
1.116304
0.098551
-2.324523
-5.541734
-8.025222
-8.690962
-7.687990
-6.032249
-4.633786
-2.888980
-0.836317
1.118670
1.755914
0.657334
-2.117935
-5.196385
-7.271731
-7.059696
-6.118282
-4.537385
-3.826187
-2.202580
-1.536275
0.265039
0.268512
-0.278721
-2.311590
-4.912015
-6.712752
-7.114557
-6.451153
-5.207244
-4.227237
-2.574144
-0.934515
0.381664
0.694710
-0.439324
-2.798900
-5.192825
-7.531523
-7.529106
-6.511364
-5.430898
-4.565964
-3.182281
-1.247176
0.311905
0.691114
0.231224
-2.231573
-4.792494
-6.954431
-8.211653
-6.854589
-5.272067
-3.648081
-2.420091
0.141876
1.329636
1.888205
0.613617
-2.067792
-5.213273
-7.671476
-8.678721
-7.887158
-6.434866
-4.685056
-2.691732
-1.133573
0.398727
1.193815
-0.208451
-2.102511
-4.943738
-6.624955
-7.641642
-7.065392
-5.560104
-3.744460
-2.215499
-1.089470
0.567104
0.806422
0.083477
-2.295910
-5.015862
-7.307959
-8.288514
-7.089786
-5.619580
-4.420313
-3.037607
-0.965816
0.638618
1.440460
0.177288
-2.061172
-4.866162
-7.612479
-7.649329
-6.859099
-5.473573
-4.598699
-3.331956
-1.184228
0.593762
0.611143
0.150911
-2.347789
-5.219306
-7.804980
-8.081673
-7.198704
-5.128258
-4.069346
-2.716630
-0.733317
0.648413
0.798828
-0.398413
-2.189577
-4.919811
-7.428647
-8.050706
-7.077628
-6.002565
-4.513400
-3.472697
-1.618558
0.600610
1.197374
-0.069691
-2.114630
-4.966813
-6.938188
-7.067008
-5.942487
-4.492882
-3.941912
-3.230386
-0.929815
0.771019
1.361284
0.453497
-2.090798
-4.756860
-7.182527
-7.506403
-6.680858
-5.030947
-4.273170
-2.496077
-0.680927
1.043098
1.408676
0.429821
-2.108829
-4.733850
-7.183407
-7.711494
-6.748919
-5.008063
-3.618176
-2.436102
-1.153007
1.255622
1.780080
1.132568
-1.238981
-4.172412
-6.329330
-6.794382
-5.948222
-4.719158
-3.451874
-2.202401
-0.609567
1.289301
2.079163
1.064532
-1.794235
-4.380533
-6.598737
-6.804492
-5.859916
-4.554917
-3.568102
-1.927189
0.102396
2.224929
2.134748
1.236008
-1.182825
-3.853692
-6.056601
-6.516327
-6.139406
-4.607326
-3.941691
-2.153612
0.010187
2.175343
2.692303
1.487375
-0.610438
-3.680079
-6.010887
-6.896485
-6.095416
-4.639157
-3.978299
-2.365484
-0.747992
1.369130
1.967729
1.016174
-1.115379
-3.768921
-5.746979
-6.443757
-5.695575
-4.225545
-3.140581
-1.832294
-0.533079
1.092472
1.868265
0.938606
-1.952360
-4.038127
-5.864861
-6.300499
-5.178782
-3.987926
-3.268170
-2.359898
-0.526922
1.386677
1.966201
0.870182
-0.638685
-3.325820
-5.763229
-6.252535
-4.890925
-3.686712
-2.562560
-1.230475
0.811953
1.959147
2.380510
1.544825
-0.640207
-3.554232
-6.079181
-6.658949
-5.799011
-4.150489
-3.415462
-2.099557
-0.301300
2.125698
3.131556
2.262139
0.123239
-3.055029
-5.388443
-5.699594
-4.810018
-3.520409
-2.389807
-1.440760
-0.074389
1.644382
2.462015
1.452978
-0.603817
-3.701669
-6.181233
-7.115671
-6.503448
-5.046280
-4.077214
-2.437671
-0.749322
1.565668
2.514015
2.057201
-0.008636
-3.053463
-5.700498
-6.829941
-5.727440
-4.088973
-3.066614
-1.717328
0.637645
2.372990
3.780851
2.484962
-0.324133
-3.143616
-5.776511
-6.409232
-5.772650
-4.098192
-3.166939
-1.855916
0.732678
2.573887
2.827555
1.530451
-0.931584
-3.874315
-6.258233
-7.404342
-6.272161
-5.188366
-3.853013
-1.832908
-0.273209
1.542040
2.225583
1.113768
-1.028751
-3.407000
-5.337578
-5.853331
-5.028658
-3.816301
-2.872919
-1.933108
-0.021557
1.093662
2.524136
2.101727
-0.279297
-2.977385
-4.972272
-5.717730
-4.870396
-3.802127
-2.495090
-1.339375
0.719843
2.147768
3.355512
2.468595
-0.226202
-2.891923
-5.262652
-6.224905
-5.444919
-4.074183
-2.975705
-1.426450
0.269115
2.464378
3.739906
2.451004
0.675346
-2.739478
-5.082429
-5.676238
-4.660363
-3.262905
-2.625219
-1.297796
1.065819
2.760589
4.027020
2.473124
0.631964
-2.941166
-5.453394
-6.139558
-5.135442
-3.201939
-2.117094
-1.059485
0.298985
2.446045
3.195013
2.321497
0.523886
-2.334613
-4.591192
-5.637133
-4.757461
-3.467044
-2.429929
-1.084106
0.934422
2.454657
3.575127
2.567612
0.602015
-2.160275
-4.677592
-5.797781
-4.888641
-3.162542
-1.433883
-0.547155
1.470529
3.221113
3.918032
3.116355
0.647642
-2.627859
-4.890953
-5.517675
-5.285484
-3.906812
-2.293071
-1.005573
0.891497
3.245575
4.272690
2.744419
0.854809
-1.798443
-4.201447
-4.909721
-4.388603
-3.379595
-2.101183
-1.044975
1.100901
3.354646
3.970375
3.365766
0.982908
-1.530491
-3.630247
-4.344935
-4.026387
-2.867021
-2.390378
-1.024812
1.224482
3.709862
4.578519
4.012350
1.841127
-1.637267
-4.191741
-5.452417
-4.388025
-3.250834
-2.221684
-0.565068
1.796209
4.682171
5.423780
4.336282
1.508472
-1.602863
-3.658176
-4.537958
-3.071132
-1.724069
-0.979227
-0.017241
1.853156
3.994827
5.061802
4.108833
1.904846
-0.866785
-3.460483
-3.902720
-2.956013
-1.622896
-0.764955
0.516552
2.237526
4.209705
5.197838
3.876754
2.015987
-0.581490
-3.210921
-3.682549
-3.511695
-2.443235
-0.889074
0.532275
2.208654
4.348775
4.986366
3.775057
2.281812
-0.303918
-2.757498
-3.943964
-3.654156
-2.331349
-1.457853
0.034080
2.590141
5.065977
5.590130
4.761424
2.584310
-0.043083
-2.558710
-3.356648
-2.981896
-1.593708
-0.546683
0.651548
2.303149
4.279277
5.425915
4.533911
2.853595
-0.081257
-2.598787
-2.955914
-1.758943
-0.815683
-0.168410
1.107093
3.061765
5.327290
5.653631
4.660669
2.706661
0.256594
-1.794488
-2.282199
-2.246903
-1.228635
-0.008559
1.606861
3.743991
5.507904
5.935062
5.093447
3.205810
0.113153
-2.163130
-3.397146
-3.118334
-1.683081
-0.605924
1.032063
3.412722
5.616016
6.272022
5.094559
2.666154
-0.567996
-2.475237
-3.220901
-2.552870
-0.755875
0.572368
1.504444
3.298672
4.696759
5.603186
4.545446
2.203827
-0.149432
-2.219873
-2.790005
-2.139301
-0.353094
0.566278
1.692034
3.267795
4.508577
5.299704
4.759542
2.365357
-0.565655
-2.662866
-2.921075
-1.880368
-0.791867
0.102485
1.282327
2.866440
4.825359
6.000277
4.523565
2.115657
-0.534266
-2.441119
-2.742171
-2.127130
-0.476746
-0.071295
1.460893
3.368855
5.275557
5.749615
5.141493
2.939327
0.385697
-1.473775
-2.291861
-1.349158
-0.795344
-0.127285
1.243905
3.165796
4.726142
5.873816
5.305134
2.690575
-0.002697
-1.863974
-2.508325
-1.862156
-0.085270
0.908845
1.714187
2.804146
5.602285
6.066242
4.485292
2.902077
0.758642
-1.194982
-2.234901
-1.878591
-0.524972
0.286535
1.445548
3.660540
5.350254
6.151985
4.905304
2.691610
0.301987
-1.659856
-2.126241
-1.264071
0.510098
0.711164
1.973188
3.866988
5.694532
5.928181
5.209705
2.776647
0.016892
-2.252841
-3.369724
-1.968735
-0.787331
-0.192698
1.078394
2.880191
4.817070
5.956017
5.129414
2.526155
0.230452
-2.032609
-2.685158
-1.265566
0.226982
1.436382
1.899923
3.402832
5.345695
5.767084
4.779652
2.460171
0.459607
-1.894346
-2.572975
-2.099671
-0.555493
0.181719
1.622774
3.378333
5.504221
6.364517
5.068920
3.502051
0.760424
-1.525349
-1.768301
-0.843500
0.649332
1.179509
2.019307
3.901578
6.389771
7.194775
6.582859
3.634853
0.867394
-0.920373
-1.451960
-0.474103
1.128086
1.899223
2.262959
4.535010
6.180595
7.181538
5.717834
3.410611
1.041966
-0.863353
-1.408265
-0.296847
0.782833
1.563478
3.314713
4.329148
6.014164
6.736820
5.341850
3.240932
1.117812
-1.127079
-1.875988
-1.245973
0.497738
1.613770
2.201030
3.755721
5.784996
6.483505
5.129379
3.687205
0.568992
-1.702355
-1.623243
-0.789434
0.073412
0.627958
1.643119
3.469091
5.839905
6.306629
5.546127
3.424117
0.546651
-1.289954
-1.548715
-1.043094
0.431391
1.545252
2.211456
4.276961
6.512119
7.522465
6.157694
3.836884
0.582830
-1.331182
-1.805213
-0.966795
0.696903
1.556513
2.044630
3.815345
5.996975
6.793530
5.570660
3.999023
1.143143
-1.125535
-1.993974
-1.044104
0.294996
0.800561
2.292045
3.850118
5.495605
6.266993
5.598059
3.496792
1.057072
-0.364636
-0.907976
-0.498295
0.323904
1.009589
2.049683
4.274366
5.914974
6.952293
6.102789
3.446043
1.439230
-0.141243
-0.759332
0.634665
1.498478
2.111002
2.662420
4.981274
6.662952
7.423691
6.636583
3.945248
1.583322
-0.315615
-0.988335
-0.018969
1.214439
1.961050
2.745627
4.542529
6.015684
6.809181
5.954140
4.125998
1.420074
-0.415525
-1.069848
-0.269524
0.805546
1.257402
2.392767
4.881132
6.786354
7.320175
5.891125
3.734694
1.174407
-0.945992
-1.239916
-0.035563
1.264551
1.426737
2.674186
4.461866
6.591927
7.369394
6.929495
4.692026
2.038067
-0.496061
-1.225355
0.100395
0.858522
1.469234
2.602398
4.624647
6.474020
7.582264
6.803295
4.555631
2.234869
0.159182
-0.440245
0.250584
0.877546
1.986404
2.619557
4.712976
6.976742
7.892921
6.891308
4.126568
1.349714
-0.783878
-0.917730
0.223686
1.494143
1.723106
2.825778
4.807434
6.194479
7.254885
6.634930
4.303178
1.690675
-0.256233
-0.942910
-0.483628
1.112581
1.337908
2.277668
4.074632
5.526581
6.302835
6.083221
3.923094
1.159297
-0.548339
-1.593619
-0.586847
0.278784
1.499441
2.177767
4.104128
6.048908
6.464718
5.686728
3.495912
1.458155
-0.281096
-1.078447
-0.253792
1.098669
2.218327
2.945357
4.839737
7.358074
7.468952
6.245770
4.204212
1.093833
-1.101052
-1.453677
-0.406122
1.147799
2.498802
2.338836
4.445366
6.560745
7.326038
6.998503
4.814240
2.412535
0.070611
-0.688263
-0.295397
0.817965
2.095663
3.457537
5.138515
7.220858
7.942116
6.880938
4.707650
2.267960
0.366011
-0.713133
-0.121593
1.243326
1.837246
2.966927
5.558134
7.499466
7.804375
6.492865
4.415098
1.539095
-0.424354
-0.587433
-0.001884
0.965065
1.726568
2.756106
4.895950
6.636747
7.379875
6.669641
3.972442
1.650941
0.012560
-0.570070
0.774595
1.213697
2.108175
2.978672
4.813175
6.640482
7.561878
7.058102
5.296663
2.651011
0.496527
-0.048057
0.517225
2.223694
2.324814
2.910105
4.920820
7.253212
8.912601
7.481316
5.055244
2.380693
0.654833
0.087403
0.720104
2.134966
2.710485
3.139627
5.540318
7.356380
7.165089
6.065170
4.493668
1.742735
0.037121
-0.913673
-0.055037
0.872526
1.875319
2.477059
4.429045
6.644577
6.778723
6.248371
4.290663
1.598025
-0.245890
-0.396375
0.832037
1.961458
2.101776
2.952560
4.699950
6.405128
7.466017
6.456646
4.522703
1.868970
0.152508
-0.250311
-0.801735
0.738871
1.495914
2.630092
4.623306
6.983213
7.626900
6.678263
4.215059
1.821869
-0.515553
-1.489723
-1.195563
0.081135
1.618296
3.129853
4.223396
6.048679
6.492895
6.084938
3.782979
1.202204
-0.568257
-1.202951
-0.758447
0.277275
1.111697
2.372295
4.797997
6.541241
6.936321
6.143406
3.849486
1.503260
-0.770788
-0.785806
-0.432251
1.171961
1.500455
2.187628
4.150101
5.944603
6.340660
6.078762
3.782332
1.204372
-0.484919
-1.145142
-0.437078
0.603542
1.663963
2.325986
3.795848
6.272665
7.432777
6.649628
4.880249
1.785106
-0.449923
-0.500266
0.341377
1.866873
2.061308
2.788550
4.500499
7.044096
7.268448
6.141438
4.049406
1.619653
-0.361927
-0.886846
-0.287371
1.254116
1.600359
2.612652
4.839222
6.956755
7.817627
6.649223
4.048895
1.818881
-0.062447
-0.919086
-0.299023
0.605633
1.542421
2.891210
4.230704
6.399811
7.484245
6.775188
4.787827
2.109877
-0.126133
-0.841204
0.299353
1.223806
2.331556
3.121996
4.721534
7.053322
7.614799
7.015850
4.918129
2.058594
-0.043523
-1.012304
-0.117002
0.889229
1.340425
2.475684
4.638383
6.689644
6.924158
5.927502
3.916368
1.271973
-0.483249
-1.055603
-0.649959
0.757582
1.755390
2.909157
4.577012
5.971867
6.645103
5.647354
3.604988
1.290399
-1.339002
-1.992490
-0.856093
0.699770
1.707878
2.469893
3.969071
5.788506
6.642895
6.290478
4.060901
1.249004
-0.862914
-1.071618
-0.384296
1.098249
1.678490
2.602490
4.568727
6.229475
6.886543
6.172768
3.858226
1.155657
-1.194249
-1.735635
-0.540617
0.590710
1.243362
1.808723
3.980567
6.251078
7.183228
5.672728
3.329279
1.600604
-0.658292
-1.396184
-0.315601
0.796751
1.721510
2.867956
4.428531
5.657257
6.244812
5.775267
3.124444
0.623424
-1.118476
-1.523430
-0.588538
0.378038
0.830293
2.422873
4.485112
6.417128
6.982483
5.794132
3.888832
1.372227
-0.628821
-1.162955
-0.789405
0.495628
1.389409
2.243291
4.307451
6.135935
6.911385
6.092014
3.309482
1.018234
-0.961657
-2.187700
-0.866806
0.886108
1.866287
2.564191
3.875160
6.040283
6.658171
5.859091
3.452523
0.550814
-1.328610
-2.001182
-0.686363
0.678303
1.423756
1.940893
3.509922
5.604151
6.665974
5.779430
3.426080
0.795158
-1.384517
-2.280780
-2.040092
0.047226
0.690393
1.147182
3.340733
5.201080
6.143539
5.488865
3.405092
0.985524
-0.878586
-1.822789
-0.984503
0.203211
0.907783
2.243564
4.546755
6.943146
7.036095
6.456474
3.956393
1.630559
-0.663912
-1.007325
-0.149933
0.710367
1.444561
2.577935
4.649783
5.786484
7.306393
5.830084
4.083151
1.502767
-0.866467
-1.438643
-0.589321
0.366894
1.343710
2.595181
5.027575
6.751747
7.058514
5.847910
3.437255
0.968516
-0.446540
-1.035705
-0.191271
1.171141
2.465097
3.213681
4.762849
6.950855
7.950438
6.504158
4.197183
1.318891
-0.425007
-1.270580
-0.184687
0.909056
1.172786
2.542617
4.562562
6.216164
7.144302
6.699940
3.990475
1.750082
-0.152951
-0.436957
0.268885
0.537249
1.999445
3.047989
4.990866
6.987005
7.382740
6.300282
3.730346
1.949504
-0.671514
-1.189917
-0.560529
0.754004
1.249353
2.662418
5.009153
6.820925
7.214350
6.732119
4.158757
1.121791
-0.579068
-1.122987
-0.491241
0.403887
1.547838
2.314870
5.067272
6.868607
7.451679
6.146725
4.110480
1.001359
-1.063045
-1.629837
-0.834617
0.213305
1.158357
2.265470
4.575710
6.152555
6.748072
5.250668
2.639381
0.512971
-0.947621
-1.135112
0.112587
1.512281
1.344669
2.651468
4.511474
5.895153
6.009283
5.178005
3.453747
1.385877
0.091468
-0.809845
-0.209866
0.965918
1.741390
2.629867
4.650990
6.628210
6.871021
5.761429
3.477490
1.025703
-0.581359
-1.195752
-0.613321
0.871056
2.036692
3.073506
4.575822
7.054996
7.656918
6.133083
3.904376
1.252797
-0.898292
-1.600707
-0.333734
1.609571
1.808435
2.238024
4.177018
6.346645
7.142933
5.916851
3.757360
1.236784
-0.479698
-1.122106
-0.378462
0.825182
1.080659
2.414582
4.169032
6.024330
6.926250
5.717098
3.612690
1.403571
0.087621
-0.382871
0.604280
1.721966
1.911957
2.498030
4.499354
6.668325
7.486805
6.965660
4.688517
1.716473
-0.128078
-0.528253
0.172968
1.533268
2.535669
2.487354
4.468405
6.519775
7.549417
6.725128
4.124468
1.128199
-1.139146
-1.527365
-0.640758
0.466370
1.446690
2.969425
5.083252
6.835209
7.341629
6.667019
4.154099
1.905407
-0.266311
-0.783552
-0.337823
0.719078
1.386881
2.345353
4.566028
6.132750
7.346680
6.147175
3.859500
1.618761
-0.501178
-1.650489
-0.527793
1.172304
1.740177
2.165798
4.265789
6.142460
7.166504
6.299440
3.752831
1.121389
-1.250879
-1.446909
-0.162540
0.683355
1.280968
2.537944
4.631520
6.355145
7.270525
5.725784
4.476995
1.993357
-0.073508
-1.097807
-0.465354
1.056942
1.486307
2.621816
4.059508
5.844114
6.414574
6.599686
4.586740
2.385568
-0.005771
-0.355909
0.439590
1.431749
1.692820
2.910805
4.541730
6.199162
7.257195
6.101009
4.217807
1.866583
-0.354018
-1.092882
-0.072744
0.771690
1.538764
2.810755
4.968548
6.613838
6.363377
5.508656
3.199961
0.407635
-1.343887
-1.606511
-1.020023
0.348803
1.188587
1.986105
3.840942
6.367090
6.700220
6.198727
3.898518
1.565022
-0.449389
-1.447321
-0.363355
0.979523
1.395365
2.840295
4.149049
6.535648
7.047672
5.507790
3.345695
0.769161
-1.293663
-1.906446
-0.905696
0.513899
1.087752
1.955029
3.522638
5.855505
6.221237
5.316528
3.202842
0.635340
-1.468939
-2.162783
-1.599380
-0.392406
0.837709
2.149362
4.465261
5.761726
6.681530
5.615831
3.430823
0.786973
-1.339715
-1.830550
-1.476036
-0.314763
0.816405
2.023975
4.269168
6.388359
6.722446
5.639477
3.806358
1.387380
-0.528985
-0.789370
-0.641544
0.595694
1.479160
2.164793
4.407499
6.472919
6.855045
6.037170
4.258359
1.240542
-0.597353
-0.899746
-0.217184
1.031710
1.706755
2.707612
4.575678
6.348625
7.201208
6.172924
4.120360
1.309042
-0.791126
-1.625407
-1.178923
0.391985
1.504088
2.460917
4.662309
6.492996
7.075615
6.163408
3.663551
1.189703
-1.118664
-1.517555
-0.657255
0.725008
1.587736
2.520344
4.597395
6.246258
6.554974
6.393333
4.117668
1.343068
-0.801298
-1.687698
-1.411704
0.292625
1.095160
1.865323
4.019351
6.279051
6.909286
6.245218
3.615071
1.391847
-0.607808
-1.203681
0.068411
0.622890
1.379328
3.031592
5.088146
7.354092
7.780344
6.518196
3.946623
1.786470
-0.736265
-1.546041
-0.403871
0.638330
1.074647
2.417501
4.603798
6.723595
7.053909
6.056847
4.222889
1.285754
-0.577561
-0.739165
0.342724
0.993160
1.420514
2.231009
4.259019
6.725077
7.214725
5.979061
3.564734
1.430729
-0.478878
-1.020708
-0.266590
1.096304
1.727160
2.773350
4.517866
6.379040
7.248077
6.271217
4.153081
1.809631
-0.209534
-0.632217
-0.192801
0.953712
1.459907
3.014991
5.001762
6.923985
7.373657
6.465633
3.658705
1.426701
-0.694057
-1.459626
-0.549645
0.795914
1.491987
2.554932
4.451050
6.941168
7.287024
6.690281
4.197762
1.734996
-0.113143
-0.862474
0.008944
0.853310
1.790969
2.581002
4.955036
6.818527
7.262850
6.573521
4.414240
1.612451
-0.501977
-1.084090
-0.711590
0.464338
1.396032
1.895475
4.195508
6.605255
7.359264
6.642853
3.966991
1.756778
-0.641735
-1.773176
-1.148224
0.609972
1.388751
2.447890
4.305567
6.991249
7.516142
5.996721
3.665232
1.167406
-0.661739
-1.603366
-0.547421
0.613205
1.213156
2.154171
4.408244
6.182281
7.397625
6.054041
3.236876
1.618427
-0.449741
-1.197021
-0.851770
0.119457
1.116446
2.434971
4.580561
6.407261
7.450771
5.933594
4.055607
1.145198
-1.196018
-1.955099
-0.972364
0.025103
0.518490
1.679535
3.974931
6.197147
6.783876
5.857712
3.631914
0.876231
-1.408826
-2.296010
-1.331127
0.146002
0.742642
1.594429
3.505461
5.686813
6.972660
6.124531
3.292909
0.794015
-0.906706
-1.936357
-0.679621
0.770781
1.228197
2.602202
4.266039
6.169418
6.911766
6.072741
4.184982
1.602134
-0.623606
-1.431679
-0.401038
0.418753
1.786303
2.733279
4.334776
6.398289
6.529005
5.652264
3.628684
1.377253
-1.214725
-1.668244
-1.239674
0.200754
1.453279
2.278470
4.496620
6.622887
7.662750
6.790108
3.800521
0.882637
-0.905381
-1.195723
0.020649
1.148243
1.346924
1.928375
3.959597
6.116886
7.069805
6.380850
3.866508
0.859618
-1.412933
-2.323010
-1.319219
0.356895
1.341027
3.285251
4.626318
6.042692
6.886978
5.555679
2.897113
0.617400
-1.132306
-1.584151
-0.873720
0.260014
1.283646
1.966234
3.964154
6.194088
6.585602
5.251919
2.755409
0.787862
-1.489293
-1.761408
-0.774167
0.325672
1.332460
2.562634
4.376998
6.434994
7.215864
6.279709
3.793815
1.141053
-1.117301
-1.423326
-0.469164
0.823343
1.099366
2.049652
4.111551
6.081093
6.898354
6.278362
3.490949
0.764218
-1.847708
-2.109554
-0.565668
0.752329
1.026810
1.721456
3.691379
5.684525
6.471142
5.443642
3.271009
0.991169
-0.994860
-1.957709
-0.916469
0.081348
0.806119
2.094035
3.592866
5.464634
6.701283
5.849449
3.582374
1.167444
-0.944676
-1.574967
-0.884584
0.277851
1.422904
2.119905
3.884930
6.087055
7.288898
5.968521
3.643378
1.116286
-0.892218
-1.610794
-0.867849
0.364799
1.771400
2.697611
4.360683
7.027397
7.395382
6.671257
4.202051
1.323453
-0.904483
-1.232824
-0.560551
1.030678
1.903227
2.921503
5.216747
7.216286
6.876247
6.059132
4.325813
1.241479
-1.189562
-2.006891
-1.016045
0.141745
0.989290
2.671112
4.114361
6.201323
6.795212
5.771729
4.382231
1.741381
-0.107098
-0.829271
-0.128183
0.711117
1.153913
2.652431
4.866501
7.411541
8.154915
6.479309
4.095687
1.163609
-0.933235
-1.443621
-0.796784
1.052462
1.521202
2.299339
4.250087
6.749249
7.225580
5.765240
3.831337
1.342213
-0.735914
-1.407231
-0.187560
0.326523
0.953456
2.473165
4.901028
6.385654
7.442924
6.277910
3.624140
1.076737
-1.233765
-2.183079
-1.085972
0.225670
1.202675
2.328370
4.112313
6.614964
7.132042
6.397831
3.931086
1.543428
-0.850595
-1.662332
-0.865570
-0.068058
0.672727
1.434912
3.966388
6.611938
7.532059
6.639183
4.618264
1.694642
-0.714680
-1.458071
-0.365841
0.477919
1.337588
2.198536
4.250102
6.571203
7.256821
6.104080
3.673632
0.538512
-1.060613
-0.867896
-0.266558
0.997274
1.450140
2.234623
4.536989
6.215378
6.225988
6.160633
3.344691
1.411439
-0.132007
-0.614676
-0.679282
0.817564
1.399011
1.890669
3.978532
5.791206
6.469748
5.478294
4.056870
0.972806
-1.255515
-1.622929
-1.106411
0.091519
0.996474
2.085594
3.940727
6.162523
7.413734
5.975777
3.709063
0.861390
-1.151814
-1.677636
-0.934215
0.236408
0.950675
1.954138
4.126539
6.015429
7.207188
5.492134
3.362082
0.930748
-1.021636
-1.920588
-0.952288
0.275835
1.429337
1.863803
3.915927
6.254314
6.474110
5.175436
3.008258
0.232804
-1.517715
-1.587260
-0.896862
-0.397268
0.559538
1.864820
3.604162
5.749132
6.514370
5.744852
3.807700
1.042623
-0.219526
-0.993712
-0.926211
0.256142
0.984581
2.107970
3.939951
5.957354
6.864410
6.155148
3.792797
0.537516
-1.417459
-2.340041
-1.786009
-0.415508
0.902963
1.799664
3.943520
5.700146
6.096817
5.612801
3.190319
0.681185
-1.642837
-2.527034
-1.555792
0.221834
0.592291
1.773159
3.648059
6.007298
5.862957
5.263899
3.063340
0.208117
-1.519204
-2.406587
-1.494298
-0.659327
0.783072
1.602420
3.681893
5.779287
6.604748
5.847710
3.327929
0.947286
-1.188969
-2.173924
-1.235390
0.151205
0.845956
2.150396
4.248976
6.977291
7.365852
6.074821
3.748697
0.636016
-1.453329
-1.441566
-0.717726
-0.115483
0.607066
2.150436
4.390359
6.226357
6.836193
5.760349
3.314697
0.881553
-0.865272
-1.261971
0.419369
1.138748
1.331849
1.871814
4.221556
5.762312
6.086729
5.495968
3.797371
0.678775
-1.152368
-2.002070
-1.184641
-0.580272
0.324831
1.535540
4.021399
6.278980
6.512619
5.776367
3.423182
1.208274
-0.706150
-1.641440
-0.969487
0.520803
1.022596
2.092108
4.245369
6.081747
6.707951
5.628857
3.503268
0.834820
-0.552011
-0.910142
-0.155812
0.701674
1.332159
2.749960
4.418288
6.302027
6.823175
6.180099
3.827008
0.846884
-0.716205
-1.590686
-0.795366
0.369310
0.582488
1.779808
3.661906
6.012558
6.394188
5.950043
4.230915
1.757046
-1.035545
-1.903827
-1.305869
0.052667
0.947119
2.580700
4.770461
6.528725
6.764149
5.783203
3.943387
1.188105
-0.833458
-1.477949
-0.713061
0.849958
1.330180
2.447361
4.186959
6.691010
6.666384
5.878405
3.859246
1.197420
-0.605364
-1.553296
-0.665802
0.412533
1.605743
2.156845
4.125788
5.718929
6.668499
5.544815
3.158056
1.009213
-0.894862
-1.774363
-0.801136
0.509193
1.270898
2.678349
4.563113
6.117056
7.029949
5.232292
3.478436
1.184213
-0.732642
-1.752162
-1.086823
0.103901
1.023906
2.539241
4.682573
6.834263
7.459545
6.265171
3.890952
1.433971
-1.083824
-1.980659
-1.703557
-0.017657
0.887104
2.309780
4.222265
6.062862
6.693241
5.837719
3.635256
0.936889
-1.303743
-1.922814
-0.851642
0.868048
1.534043
2.335406
4.123649
6.016039
6.808084
6.069410
4.092641
1.341354
-1.425334
-2.288349
-1.002911
0.142639
1.528848
2.429197
3.989803
6.344828
7.516426
5.892330
3.766905
0.949800
-1.081142
-2.023171
-0.954964
-0.017146
1.585958
2.903164
4.381467
6.183855
7.015610
6.082102
3.410501
0.828216
-1.623640
-2.562482
-1.500762
-0.007882
0.481307
1.778076
3.420735
6.343964
7.338573
5.972353
3.774411
1.407351
-0.711009
-1.269831
-0.556636
0.988247
1.523678
2.591063
4.149905
6.106337
6.528641
5.866409
3.554964
1.010919
-1.409305
-1.774968
-1.076363
0.456522
1.019873
2.032067
3.971533
6.052080
7.195229
6.456146
3.961853
1.612159
-0.705896
-1.800017
-1.318817
0.161014
1.247432
2.379021
4.271730
6.593269
7.617290
6.462515
4.267342
1.588375
-0.703262
-1.578254
-1.106862
0.504784
1.188675
2.354721
4.259494
6.112848
7.215818
6.397335
3.872647
1.052583
-1.242723
-1.960915
-0.942988
0.243956
0.662800
1.888429
3.937548
6.136284
7.169409
5.982784
3.347170
1.018850
-1.314767
-1.940784
-0.994534
-0.166520
0.954417
1.862932
3.467257
5.313885
6.391838
5.411606
3.565988
1.279564
-1.111916
-2.296561
-1.462858
0.207884
0.906516
1.993445
3.852448
6.079346
7.070503
6.361031
3.253248
0.986490
-1.185541
-1.432367
0.148096
1.063690
1.733861
2.325236
4.442336
6.146877
6.236950
5.307266
3.449826
0.958209
-1.312140
-2.239145
-0.971482
0.554281
0.778919
1.593613
3.209593
5.454781
6.137121
5.415676
3.358613
0.795948
-1.325902
-1.677347
-0.515677
0.033681
1.100977
2.349450
3.749401
5.819565
6.327759
5.413906
3.283195
0.171499
-1.537722
-2.088818
-1.148069
0.245295
0.760490
1.570750
3.622769
5.531351
6.294170
5.623768
3.618610
0.860577
-1.398995
-2.201481
-1.008718
0.159719
0.804662
1.989125
3.962283
5.810452
6.425858
5.425507
3.123311
0.534858
-1.550385
-2.528879
-1.681855
-0.218498
0.700776
1.475937
3.415481
5.616697
5.923647
5.019501
2.653181
0.410080
-1.563134
-2.399136
-1.478175
-0.524536
0.609603
1.506809
3.505489
4.986229
5.983114
4.919292
2.892413
0.417250
-1.852529
-2.538328
-1.722547
-0.047758
1.125690
1.929710
4.039431
6.195709
6.827345
5.661142
3.463364
0.542295
-1.551459
-1.738792
-0.595941
0.408331
0.850243
1.639851
3.756739
6.265987
6.861656
5.990767
3.672917
0.642628
-1.406169
-1.589293
-1.177108
0.416368
1.111546
2.202014
4.344133
6.285742
6.840931
5.599369
3.306273
0.666828
-1.329857
-1.919168
-1.301167
-0.078754
0.883845
2.145582
3.548891
6.382324
6.647810
5.834450
3.701839
0.866164
-1.581651
-2.090921
-0.887753
0.159410
0.909571
2.054996
3.756257
5.458725
6.685280
5.798462
3.990904
1.298982
-0.214655
-0.711875
0.520435
1.829578
1.991455
3.557212
5.240250
6.941498
7.330568
6.441862
3.504455
0.759662
-1.180118
-2.113001
-0.764997
0.508106
1.045338
2.173888
4.306050
5.835672
6.429905
5.071390
2.863159
0.678182
-1.341510
-1.532173
-0.824529
0.330727
1.363363
2.096793
4.167020
6.254244
6.731373
5.518251
3.493022
0.346637
-1.803729
-1.876695
-1.750827
0.002253
1.491054
1.968044
3.406370
5.516563
5.984486
5.428650
3.100973
0.480753
-1.754115
-1.678137
-0.371456
0.912886
0.945798
1.910526
3.636026
5.888611
6.705521
5.831202
3.186989
0.845523
-1.343946
-1.854082
-0.818556
0.459389
1.074162
2.457860
4.008287
5.814671
6.479191
5.722906
4.031323
1.109942
-1.091417
-1.720596
-0.756177
0.141912
0.845057
2.106791
4.159718
6.421646
7.672321
6.426321
4.115133
1.403946
-0.862196
-2.032315
-0.971940
0.379168
1.288988
2.130090
4.676017
7.164803
7.622429
6.226355
3.795752
0.936479
-0.730062
-1.800823
-0.952549
0.418961
0.875994
1.913195
3.924408
5.629745
6.540937
5.932522
3.897305
0.806031
-1.315964
-2.017546
-1.268383
0.408073
1.274064
2.760244
4.055417
6.146618
6.944334
5.537766
3.193270
0.911552
-1.267623
-1.542358
-0.948912
0.131631
1.080050
1.852352
4.051547
6.393677
7.408419
6.729950
3.356637
0.816271
-1.225541
-2.219343
-0.552749
0.384789
2.050943
3.090878
4.348418
6.132645
7.367970
5.645821
3.930793
1.196012
-1.013559
-1.905530
-1.381815
-0.069671
0.666688
2.371410
4.695086
6.820137
7.376703
6.628414
3.995229
1.196608
-0.867841
-1.945910
-1.138057
0.080593
0.356684
1.672949
4.287813
6.731258
6.948494
5.552429
3.410478
0.457511
-1.572361
-2.584653
-1.295341
-0.169876
0.808335
2.073075
4.041821
5.527168
6.397341
5.621140
4.232069
1.018006
-1.266945
-2.311058
-1.684914
-0.174867
0.602349
1.862445
3.936724
6.525963
7.603901
6.823765
3.667971
0.908831
-0.950682
-1.817528
-0.603571
0.430424
1.678311
2.877386
5.401764
6.954901
7.823179
6.252617
4.271785
1.600655
0.010949
-0.847399
-0.730805
0.626871
1.028581
2.208081
4.191363
5.868004
6.772558
6.388596
3.781728
1.272388
-1.080858
-1.559474
-0.116785
0.894304
0.832167
2.381777
4.537808
6.231329
6.949860
6.079021
3.750154
1.295812
-0.908457
-1.784070
-0.962655
0.157698
1.333974
2.264459
3.981180
6.500069
7.520885
6.734692
4.532727
1.442276
-0.790509
-1.601404
-0.518750
0.490839
1.380395
2.935299
4.654287
6.968075
7.840471
7.126839
4.847681
2.144826
-0.525953
-1.022953
-0.444269
0.524937
1.388054
2.828757
4.426683
7.218601
7.772774
6.531565
4.105783
1.649325
-0.511157
-0.553936
-0.139668
1.183287
1.700189
2.371664
4.085568
5.835667
6.691063
5.861103
3.793062
1.658326
-0.920605
-1.723225
-0.456715
0.711090
1.580005
2.136628
3.692953
6.075035
6.699409
6.587318
3.997155
1.470943
-0.641309
-1.894078
-1.328908
-0.049692
0.639455
1.957671
4.235900
6.069422
6.968006
6.028614
3.783603
0.828253
-1.361835
-1.704547
-1.027612
-0.059865
0.952100
2.425701
4.453161
6.867939
7.281628
6.439751
3.472323
0.710862
-0.891828
-1.757759
-0.470860
0.572920
1.524945
2.675316
4.702210
6.426435
6.331715
5.567719
2.983535
-0.314301
-2.225374
-2.556737
-2.104884
-0.525640
0.652319
1.749312
3.645153
5.085894
5.685696
5.066635
2.575819
0.062481
-1.847908
-2.703629
-1.289404
0.548449
1.350857
2.239629
4.081104
5.694853
6.823195
5.911842
4.032353
1.414584
-0.895030
-1.955716
-1.131639
0.593502
1.137259
2.007545
4.044291
6.698307
7.123169
5.719681
4.366070
1.083015
-1.049323
-2.240674
-1.295005
-0.427099
0.707493
2.490307
4.361259
6.932693
6.857079
6.191265
4.442912
1.667438
-0.779404
-1.670255
-1.115946
0.414911
0.898677
1.928727
4.446682
6.412739
7.152691
5.560003
4.099689
0.976683
-0.988707
-1.804695
-1.077125
0.205074
1.114318
1.802832
3.418535
6.479828
