6.000545
5.196118
2.845742
0.267273
-1.543735
-1.900543
-0.972122
0.298362
0.929754
2.019908
3.650222
6.099433
6.069207
5.256917
3.024452
0.244016
-1.638079
-2.515903
-1.840025
-0.775415
0.322789
1.905110
4.478087
6.198110
6.719651
5.803126
3.902855
0.815206
-1.514419
-1.920670
-0.997382
-0.129272
0.604241
1.514839
4.056151
6.012200
6.355912
5.757195
3.434826
0.164883
-1.892068
-2.753323
-2.029360
-0.824225
0.315547
1.143888
3.160295
5.572423
5.657779
5.048097
2.694911
0.163753
-2.077593
-2.772016
-2.466702
-0.628439
0.090331
1.603646
3.839736
5.114137
5.864341
4.933619
2.781267
0.269886
-2.075628
-2.581716
-1.747382
-0.196944
0.868078
1.890495
3.787015
5.366269
5.840280
4.571797
2.266181
-0.386676
-2.377394
-2.718758
-1.976535
-0.593913
0.032587
1.841148
4.092030
6.079986
6.174413
4.946864
2.179315
-0.556823
-2.966708
-2.735848
-2.435554
-1.254473
-0.069481
1.254209
3.108662
5.047080
5.861016
4.797824
2.407982
-0.092807
-2.157856
-3.373997
-2.521683
-0.624302
-0.271093
1.074442
3.119569
5.485826
5.935538
5.226531
2.918547
0.181401
-1.995447
-2.489854
-1.547651
-0.116551
1.191036
1.842076
4.070400
5.886064
6.668954
5.562423
2.812032
-0.056756
-1.932902
-2.682998
-1.762954
-0.514441
0.294976
1.940827
3.809319
5.599921
6.393947
5.458722
2.639356
-0.531552
-2.456546
-3.575534
-2.388813
-0.849130
0.267594
1.106654
3.265961
5.125009
6.002061
4.951592
2.530072
-0.258609
-2.580632
-3.189689
-1.890161
-0.828622
-0.269852
0.976528
2.682199
5.351331
6.014802
4.795545
2.372027
-0.360698
-2.493660
-3.420558
-2.808184
-0.681000
0.348074
1.513749
3.224315
5.071980
6.161817
4.035378
1.734525
-1.006557
-2.449405
-3.338005
-3.018111
-1.618709
-0.498612
0.761736
2.884446
5.269486
5.699059
4.595368
2.236265
-0.262393
-2.633577
-3.254759
-2.994151
-1.368111
-0.212681
1.519242
3.265636
5.106954
5.742902
4.380555
2.787446
0.011706
-2.477221
-3.202313
-2.400434
-0.627532
0.185746
1.389380
3.348042
5.400340
5.975583
4.383774
2.097623
-0.250978
-2.283120
-2.253886
-2.080705
-0.623359
0.348678
1.203982
3.461856
5.342874
5.859729
5.181722
2.577188
-0.127170
-2.168566
-3.129423
-2.482071
-0.825428
0.381143
1.061106
3.021181
5.446603
5.704789
5.258771
2.703142
-0.142219
-1.775900
-2.003486
-1.645307
-0.236606
0.584880
1.568586
3.531335
5.360181
5.535100
4.196096
2.060143
-0.533408
-2.505263
-2.905763
-2.728891
-1.401058
-0.161345
1.046103
3.222397
5.297496
5.878949
4.729463
2.378629
-0.171158
-2.246530
-3.144381
-2.040200
-1.071178
-0.125071
1.362717
2.691216
4.903918
5.657861
4.266822
1.924079
-0.996223
-2.418011
-2.810561
-1.847707
-0.411613
0.248580
1.115056
3.047941
5.200515
5.932473
4.667600
2.473591
-0.111599
-1.589557
-2.099332
-1.755223
-0.081241
0.713805
1.566034
3.251977
5.238849
6.310218
4.685853
2.273681
0.163860
-1.802554
-2.400860
-1.190098
0.387156
0.822811
1.875915
3.712454
5.837138
5.768720
4.953902
2.838787
-0.220380
-2.510953
-3.187482
-2.627108
-1.020001
0.114967
1.036469
3.173612
5.025086
5.082391
4.539617
2.028954
-0.605296
-2.451127
-2.794246
-1.999750
-0.840081
0.408973
1.223268
3.026074
5.325011
6.071403
4.640119
2.424573
-0.051427
-2.311925
-3.604308
-3.196522
-1.693353
-0.609560
0.478955
2.763958
4.288934
5.350873
4.395298
1.914846
-0.663324
-2.664129
-3.485843
-3.146832
-1.585027
-0.297676
0.746375
1.966328
3.936628
5.101338
3.945308
2.034879
0.050037
-2.518756
-2.638534
-1.520375
-0.870442
-0.315619
0.516165
2.588836
5.260823
6.420560
5.300847
2.630383
-0.260897
-2.595736
-2.810808
-1.504838
-0.467334
0.062316
1.080688
3.119710
5.135964
5.499970
4.477107
2.058589
-0.729492
-2.561513
-3.120685
-1.895863
-0.551187
-0.054104
1.306273
2.799609
4.370715
5.788766
4.301218
2.296077
-0.332268
-2.041308
-3.011894
-2.811156
-1.260247
-0.236674
1.102830
3.288225
4.855687
4.938453
3.813562
1.678345
-0.496545
-3.078326
-2.818684
-1.576950
-0.217832
0.283350
1.439116
2.701585
4.693852
5.351117
4.482919
2.231010
-0.446247
-2.579569
-2.404213
-1.836404
-0.728029
0.098511
1.057022
2.683733
4.520682
5.567071
4.576728
2.123786
-0.619366
-2.695858
-3.001489
-2.377618
-0.939375
0.142078
1.102093
2.248221
3.903307
4.971066
3.938272
1.930348
-0.681627
-2.925432
-3.492212
-2.540104
-1.278969
0.136915
1.135921
2.639425
4.790467
5.264043
4.200577
1.967245
-0.604120
-2.741009
-3.628923
-2.770186
-1.514741
-0.436796
0.598228
2.475248
4.187175
4.616353
3.907754
1.645679
-1.171484
-3.218786
-3.176723
-2.302891
-0.792026
-0.420973
0.332498
2.043859
4.376067
5.076337
4.247199
1.645749
-1.149117
-3.046535
-3.530836
-2.810525
-0.904220
0.331018
0.887531
2.228910
4.328953
5.238437
4.586568
1.773068
-1.089605
-3.271506
-4.184326
-3.201096
-1.586087
-0.853019
0.559998
2.375185
3.837143
4.371094
3.577455
1.294337
-1.152248
-2.572441
-3.258513
-1.983906
-0.593711
-0.186688
0.787409
2.535647
4.537229
4.809392
4.395693
2.214692
-0.809788
-3.220170
-3.720633
-2.565059
-1.181998
0.129233
0.970867
2.327698
4.404504
5.111466
4.066583
1.884557
-0.642321
-2.895623
-3.766520
-3.103806
-1.417987
-0.106894
0.900465
2.443225
4.177010
5.121871
4.060600
1.609460
-0.810133
-2.972114
-3.692194
-2.924138
-1.255663
-0.835415
0.367528
2.540005
4.323387
5.041081
4.133859
1.866170
-0.886856
-3.201216
-3.591532
-2.825637
-1.155030
-0.302106
0.578617
2.123313
4.133064
5.905601
4.601216
2.010560
-0.751882
-2.763071
-3.565805
-2.931314
-1.606351
-0.561876
0.261829
2.152956
3.967834
4.690604
4.113758
1.979754
-0.001303
-2.057069
-3.154331
-2.934585
-1.135510
0.155539
1.083473
3.051830
4.806828
5.699784
4.371240
2.065345
-0.419133
-2.479523
-3.576525
-2.474001
-1.500550
-0.519420
0.959960
2.839595
4.722730
5.078248
4.549130
1.751822
-1.015110
-3.099030
-2.590646
-2.094054
-0.759259
-0.134834
0.467862
2.124209
3.607863
4.563680
3.634678
1.264949
-1.307608
-2.864503
-3.629409
-3.710809
-2.177031
-0.496109
0.509271
1.774589
3.659723
4.743630
3.770363
1.512353
-1.038823
-3.278245
-2.774110
-1.502554
-0.274611
0.360202
1.344410
3.065775
4.537816
4.803899
3.793380
1.486955
-1.093150
-3.413003
-4.018918
-3.159712
-1.659573
-0.256165
1.206082
2.683691
4.313685
4.779088
4.011879
1.590869
-1.205554
-3.290745
-3.716998
-3.178548
-1.927595
-0.909536
0.070499
1.710217
3.599755
4.058600
3.190511
0.754193
-1.601191
-3.447719
-4.008140
-2.970473
-1.248645
-0.603665
-0.144615
1.616681
3.234831
3.525081
2.704279
0.873447
-1.286656
-2.448045
-3.629934
-2.875206
-1.608052
-0.780155
0.805882
2.028816
3.438889
4.419035
3.206015
0.848176
-1.944077
-3.752965
-5.186019
-4.053762
-1.957038
-0.685721
-0.014377
1.673322
3.706256
4.286410
2.959551
0.406543
-1.981805
-4.404439
-4.556005
-3.465773
-1.591325
-0.489109
0.173401
1.338414
2.693855
3.642354
2.685821
0.351173
-2.478446
-3.802258
-4.123528
-2.754310
-1.426709
-0.727883
-0.620444
0.433273
2.148951
3.009200
2.227878
0.207508
-2.149654
-4.086686
-4.369317
-4.162354
-2.270832
-1.071615
-0.375229
1.059821
2.357607
2.796578
1.900783
0.188750
-2.928233
-4.772026
-5.064473
-3.590262
-2.560277
-1.068015
-0.577376
1.052293
2.806900
3.644936
2.510739
0.174596
-2.594725
-4.472032
-4.036425
-2.930285
-2.115015
-1.266680
-0.255461
0.904915
2.494433
3.808793
3.192095
0.333621
-1.946950
-3.668448
-4.195405
-3.181898
-1.757318
-1.098596
0.127192
1.668849
3.289968
4.007966
2.742257
0.711922
-2.229550
-4.033533
-4.355037
-2.923912
-1.835139
-0.548717
-0.026143
1.699978
3.414913
3.972589
2.935323
0.217671
-2.497747
-4.146012
-4.455575
-3.690181
-2.315495
-1.223522
0.032122
1.319678
3.059260
4.218928
3.457617
1.257712
-1.542561
-3.438984
-4.002389
-2.936751
-1.543237
-0.654894
-0.057349
1.143615
3.473677
3.613298
2.265465
0.170545
-2.075450
-4.011848
-4.369020
-3.610349
-2.391166
-0.971918
-0.428127
0.994684
3.415419
4.322274
3.430067
0.879886
-1.658266
-3.199667
-3.502999
-2.629608
-1.332898
-0.582045
0.797279
1.767847
3.353306
3.954109
3.194012
0.846708
-2.091311
-3.844544
-4.050938
-2.903551
-0.811500
-0.351182
-0.072507
1.693536
3.668759
4.210178
2.889330
0.855784
-1.918971
-3.877610
-4.827538
-3.924340
-3.260205
-1.415921
-0.219113
1.128290
2.366901
3.215281
2.606182
0.704854
-1.647835
-3.541599
-4.286476
-3.312640
-1.994828
-1.562559
-0.762796
0.798386
2.884872
3.533185
2.605612
0.203165
-2.819530
-4.773256
-4.977370
-4.304464
-2.321000
-1.315083
-0.926338
0.486501
2.187161
3.063512
2.466898
0.120933
-3.097379
-5.227399
-5.472339
-4.324976
-2.147246
-1.569664
-0.415696
0.352406
1.964819
2.673943
1.938808
-0.397244
-3.328506
-4.910744
-5.789186
-4.392038
-2.442350
-0.991492
0.107327
1.205449
2.431033
3.142596
2.095173
-0.277431
-2.992235
-4.681623
-4.677932
-3.940294
-1.772056
-1.307375
-0.369617
1.136813
2.450863
2.803430
2.395654
0.323290
-2.466530
-4.458937
-4.972092
-4.221828
-2.325605
-1.512711
-0.382109
0.929516
2.505531
2.957837
2.160295
-0.052626
-2.653346
-4.015722
-3.709621
-3.240993
-2.422280
-1.671316
-0.244892
1.176350
2.596230
3.386296
2.691430
1.037482
-1.589106
-2.843451
-3.078636
-2.888464
-1.233783
-0.850063
0.245955
1.833704
3.051762
3.383430
2.881227
0.487051
-2.144585
-3.705672
-4.855943
-3.815301
-1.726623
-0.262843
-0.025867
1.151947
3.149268
2.933286
1.900700
0.121142
-1.891442
-4.109544
-4.440338
-4.067492
-2.297772
-1.475729
-1.007562
0.532743
2.626487
3.009682
2.640059
0.496727
-1.916358
-3.897187
-4.597413
-4.075104
-2.236054
-1.081712
-0.116673
1.419032
3.381866
3.319648
2.400354
0.435086
-1.891509
-4.525103
-4.675949
-3.820314
-1.755034
-1.168702
-0.719522
0.549231
2.050896
2.587077
1.853244
0.121699
-2.731022
-4.993770
-4.919398
-3.744839
-1.967265
-0.741172
-0.311273
1.172386
2.989664
2.864900
2.809171
0.139261
-2.429271
-3.910630
-3.753795
-3.162427
-1.668256
-0.919527
0.116049
1.328757
2.592293
3.110654
1.948686
-0.149339
-2.401279
-4.218458
-4.225161
-3.661393
-2.104491
-1.173592
-0.298333
0.840377
3.072803
3.648028
2.709314
0.834380
-2.350097
-4.067839
-4.513210
-3.869366
-2.420133
-1.677661
-0.543447
1.212661
2.302382
3.435719
2.970629
0.894240
-1.503152
-3.523307
-3.514319
-2.373502
-1.315818
-0.253039
0.162017
1.790818
3.017679
3.516479
2.431093
0.290378
-2.177659
-4.377964
-5.140474
-4.283902
-2.527295
-1.058420
-0.106479
1.434677
2.593326
2.910877
2.249114
0.125253
-2.633587
-4.938037
-4.946061
-4.273859
-1.815902
-1.359969
-0.499205
1.051027
1.995169
2.890425
1.819241
-0.373147
-3.029635
-4.819935
-4.578038
-3.545926
-1.747493
-1.146958
-0.607575
0.595024
1.360757
1.639216
0.759102
-1.476849
-3.564171
-5.308054
-5.526997
-3.451703
-2.274011
-1.351125
-0.091266
0.963389
2.194204
2.342056
1.648955
-0.578326
-3.073178
-4.830961
-5.453030
-4.259778
-2.913893
-2.077209
-1.041650
0.362808
2.381255
2.815005
1.901919
-0.634838
-3.657029
-5.533758
-5.487458
-4.396955
-2.735169
-1.836664
-0.799924
0.399500
1.975283
2.132027
0.836566
-0.819739
-2.833495
-5.226512
-5.734467
-3.929161
-1.999509
-1.316932
-0.987083
-0.306563
1.526944
2.165124
1.553054
-0.418419
-2.945164
-4.413028
-4.743463
-4.051279
-2.685187
-0.808236
-0.844162
0.302869
1.524563
2.617876
1.893486
-0.483537
-2.708047
-4.680738
-4.077978
-2.800973
-1.859220
-1.398907
-0.556615
1.231869
2.402533
2.814558
1.720964
-0.167388
-2.702215
-4.334541
-4.820571
-4.174321
-1.884170
-1.079579
-0.692814
0.531844
1.805634
2.287745
1.328891
-0.902601
-3.207457
-5.271474
-4.848492
-3.282687
-1.917575
-1.032969
-0.051285
0.743924
1.589066
1.943201
1.172540
-0.479698
-2.558315
-4.010983
-3.979960
-3.611770
-1.817636
-0.437566
0.708278
1.844689
3.116473
2.612613
1.676538
-0.025364
-2.452459
-4.306789
-5.196118
-4.151582
-2.146642
-0.889520
-0.545963
0.671977
2.700452
3.047434
2.335677
-0.322201
-2.411997
-4.641328
-4.801750
-3.270560
-2.201264
-1.187278
-0.238477
0.395779
1.859431
2.554196
1.743043
-0.330400
-2.453227
-4.620325
-4.894170
-4.463632
-2.540061
-1.746325
-1.020386
0.166260
1.645442
2.682558
1.897920
-0.264668
-2.355613
-4.479177
-5.278687
-4.116564
-2.361850
-0.949744
-0.577522
0.619973
1.924575
2.571521
1.193823
-0.943389
-3.379250
-5.665240
-5.596859
-4.566401
-2.925866
-1.933581
-1.265385
-0.114593
2.147933
2.475605
1.426910
-0.467973
-3.133081
-4.476876
-4.110394
-2.613851
-1.157924
-0.596885
-0.662219
0.405003
1.557528
1.969473
1.211596
-0.922194
-3.146587
-5.437138
-6.155259
-5.319171
-3.240018
-1.957692
-1.286972
-0.124829
1.116195
1.850875
1.046844
-0.338428
-2.756295
-4.913386
-5.293811
-3.407836
-2.012856
-1.503480
-0.637858
0.347888
1.227003
1.256365
0.910913
-0.680670
-3.208028
-5.094398
-5.887636
-4.951129
-2.783809
-1.762881
-0.985866
0.365899
1.944765
2.333090
1.699658
-0.509127
-3.290812
-5.016929
-4.787992
-3.651614
-2.370543
-1.369655
-0.780382
0.107289
1.629196
2.186564
1.420081
-1.009434
-2.866570
-5.384958
-6.098505
-4.565669
-2.854938
-1.628730
-0.795213
0.255372
1.486828
2.063985
1.485841
-0.710103
-2.983859
-5.100539
-4.935612
-4.405627
-2.507821
-1.482335
-1.131811
0.345084
1.982722
2.666286
0.897859
-0.767219
-3.369802
-4.801728
-5.502977
-4.463344
-2.002511
-1.567567
-1.128888
0.345207
1.501569
1.229349
0.418298
-1.546988
-4.157278
-6.364755
-7.053549
-5.311113
-3.531388
-2.298539
-1.439957
-0.480337
1.284221
1.511176
-0.118164
-1.534928
-3.988839
-6.097465
-5.603869
-4.579809
-3.771316
-2.620017
-1.719631
-0.586209
0.965415
0.907992
-0.250073
-1.950712
-4.461716
-6.252020
-7.069258
-5.409477
-3.292207
-1.635940
-1.295403
-0.444433
0.441849
1.059667
0.524508
-1.384967
-3.858196
-5.788124
-5.819334
-4.591881
-2.647872
-1.568839
-1.328066
-0.216441
0.859242
1.432222
0.559529
-1.251216
-3.712914
-5.046400
-5.316756
-4.142184
-2.384522
-1.805776
-1.436317
0.047879
1.527696
1.902493
0.440183
-1.488631
-3.421053
-5.245173
-5.195863
-4.619704
-2.689494
-1.188664
-1.446453
-0.458176
0.970033
1.005475
0.387655
-1.134645
-4.108344
-5.838610
-5.883627
-5.162694
-3.042811
-1.605796
-0.684433
0.742327
1.920867
1.850138
1.157483
-0.945954
-3.615767
-5.580962
-6.114583
-5.130700
-2.525350
-1.619189
-1.159803
-0.011325
1.213114
1.161903
0.315427
-1.432890
-3.715975
-5.252628
-5.460425
-4.689146
-3.136558
-1.759660
-1.372650
-0.131832
1.309599
1.205282
0.267422
-1.625648
-3.512371
-5.100122
-5.580448
-4.490092
-2.520352
-1.618560
-0.632538
0.071420
0.899346
1.037072
0.235686
-1.501793
-3.687887
-5.109464
-5.251918
-4.509606
-2.895909
-1.929143
-1.806993
-0.492423
1.507049
1.659380
0.693632
-1.390590
-3.285657
-5.234596
-5.808572
-4.326394
-2.795112
-1.712415
-0.654166
0.319832
1.835497
1.944413
0.948235
-1.328951
-3.498729
-4.641999
-4.991677
-4.196498
-2.377427
-1.112155
-1.193780
-0.009936
1.891941
2.183437
0.968004
-1.095222
-3.766636
-5.145178
-5.626817
-4.123082
-1.999827
-1.385949
-0.772242
0.504253
1.300307
1.278172
0.115098
-2.082825
-4.165015
-5.676409
-5.343296
-3.687404
-2.068706
-1.406627
-1.186986
-0.518688
0.092758
0.330687
-0.451106
-2.302805
-4.452920
-5.728263
-6.130280
-4.697946
-2.705539
-1.412784
-0.451623
0.181716
0.631230
0.493811
-0.213515
-1.927052
-3.812782
-5.730630
-5.701875
-4.275733
-2.425056
-1.001697
-0.400268
0.059008
1.399348
1.796170
0.275110
-1.933855
-4.350601
-6.194301
-6.047956
-5.007583
-3.232619
-2.006907
-1.823941
-0.508708
1.160446
1.311277
-0.188122
-2.464199
-4.854928
-6.812465
-6.611223
-5.586041
-3.895574
-2.635741
-2.016410
-0.798196
-0.044739
0.320725
-0.543254
-2.306199
-4.328832
-5.602118
-5.944522
-5.009366
-3.926030
-1.839431
-0.907063
-0.335700
0.568017
0.278012
-0.749543
-2.567580
-4.979834
-7.007812
-7.048455
-5.166636
-3.440408
-2.420022
-1.785069
-0.584927
0.505701
0.550036
-0.363969
-2.678848
-4.916023
-6.567130
-6.273029
-5.230594
-3.251773
-2.151090
-1.554331
-0.805122
0.302297
0.193601
-1.103421
-2.706563
-4.546856
-5.810978
-6.086951
-4.533298
-2.867003
-1.860129
-1.316833
-0.878736
0.663278
0.716619
-0.823765
-2.666100
-4.449821
-5.715566
-6.120988
-4.786983
-3.404895
-2.437732
-1.076114
-0.151428
0.653228
1.191847
-0.687551
-2.597939
-5.101413
-6.585806
-7.018369
-5.081777
-2.726121
-1.669229
-1.639141
-0.614822
0.302612
0.459146
-0.642776
-2.774143
-4.755489
-6.069916
-6.642008
-5.565607
-3.841149
-2.506028
-1.808217
-0.799744
-0.113823
0.247501
-0.804890
-2.546589
-4.780510
-6.013917
-5.919158
-5.375363
-3.319062
-2.053914
-1.565258
-0.414225
1.193032
0.619957
-0.633133
-2.624431
-4.968592
-6.861057
-6.947474
-5.694407
-3.224458
-1.658633
-1.967272
-1.041605
0.095924
0.683014
-0.119179
-2.032473
-4.256160
-5.647339
-6.337364
-5.207305
-3.385337
-2.141965
-0.799457
-0.429936
-0.134035
-0.053519
-1.051433
-2.487288
-4.576989
-6.074249
-6.158691
-5.335721
-2.981181
-2.029193
-1.789326
-0.783214
0.521990
0.512012
-0.434007
-2.673252
-4.818226
-6.105700
-7.057562
-5.199502
-4.322534
-3.101483
-1.900711
-0.662435
0.334478
0.147258
-1.159691
-3.047092
-4.998420
-6.369643
-6.382207
-4.843520
-3.842437
-2.608243
-1.806020
-0.892228
-0.000381
-0.289063
-1.066747
-3.010914
-5.142538
-6.630961
-6.753762
-5.543175
-3.541059
-2.290368
-2.065516
-0.887068
0.051930
-0.143828
-1.137511
-3.318222
-5.518170
-7.407590
-7.585300
-6.139133
-4.094407
-2.820405
-1.866696
-0.893970
-0.418401
-0.285211
-1.128147
-2.953786
-5.151232
-6.733488
-6.864842
-5.354726
-3.850921
-2.588075
-1.724500
-1.182745
0.079633
0.148432
-0.968461
-3.096982
-5.178151
-6.577579
-7.269701
-5.867329
-3.547359
-2.414687
-1.774343
-0.955564
-0.189559
-0.359765
-0.957255
-3.362778
-5.175905
-6.515765
-6.860079
-5.119809
-3.592380
-2.173284
-1.560176
-1.058723
0.370754
0.996377
-0.303854
-2.456547
-4.777585
-6.211257
-5.781760
-5.347596
-3.171578
-1.824361
-1.152514
-0.257653
0.737653
0.767465
-0.798891
-2.622647
-4.687460
-6.386754
-6.749571
-5.234147
-3.626721
-2.506610
-2.176594
-1.140685
0.108727
-0.001603
-1.403024
-3.035046
-5.410986
-6.944430
-7.005116
-5.937665
-4.115722
-2.967902
-2.073674
-1.190841
-0.214200
0.037806
-1.161296
-3.186724
-5.310109
-6.820444
-7.515798
-5.664108
-3.783992
-2.762008
-1.540634
0.112685
1.172070
0.556684
-0.816967
-2.711555
-4.833661
-6.365005
-6.342057
-4.894090
-3.028975
-1.993865
-1.089080
-0.059444
0.492374
0.621836
-0.534764
-2.852816
-5.334015
-6.929956
-6.967278
-5.595716
-3.213511
-2.515807
-1.873460
-1.185774
-0.168580
0.652279
-0.695411
-2.962684
-5.598989
-6.779141
-6.568625
-5.225955
-3.642941
-2.454555
-1.518297
-0.405602
-0.153852
-0.414462
-2.012603
-3.862209
-5.830110
-6.634679
-7.115875
-6.255595
-4.147061
-3.455393
-2.772681
-1.653687
-0.749710
0.081265
-1.376060
-3.003980
-5.363711
-7.019003
-7.817859
-6.479697
-4.113925
-2.920227
-2.298182
-1.037356
-0.324551
-0.301107
-1.182970
-3.653059
-6.113946
-7.766500
-8.053804
-6.356103
-4.621682
-3.981602
-2.802663
-1.407725
-0.424134
-0.124526
-1.498721
-3.301065
-5.479286
-6.820205
-7.466979
-6.109915
-4.270831
-3.197687
-2.693451
-1.565877
-0.856893
-0.695097
-1.393775
-3.615853
-6.298312
-8.012659
-8.547849
-7.248001
-4.832063
-3.104351
-2.852477
-1.738257
-0.811129
-0.450189
-2.091197
-3.827683
-6.137738
-7.435438
-7.693592
-6.501725
-4.567044
-3.238793
-2.392209
-1.334206
-0.442533
0.040171
-0.931443
-3.152883
-5.218307
-6.774471
-6.897120
-5.625135
-4.598628
-3.216307
-2.659495
-1.570356
-0.444815
-0.115875
-1.284993
-3.040776
-5.626293
-7.052419
-6.801911
-6.030057
-3.890172
-2.658977
-1.632105
-0.147059
0.893612
0.732515
-0.225067
-2.458329
-4.768841
-5.998490
-5.695570
-4.813100
-3.857390
-2.231095
-0.858753
0.054575
1.139569
1.641705
-0.426401
-2.605188
-5.150831
-7.015499
-7.062439
-5.841722
-4.059344
-2.728770
-2.065848
-0.918309
0.083569
0.249906
-0.693845
-2.979362
-5.157207
-6.864754
-6.600655
-5.489381
-4.047019
-2.551764
-2.059538
-1.212575
-0.192807
0.040578
-1.232981
-3.169751
-5.409438
-7.269356
-8.044190
-7.096732
-5.024384
-2.697899
-2.173599
-0.625397
0.557803
0.018332
-1.359783
-3.504495
-5.611494
-7.221951
-7.274412
-6.455511
-4.404899
-3.396765
-2.456240
-1.390172
-0.483433
-0.015078
-1.118861
-2.856004
-5.087581
-6.623256
-6.264502
-5.531674
-3.661954
-1.899104
-1.342310
-0.772251
-0.197566
-0.224908
-1.281564
-3.133849
-5.890347
-7.507861
-6.956894
-6.193396
-4.634944
-3.159492
-2.206352
-1.689960
-0.480459
-0.311333
-1.173210
-2.876983
-5.074872
-6.540414
-6.669450
-5.317976
-4.116805
-3.136313
-2.149744
-1.329404
-0.505487
0.139357
-0.673717
-2.681962
-4.968922
-6.582788
-6.994520
-5.921137
-3.817294
-2.877661
-1.843156
-0.472185
0.534069
0.150169
-0.866232
-2.806911
-5.119408
-7.233858
-7.552757
-6.168204
-3.746593
-2.958841
-2.441817
-1.607024
-0.621735
-0.168020
-1.236587
-3.123157
-5.248654
-7.652045
-7.805978
-5.709773
-3.683810
-3.370669
-3.240627
-1.651218
-0.204053
0.212984
-1.008463
-3.171082
-5.845283
-7.732893
-7.527308
-5.915133
-3.902307
-2.776034
-2.022172
-0.806361
-0.149494
-0.036483
-1.485415
-3.310141
-5.769711
-7.650073
-8.143789
-5.681113
-3.434552
-2.721750
-1.829416
-1.307764
-0.525409
-0.514235
-1.643058
-3.509156
-5.411446
-7.188425
-7.391949
-6.807549
-4.778016
-3.636226
-2.522425
-1.464979
0.201084
0.698144
-0.983361
-3.109461
-5.189090
-7.260248
-7.644750
-6.104890
-3.781396
-2.570391
-1.915512
-0.892100
0.830287
0.507358
-0.696793
-3.064671
-4.881399
-6.510946
-7.035852
-5.901389
-4.739081
-3.177801
-1.847242
-0.370832
0.324195
0.521212
-1.321170
-3.197490
-5.574496
-7.194844
-7.696770
-6.561025
-5.166913
-3.695817
-2.890597
-1.784708
-0.482800
0.683392
0.008342
-2.374417
-5.028792
-6.898798
-7.717640
-6.225138
-4.278821
-3.052078
-2.463033
-0.878121
0.297191
-0.143302
-1.165196
-3.188136
-5.728061
-7.426941
-7.830681
-6.770081
-5.456131
-3.637876
-2.804502
-1.523242
-0.446919
-0.375233
-1.340888
-3.664029
-5.679239
-7.382896
-8.129514
-7.171818
-4.979686
-3.106758
-2.424309
-1.040112
-0.357688
-0.008105
-1.313942
-2.955716
-5.571348
-7.380145
-7.650715
-6.439155
-4.888749
-3.280885
-2.944051
-2.361187
-1.152067
-0.625699
-1.510264
-3.171344
-5.330068
-7.292117
-7.585549
-6.294353
-4.412490
-3.425535
-2.607088
-0.631105
-0.042368
-0.218948
-1.197971
-3.097766
-5.684505
-7.352242
-8.143567
-6.731997
-4.473390
-3.305671
-2.842275
-1.548237
-0.120932
0.483523
-0.069851
-2.797294
-5.517032
-7.510690
-7.608788
-6.728406
-4.383149
-2.854219
-2.432533
-1.671404
-0.511320
-0.212789
-1.196624
-3.461524
-5.984071
-7.703471
-7.496500
-6.199640
-4.364250
-2.871663
-2.484919
-1.596593
-0.644083
-0.548927
-1.603516
-3.118557
-5.705225
-7.375872
-7.688807
-6.704452
-4.679158
-2.799238
-2.380569
-1.055260
0.441699
0.744052
-0.944501
-2.948081
-5.416624
-7.839249
-7.797860
-6.131165
-5.136292
-3.778761
-2.710128
-1.763898
-0.509546
-0.104852
-0.703164
-2.501388
-4.962141
-6.392050
-6.469000
-5.163456
-3.861345
-3.274309
-2.576624
-1.677890
-0.709674
-0.385505
-1.626893
-3.598160
-6.179660
-7.679181
-7.990090
-6.745769
-5.413398
-4.496449
-2.899792
-1.704246
-0.390475
-0.252570
-1.076720
-3.243997
-5.450974
-6.750961
-7.488703
-6.495337
-5.294519
-3.872210
-2.342101
-1.238318
-0.701615
-0.566686
-1.174621
-3.397273
-5.718955
-7.140197
-7.258057
-5.950242
-4.543996
-3.560364
-2.437800
-1.434799
-0.339136
0.186621
-0.335354
-2.286592
-5.097607
-7.128161
-7.883542
-6.773574
-4.806808
-3.232642
-2.540232
-1.464786
-0.234682
-0.174127
-1.108083
-2.847699
-5.691699
-7.990754
-8.346579
-6.977892
-5.209437
-4.264853
-3.347239
-1.736055
-0.752896
-0.077151
-1.023828
-3.264901
-5.848814
-8.295107
-8.639542
-6.791945
-5.481005
-4.443336
-3.168278
-1.345925
-0.298017
-0.211875
-1.439784
-3.501227
-5.396274
-8.175623
-8.257535
-6.618455
-5.200918
-3.553530
-2.191982
-1.503120
-0.131392
0.573184
-0.477799
-2.997954
-5.665092
-7.920386
-8.337000
-7.373182
-5.467521
-3.934714
-3.054776
-1.332338
0.086533
0.445140
-0.222451
-2.739549
-5.353894
-7.825805
-8.212686
-7.642875
-5.762996
-4.419109
-3.312033
-2.161616
-0.061723
0.074262
-0.946326
-3.151641
-5.570632
-7.664493
-8.243581
-6.986433
-5.096254
-3.812347
-3.109230
-1.674356
0.055544
0.628750
-0.184907
-1.771775
-4.408027
-6.405406
-6.915298
-5.666387
-3.501614
-2.658504
-1.927664
-0.794225
0.312681
0.779437
-0.351186
-2.544728
-5.021713
-7.051748
-7.649816
-6.563628
-5.076138
-3.215636
-2.764009
-1.128722
0.188461
0.575995
-0.755885
-2.830523
-5.439320
-7.546050
-7.927787
-6.860860
-4.760301
-3.847465
-3.463938
-1.760740
-0.465321
0.319541
-0.531090
-2.470452
-4.950124
-6.702514
-7.245104
-5.614686
-4.437163
-2.941269
-2.782437
-1.740022
-0.936936
-0.173124
-1.009295
-3.181664
-5.869619
-7.791059
-8.318318
-6.998134
-5.359072
-3.400537
-2.941714
-1.416874
-0.313712
0.231864
-0.974761
-2.857104
-5.928270
-7.770025
-8.203655
-6.772470
-5.269897
-4.667855
-3.728456
-1.938176
-0.560582
-0.592830
-1.203553
-3.301455
-5.986557
-8.143698
-8.873449
-7.533224
-5.754954
-4.998124
-3.726194
-1.882658
-0.941669
-0.324870
-0.994390
-3.342971
-5.819896
-7.476478
-8.248884
-6.723254
-5.009242
-4.051200
-3.572859
-1.738624
0.002219
-0.047933
-0.952279
-2.961718
-5.769940
-7.876286
-7.940582
-7.050798
-5.518184
-4.195932
-2.771322
-1.107667
0.834298
0.789493
-0.605614
-3.104325
-5.476787
-7.363641
-7.367002
-6.480126
-4.890354
-4.333251
-3.558722
-2.031843
-0.608314
0.263421
-0.909197
-3.119113
-5.392963
-7.601842
-7.611320
-6.602699
-4.691033
-3.957570
-3.392264
-2.267610
-0.769105
-0.233880
-0.320416
-2.507428
-5.072888
-7.007826
-7.797492
-6.134113
-4.853834
-3.872359
-3.022629
-1.790903
-0.429646
0.214730
-0.798026
-2.576277
-5.375098
-7.831252
-9.111397
-7.385190
-5.708489
-4.434738
-3.307705
-1.823632
-0.191808
0.637506
-0.447379
-2.637843
-5.189786
-7.307333
-8.096711
-6.499155
-5.487884
-4.289898
-2.792191
-1.605382
-0.809796
-0.303475
-1.343673
-3.285816
-5.891157
-7.989979
-8.494854
-7.277512
-5.099483
-3.837272
-3.115895
-2.218397
-0.292106
0.308042
-0.525433
-2.568165
-5.111834
-6.711938
-7.058589
-5.608971
-4.916868
-3.942380
-2.673340
-1.482670
0.152463
0.784817
-0.328580
-2.372681
-5.137044
-7.188994
-7.156820
-5.360244
-4.029181
-3.128756
-2.396476
-1.348411
-0.478214
-0.288801
-1.598207
-3.723254
-6.101973
-7.567504
-8.205648
-7.074924
-5.851509
-4.389466
-3.188993
-1.616577
-0.632695
-0.480292
-1.045259
-3.038703
-6.125826
-8.462350
-8.738167
-7.386750
-5.845065
-4.150592
-3.555471
-2.140751
-1.053866
-0.104735
-1.417560
-3.233739
-5.361080
-6.938596
-7.449406
-6.494824
-4.896989
-3.992476
-2.424885
-1.154382
-0.313725
0.182548
-0.449322
-2.549441
-4.871935
-7.293781
-7.380285
-6.205996
-4.599368
-3.406052
-2.821819
-1.862999
-0.422584
-0.110251
-0.687823
-2.907388
-5.339050
-7.299720
-7.788460
-7.012251
-5.622496
-4.098845
-3.650937
-1.964181
-0.826434
-0.190551
-0.670318
-2.681962
-5.127701
-7.346511
-7.611986
-6.443887
-4.963346
-3.893601
-2.082584
-1.221903
-0.222260
0.215864
-0.073139
-2.718452
-5.257076
-7.019384
-7.723517
-7.084448
-5.622406
-3.923531
-2.548139
-0.844557
0.472157
1.285545
-0.076661
-2.411355
-5.012259
-7.211368
-7.774739
-6.529979
-5.113863
-4.106677
-2.676880
-1.222471
0.264763
0.963163
-0.553511
-3.036274
-5.617838
-7.554262
-8.211026
-7.545362
-6.060018
-4.498779
-2.877844
-1.487747
0.092171
0.922057
0.125903
-2.420280
-5.196688
-6.867832
-7.118645
-6.362246
-4.576399
-3.574313
-2.866846
-0.969436
0.571922
1.082686
-0.373164
-2.913098
-5.729398
-7.508909
-7.735848
-7.311740
-5.603069
-4.040810
-3.324050
-1.577503
-0.180606
0.162009
-0.442405
-2.461280
-5.364290
-7.675941
-8.444690
-6.795650
-5.144967
-4.272944
-3.707364
-1.933829
-0.666249
-0.431870
-1.013132
-2.710859
-5.457873
-7.380658
-8.121206
-6.791044
-5.945650
-4.352421
-3.310437
-2.083421
-0.460057
0.091259
-0.350239
-2.367756
-4.641060
-6.630816
-7.029992
-6.555970
-5.015749
-3.291107
-2.367513
-1.259449
0.213347
0.548001
-0.288747
-2.421023
-5.176421
-7.660184
-8.292714
-7.226271
-5.048277
-3.570670
-2.436646
-1.064145
0.481002
0.870120
0.497981
-2.429492
-5.475342
-7.670327
-7.938824
-7.191849
-5.672473
-4.366796
-3.234186
-1.625289
-0.131935
-0.082602
-0.902394
-2.597375
-5.282003
-7.032317
-8.270837
-6.404278
-4.316763
-3.577870
-2.858182
-1.502635
-0.039592
0.000838
-0.600934
-2.638268
-4.858220
-6.994073
-7.905033
-7.311211
-5.891114
-4.188892
-3.076029
-1.263760
0.173495
0.366589
-0.535506
-2.778351
-5.104174
-7.408368
-8.335546
-7.260686
-5.334728
-4.339712
-2.982726
-1.191442
0.256572
1.177426
0.124533
-2.167810
-4.975995
-6.832936
-6.744168
-6.217443
-5.118397
-4.137207
-2.998803
-0.902923
0.827868
1.506875
0.660726
-1.913634
-4.016990
-6.199522
-6.993168
-6.130431
-4.740613
-3.640736
-2.573460
-0.802811
1.186619
1.815009
0.776878
-1.340283
-4.033079
-5.893250
-6.669655
-5.537967
-3.680553
-2.829287
-2.253942
-0.990447
0.484401
0.840215
-0.158561
-1.824908
-4.462818
-6.807973
-7.461021
-6.497078
-4.897815
-3.410212
-2.422520
-0.916337
0.915433
1.258912
0.500449
-1.314605
-4.100148
-6.456133
-6.819725
-5.258172
-4.208076
-3.500090
-2.546787
-0.691331
0.858274
1.406655
0.293900
-1.629330
-4.868114
-6.519077
-7.238701
-5.753583
-4.066101
-3.549128
-2.455202
-1.071993
0.945973
1.809678
0.802287
-1.623247
-4.366848
-6.310575
-6.781531
-5.897585
-4.454571
-2.705560
-1.576650
-0.139492
1.208632
1.344241
0.545633
-1.503892
-4.394112
-6.640270
-7.055849
-5.584655
-4.360160
-3.073575
-1.878975
-0.121694
0.884938
1.735634
0.589889
-1.333587
-3.948661
-6.040081
-6.685669
-5.704902
-4.259577
-2.984588
-2.364434
-0.528194
0.848554
1.196589
0.303161
-1.644404
-4.270318
-6.777763
-7.923430
-6.624659
-4.859887
-3.547972
-2.069459
-0.695414
0.789851
1.873685
1.156272
-1.365438
-4.172663
-6.456554
-6.996941
-5.753297
-4.076167
-3.390617
-2.519937
-0.618950
1.226907
1.909640
0.884690
-1.464379
-4.178948
-6.221242
-7.188416
-6.620463
-4.818958
-3.936842
-2.714804
-0.763602
1.700605
2.413697
1.581800
-0.525138
-3.447805
-5.461338
-6.417243
-5.521914
-3.432260
-3.083473
-2.101013
-0.737415
0.781802
1.953586
1.032678
-0.804122
-2.868951
-4.921708
-5.532380
-5.065871
-2.975170
-2.211962
-2.096926
-0.164915
1.225097
2.619609
1.169171
-0.835688
-3.437632
-5.498381
-5.728431
-4.816882
-3.119330
-2.320414
-1.522590
-0.182686
1.710360
2.033772
1.514664
-1.113873
-3.816285
-5.976174
-6.405995
-5.019788
-3.705120
-2.979251
-2.370193
-0.655785
1.076868
1.839332
1.275908
-0.433187
-3.101144
-5.475143
-5.587761
-4.546463
-3.779995
-2.660355
-2.013573
-0.176603
2.073637
2.473403
1.427161
-0.544268
-3.217752
-5.822722
-6.866855
-6.154821
-4.251170
-2.779384
-1.980103
0.221407
2.088782
2.710984
1.566517
-0.754628
-3.242555
-5.138709
-5.758025
-4.809993
-2.686794
-2.663800
-1.692127
-0.094568
2.091168
2.917817
1.799123
-0.523320
-3.435466
-5.997898
-6.534783
-5.683329
-4.433846
-3.538192
-2.090970
-0.449526
1.113655
1.935811
1.353083
-0.702924
-3.221127
-5.278358
-6.393639
-5.011996
-3.483511
-2.282251
-1.185659
0.580883
1.925831
2.840027
2.360732
0.051683
-2.839509
-4.827602
-5.293250
-4.204210
-2.504210
-2.053764
-0.880137
0.801144
2.744141
3.683835
2.863650
0.459071
-2.070704
-3.924928
-4.113668
-3.473825
-2.507358
-1.790112
-0.941766
0.249741
1.894149
2.951510
2.118308
0.388827
-1.742483
-3.889693
-4.809436
-2.943016
-2.219429
-1.749079
-1.082074
0.751746
2.572870
3.460860
2.480963
0.452304
-2.170556
-4.664898
-5.250824
-4.327790
-3.176331
-2.156838
-0.718780
0.893242
3.191618
3.474347
2.256307
0.508325
-2.617946
-4.495452
-4.738018
-4.061388
-2.502172
-1.990699
-0.608077
0.615698
2.203951
2.700392
2.194337
0.163072
-2.365039
-4.429210
-5.672284
-4.837780
-3.181147
-2.194111
-0.909291
0.827813
2.791085
3.290370
2.287221
0.342835
-2.406897
-4.775570
-4.997623
-4.227379
-2.875760
-1.774875
-0.646886
0.936131
2.889300
3.327203
2.196271
0.122622
-1.887262
-4.291945
-5.203752
-4.548146
-3.334387
-2.196147
-1.346161
0.073382
2.872440
3.723590
2.508918
0.517360
-2.336682
-4.501658
-5.222948
-4.170510
-2.706126
-1.915700
-1.534627
0.295008
2.535571
3.632047
2.812005
0.638530
-2.032495
-3.895028
-5.086147
-4.350303
-3.030133
-1.981825
-0.385714
1.079556
3.107379
4.386480
3.562207
1.565262
-1.142184
-3.392618
-4.082306
-3.029984
-1.602533
-0.428366
0.160979
1.913929
3.939907
4.872987
4.249674
1.732951
-0.737181
-3.548491
-4.238843
-3.075120
-2.272420
-1.393331
0.276280
2.132219
3.764917
4.471963
3.548676
1.169237
-0.780561
-3.503778
-4.841091
-3.716137
-2.489963
-1.410867
-0.099173
2.240000
4.047332
4.606954
3.787806
1.549632
-0.844394
-2.900010
-3.008226
-3.045953
-1.878459
-1.386714
-0.605149
1.411791
3.813848
4.989636
3.954196
1.544802
-1.223037
-3.065881
-3.914239
-3.512413
-2.270175
-1.196860
-0.178116
2.098439
3.559203
4.020938
3.421954
1.103087
-1.092366
-3.941900
-4.625170
-3.952122
-2.526802
-1.282425
-0.150717
1.372707
3.519047
4.452135
3.413418
1.433917
-1.437160
-3.229041
-3.840610
-3.128174
-1.503281
-0.761043
-0.001616
2.231312
4.287180
5.011533
4.509370
2.230133
-0.711435
-2.730299
-3.340813
-2.806334
-1.316095
0.004552
1.357988
1.995271
4.221434
4.704156
4.214475
1.592580
-0.693687
-2.608929
-3.424062
-2.400154
-1.322448
-0.378587
0.864168
2.532599
4.516675
5.612649
4.668603
2.402924
0.289880
-1.307526
-2.514623
-2.154220
-0.557565
-0.229193
0.704260
3.024550
4.816566
4.979856
4.158984
2.088523
-0.299563
-2.911944
-3.382993
-1.685252
-1.274022
-0.658972
0.804404
2.465468
4.677991
5.227201
4.439372
2.625011
-0.146161
-1.963975
-2.957691
-2.079566
-1.005878
0.014308
0.966353
2.529956
4.296823
4.570951
3.731201
1.715939
-1.050169
-2.644409
-3.399003
-2.637504
-1.310884
-0.310535
0.467257
2.190539
3.990459
5.479024
4.704873
2.267812
-0.411612
-2.584188
-3.310112
-2.940159
-1.555511
-0.590684
1.286302
3.047435
5.056762
5.655343
4.563022
2.697504
-0.243130
-2.577916
-3.054395
-2.455914
-0.655204
0.178019
1.196221
2.763646
4.840283
5.347444
4.866256
2.530377
0.041425
-1.464691
-2.694527
-1.794375
-0.480565
0.755874
1.101319
3.186806
5.195127
6.292125
5.104970
2.789153
0.238730
-1.972282
-2.384789
-1.925859
-0.437469
0.247983
1.336276
3.144512
5.251315
5.787976
4.858243
2.370193
0.279737
-1.244275
-2.199785
-1.683055
-0.317763
0.201806
1.518915
3.355494
5.374822
5.625836
4.816625
3.453294
0.699198
-1.004226
-1.667210
-1.314219
0.106532
1.257478
2.379031
3.778073
5.819776
6.938195
5.794538
3.446155
1.025120
-1.147069
-2.049953
-1.788303
0.066068
1.348086
2.355252
4.103410
5.969628
6.340440
5.368218
3.084811
0.382146
-1.882743
-2.314877
-1.581796
-0.460595
0.249752
1.946971
3.552717
5.324964
6.168439
5.239244
2.924003
0.275055
-1.552935
-2.031906
-0.915189
-0.156991
0.577517
1.010261
2.480697
4.782948
5.773297
5.174317
3.000449
0.880912
-1.056040
-1.466235
-0.677735
0.821809
0.874372
1.494475
3.394382
5.315324
6.236903
5.329377
3.088680
0.774685
-1.107520
-1.858605
-0.871573
0.228333
1.171338
1.827610
3.659502
5.935126
6.603967
5.645532
3.411374
0.769837
-1.296317
-2.048491
-1.356220
-0.341092
0.614869
2.088593
4.140139
6.437984
6.979196
5.675277
3.440019
1.028189
-0.892171
-1.661416
-0.756404
0.699605
1.480647
1.624155
3.262278
5.268010
6.170918
5.240373
3.222708
0.669017
-0.950666
-1.175036
-1.115485
0.010327
0.865138
1.984940
3.511531
5.565778
6.141526
5.755212
3.980411
1.267131
-0.882618
-1.464544
-1.137038
0.423774
1.225188
2.043481
3.727933
5.654243
6.821677
5.826440
3.371802
1.033878
-0.747739
-1.406683
-0.266490
0.884711
1.423600
2.450463
4.212580
6.033914
6.732121
5.567868
3.447353
0.534384
-1.808908
-2.844692
-1.328607
-0.418706
0.501969
1.810173
3.627715
5.482091
6.581956
6.018170
3.216526
1.006066
-1.346478
-2.042995
-0.592603
0.833858
1.158834
2.237683
3.891179
5.806579
6.403836
5.599376
3.375970
0.948071
-0.646994
-1.554054
-0.231963
1.113126
1.437606
2.482277
3.698317
5.609155
6.160657
5.546357
3.296011
0.644346
-1.177463
-1.679386
-0.710622
0.263354
1.050897
2.411518
4.547864
6.167733
7.176717
6.171739
3.872005
1.787659
-0.176540
-1.017025
-0.465795
0.043141
1.184888
2.389971
4.547248
5.763207
6.701585
5.722260
3.693521
1.000917
-1.161417
-1.891428
-0.771029
0.248574
1.185927
1.901870
4.378264
6.347484
6.552955
5.216353
3.526195
1.507047
-0.573452
-0.902101
-0.718444
0.589250
1.432471
2.281051
4.032248
5.674434
6.309110
5.771556
3.932812
1.797531
-0.045376
-0.864596
-0.085692
1.013444
1.268418
2.037990
4.090982
6.241086
6.670938
5.693528
3.657973
1.346616
-0.589584
-1.133599
-0.235690
0.783072
1.448781
2.729498
4.897967
6.536029
7.125714
6.004079
4.519139
1.568141
-0.513043
-1.051213
-0.598424
0.739333
1.384646
2.417513
4.111568
6.129924
6.882451
5.680760
4.124527
1.897058
0.201889
0.293473
1.253123
1.869220
1.895764
2.422918
4.534429
6.781953
7.776292
6.421468
4.188217
1.924740
0.211106
-0.681267
-0.053838
0.821916
1.437022
2.633121
4.560536
6.159089
6.877603
6.224013
4.009505
1.664809
-0.504685
-1.128126
-0.368588
0.451840
1.466475
2.402065
3.931334
5.986859
6.603593
5.980855
4.324370
1.421344
-0.473392
-0.873712
-0.054040
0.949111
2.142194
2.792486
4.727456
6.268292
7.198640
6.208562
4.031844
1.129759
-0.791381
-1.387713
-0.643701
0.628549
1.654086
1.932341
3.630946
5.525699
6.209256
5.638667
3.315252
0.874964
-0.660809
-0.601874
0.134727
0.587457
1.330808
2.215978
4.282191
6.052754
6.417596
5.705155
3.858161
1.303501
-0.586531
-0.264331
0.522811
1.224536
1.797629
2.904327
4.524308
6.275704
7.400125
5.820867
3.756712
1.334208
-0.718213
-1.369611
-0.409101
0.886548
1.483329
2.800069
4.766759
6.468556
6.781997
6.483392
4.469018
1.967155
0.349767
-0.269599
0.435260
1.898875
2.545129
2.998723
4.704003
6.351357
7.254209
5.937432
3.765270
1.625741
-0.039730
-0.756925
-0.334107
1.178361
2.226762
2.889287
4.652001
6.565061
6.764688
6.441911
3.946680
1.170833
-0.535283
-0.888537
-0.125012
-0.135922
1.120772
2.323425
4.495349
6.709672
7.618396
6.289178
4.902741
1.913845
-0.290358
-0.590143
0.231204
1.279344
1.547954
2.389166
4.137865
5.632089
6.493062
5.834931
3.546111
1.273908
-0.952786
-1.567643
-0.077294
1.677144
1.503243
1.663698
3.849876
5.947793
6.492908
5.531640
3.846868
1.400416
-0.606217
-1.428908
-0.318728
0.680108
1.855229
2.898961
4.262078
6.161832
6.853593
6.419354
4.118160
1.953027
-0.350377
-1.310712
-0.699611
0.639974
1.069919
2.097569
4.305841
6.430688
6.844632
6.541730
4.442774
1.706810
-0.913541
-1.587590
-0.410335
1.223044
1.641704
2.549510
5.060224
6.991654
7.073308
5.904597
4.074535
1.383057
-0.337038
-1.091883
-0.663972
0.895257
2.071279
2.914582
5.211038
6.955213
6.892049
6.162677
3.479975
0.869426
-1.399312
-1.634023
-0.728234
0.739963
1.121770
1.623840
4.155616
5.835637
6.426274
5.940953
3.817850
1.574191
-0.690550
-1.362419
-1.022224
0.363555
1.008847
2.037106
3.808458
5.841550
6.609572
6.042611
3.951477
1.543826
-0.032854
-1.078645
-0.432153
0.973792
1.843471
2.591722
4.279859
6.415063
6.550029
5.445039
3.907322
0.866349
-1.307040
-1.857089
-0.395810
1.016280
1.694535
2.783980
4.081253
5.650109
6.943753
5.800187
3.939319
1.137731
-1.149613
-1.492602
-0.692229
0.636975
1.487126
2.155723
4.175458
6.063100
6.698747
5.672074
3.315375
0.867582
-1.040676
-1.346507
-0.156413
0.334571
0.942299
2.040028
4.042830
5.860267
6.605783
5.275275
3.498987
1.021432
-0.579935
-1.273011
-0.470153
0.897824
1.364940
2.404104
4.759545
6.147202
7.099935
6.398232
3.778506
1.150618
-1.280558
-1.857529
-1.073237
-0.191243
1.044305
2.589843
4.384545
6.429143
7.262420
6.033294
3.806210
1.425173
-0.644860
-1.611378
-0.773086
0.239022
0.980021
2.433960
4.468961
6.587319
7.107045
6.426469
4.189798
1.649128
-0.314374
-1.465581
-0.757501
0.541648
1.293337
2.666071
4.755498
6.720281
6.782353
5.922109
4.029471
1.109917
-0.715016
-1.181684
-0.269855
0.632369
1.454015
2.649206
4.158778
6.550786
6.895635
5.718163
3.748157
1.345877
-1.156164
-1.985641
-1.172633
0.428985
1.264836
2.462461
4.481065
6.292485
6.763288
6.457261
4.322461
1.577493
-0.551860
-1.720210
-1.066759
0.278602
1.608022
2.514529
4.803721
6.824628
7.436639
6.135827
4.437848
1.812926
-0.553133
-0.983225
0.654283
1.131198
1.650008
2.307533
4.147187
6.327397
7.374719
6.430730
4.164658
1.414990
-1.023381
-1.658049
-1.017565
0.292016
1.214953
2.775549
4.208649
6.555802
6.884168
5.680577
3.740487
0.920786
-0.906809
-1.320054
-0.616880
0.743617
1.438472
2.273503
4.528989
6.341401
7.255248
6.201125
3.889712
1.167307
-1.023344
-1.649550
-1.092394
1.001260
1.555028
2.374402
4.359628
6.364293
6.815709
5.972375
3.661069
0.914192
-0.929981
-1.578607
-0.987382
0.147878
0.841122
1.743726
3.473624
5.838357
6.631345
5.888844
3.593399
1.203258
-1.254580
-2.133231
-1.076263
0.454717
1.377657
2.771446
4.690892
6.218499
6.716849
5.573346
3.705596
0.855570
-1.109191
-1.606474
-0.613240
0.428842
1.029713
2.257722
4.058530
5.928042
6.847747
5.187943
3.341860
0.927511
-0.929150
-1.245084
-1.331677
-0.647185
0.891526
2.029656
3.989539
6.198594
6.573510
5.729011
3.535987
0.935087
-1.079376
-1.480422
-0.571293
0.710433
2.027513
2.366977
4.469478
6.539773
6.741086
5.836556
3.805937
0.930309
-1.152527
-1.718471
-0.651371
0.353406
0.826819
1.816000
3.930842
5.748860
6.253196
4.885655
2.615417
0.413241
-1.047017
-1.712064
-1.090563
0.335526
1.340991
2.049081
3.404463
5.156529
6.339631
5.302617
2.968328
0.166197
-1.635619
-2.965275
-1.721856
-0.346808
0.804308
1.586862
3.479987
5.744451
5.634721
4.898108
3.046091
0.620975
-1.701348
-2.326072
-1.073601
0.143270
0.813165
1.885507
3.758061
5.424516
5.978219
4.979047
3.039300
0.553104
-1.949754
-2.467146
-1.627570
0.003654
0.589436
1.657129
3.653538
5.425824
5.566056
5.156178
2.813818
0.430079
-1.611972
-2.295537
-0.971723
-0.005664
0.939283
1.908632
3.321432
5.437654
6.113673
5.720870
3.680235
1.199193
-1.086884
-1.617141
-1.118215
-0.283552
0.671403
2.049478
3.689795
5.246821
6.133115
5.095538
2.767194
0.025817
-1.487754
-1.441180
-0.120368
0.159015
0.654167
1.440079
3.504070
5.419492
6.039819
5.708310
3.462829
0.582435
-1.119119
-1.643997
-1.249962
-0.157290
0.744181
2.073099
4.300300
6.161069
6.386418
5.231032
3.517188
0.586113
-1.216482
-2.125391
-1.266159
0.545382
1.059058
1.780661
3.671321
5.624419
5.945077
5.549562
3.639664
0.704181
-1.547560
-2.154600
-1.441251
-0.556625
0.703323
1.787798
3.647603
5.782388
6.909247
5.446736
3.712122
1.231332
-0.864953
-1.507884
-0.794156
0.105309
0.806070
1.698646
3.957941
6.062024
7.180432
6.334786
3.769417
1.332489
-0.953276
-1.700174
-0.651295
0.386655
1.944213
2.784611
4.208874
6.102464
7.269570
6.760175
4.254166
1.769280
-0.531669
-1.723685
-0.723954
0.882188
1.614402
2.489303
4.674785
6.883626
7.532407
6.373994
4.349737
1.811267
-0.166012
-0.975631
-0.526080
0.327170
1.100085
2.252247
4.534554
6.277591
7.099025
5.926682
4.137421
1.600160
-0.225558
-0.522378
-0.793302
0.647084
1.745654
2.412197
4.529176
6.555282
7.577868
6.659745
4.810189
1.763370
-0.313937
-0.684035
-0.180221
0.509397
1.409247
2.606277
4.847322
6.716392
7.023648
5.848092
3.907162
1.431305
-0.431215
-1.436885
-0.555885
0.088033
0.941092
2.061988
4.310244
6.095534
7.302049
5.958714
3.344869
1.086307
-1.091651
-1.486018
-0.585877
0.263303
0.908570
2.281610
3.582748
5.475827
5.991607
5.335174
3.105849
0.954202
-0.912180
-1.558581
-1.160830
0.069657
0.508018
1.709448
3.215714
5.234611
6.089768
5.535230
3.503557
0.861742
-1.782933
-2.137545
-1.187785
-0.019837
0.816867
1.424071
3.557257
5.454953
6.241940
5.346200
2.822253
0.249791
-1.405063
-2.152426
-1.143632
-0.259332
0.394732
1.137925
3.916466
5.774076
6.315658
5.324674
3.053161
0.800531
-1.430151
-2.285334
-1.437045
0.083346
0.837073
2.165659
4.173340
5.885211
6.175813
4.947835
2.969684
0.314528
-1.867871
-2.653492
-1.272973
-0.722234
0.439273
1.340685
3.497860
5.531560
6.416186
5.799340
3.900742
1.090769
-0.733753
-1.492062
-0.391141
0.382211
1.292079
2.532526
4.458327
6.716445
7.549485
6.293334
3.759274
1.126531
-1.104705
-1.569530
-0.850815
0.381255
0.735541
2.383274
4.603921
6.883283
7.573735
6.381024
4.314995
1.411748
-0.880754
-1.454739
-0.589333
0.637069
1.452434
2.193565
3.996449
6.507463
7.521329
6.412881
4.346131
1.747786
-0.996273
-1.918845
-0.553699
0.563443
1.426793
2.186276
4.524308
6.960162
6.760436
5.778951
4.171664
1.432548
-0.861099
-1.661851
-0.763859
0.388503
1.221344
2.122600
4.429832
6.226995
7.204953
6.233148
3.604361
1.207159
-1.317000
-1.604250
-0.178872
0.849053
0.948982
1.976493
4.180962
5.952249
7.035825
5.862391
3.559662
0.723575
-1.503889
-2.298663
-1.711546
-0.235682
0.740477
1.761476
3.545199
6.075528
6.708535
5.846642
3.735180
1.146486
-1.238840
-2.391015
-1.484739
-0.295997
0.461267
1.255398
3.586520
5.305060
6.300906
4.930280
2.896412
1.085461
-1.218823
-1.907099
-1.088779
0.039903
0.649607
1.895020
3.733928
5.619899
6.132358
5.310021
3.215424
1.155696
-0.883839
-2.199411
-0.854192
0.606565
1.282310
1.896473
3.847795
5.814200
6.753736
5.240880
2.838614
0.046416
-1.326034
-1.623262
-0.905363
0.017325
0.722827
1.624836
3.604465
5.485730
6.241082
4.925954
2.630889
0.323935
-1.573190
-2.484553
-1.564204
-0.085225
0.319675
1.915589
3.735705
5.613442
5.940377
4.922528
2.383964
-0.335223
-1.923887
-2.677536
-1.750997
-0.043239
0.326176
1.297267
3.174007
5.437224
6.346879
4.835505
2.944901
0.426471
-1.991216
-2.896596
-2.173910
-0.748991
0.165073
1.761882
4.201226
6.199990
6.251763
5.439906
2.798409
0.754196
-1.149748
-1.823920
-1.295257
0.138047
0.982950
1.942279
3.814211
5.120456
5.753007
5.128503
2.639590
0.340497
-1.250950
-2.330983
-1.645307
0.076497
0.990286
2.134516
4.323393
5.674949
6.294511
5.406541
2.987468
0.684961
-0.847574
-1.281226
-0.837820
0.499290
1.119454
2.189539
3.722214
5.674459
6.064063
5.275582
3.394892
1.081856
-0.558337
-1.810118
-0.953432
0.065522
0.953455
2.143792
3.705220
5.953778
6.275445
5.658330
3.266479
1.198972
-0.932011
-0.805980
-0.286567
0.568019
0.690419
1.846424
3.530770
6.153298
6.676959
5.229070
3.626607
1.353436
-0.724841
-0.954259
-0.486099
0.596202
1.169241
2.450006
4.026411
6.245158
6.792756
5.692357
3.279702
0.675568
-0.664842
-1.416764
-0.368138
0.107558
0.483800
1.857716
4.105064
6.127685
6.890523
5.898412
3.407864
1.263477
-1.256502
-1.681189
-1.067634
0.254781
1.253611
2.220851
3.771499
6.555806
7.054311
5.076274
3.476324
1.119530
-0.664853
-1.307142
-0.581089
0.118320
0.882475
2.179282
4.467141
6.451118
6.838584
6.272391
3.932460
1.129303
-0.815370
-1.816104
-0.778885
0.432235
0.972890
2.234612
4.149904
6.682527
7.246572
5.307115
3.300094
0.484179
-1.156919
-2.037501
-1.794046
0.076224
0.968809
2.240630
3.940943
6.435136
6.993390
5.596761
3.392898
1.016421
-1.503105
-1.995516
-1.303920
-0.292269
0.130620
1.443529
3.570866
5.675118
6.325784
5.346837
3.002913
0.022823
-1.598121
-2.159678
-1.391479
-0.381547
0.824184
2.056573
3.996864
6.306909
6.374305
5.249942
2.803848
-0.104783
-1.839554
-2.640094
-1.891011
-0.798320
0.082730
1.516569
3.832550
6.197091
6.580447
5.297498
3.035089
0.913459
-1.672367
-2.266684
-1.938451
-0.654728
0.554489
1.591223
3.821719
5.801333
6.453286
5.764268
3.164608
0.677763
-0.994756
-1.643918
-1.021047
0.396605
0.936866
2.362667
4.164300
6.865079
7.045461
5.473977
3.415794
1.530055
-0.735396
-1.760363
-1.251591
-0.135329
0.622530
1.667485
3.755192
6.269086
6.994287
6.091146
4.137932
1.488379
-0.837106
-1.908190
-1.399832
0.017785
1.316196
1.676107
3.649042
6.026252
6.213471
5.334189
2.913584
0.308769
-1.969070
-1.898908
-1.610526
-0.134213
0.982457
1.907803
3.419851
5.532886
6.408212
5.351329
3.044817
0.506769
-1.651102
-2.340085
-2.073911
-0.698077
0.873418
2.966554
4.569407
6.694425
7.483922
6.653852
4.115790
1.518856
-0.641261
-1.830747
-0.805713
0.497399
1.591714
2.458792
4.435337
6.157281
6.956048
5.749848
3.727061
1.297441
-0.922876
-2.039136
-0.999538
0.198163
0.942961
2.156422
4.471444
6.784705
7.482587
6.196244
3.699451
0.896064
-1.040585
-1.397316
-0.967973
0.876403
1.476075
2.601516
4.401729
6.126393
6.672647
5.463071
3.071848
0.652047
-1.453606
-2.737197
-2.093738
-0.709309
0.585679
1.578012
3.765640
5.584596
5.991656
5.337323
3.511623
0.788298
-1.422046
-2.520495
-2.018972
-0.546859
0.559571
1.628716
3.996831
6.342328
6.742097
5.489179
2.834245
0.588448
-1.433319
-1.968356
-0.866522
0.285806
0.948368
2.116899
4.180898
6.234941
6.769006
6.195277
3.705455
1.000278
-1.243958
-1.599680
-0.568091
0.652781
1.081882
1.981817
4.267573
6.533097
7.064631
5.709794
3.770281
1.234641
-0.779167
-1.115478
-0.082456
1.578446
2.080279
2.576552
4.394860
6.722056
6.828271
5.964482
3.869464
0.900199
-0.684193
-1.333642
-0.833428
0.238999
0.906871
1.783689
3.834362
6.307416
7.226445
6.028150
4.329782
1.547345
-0.360490
-1.622550
-0.865262
-0.064267
1.254875
2.315101
4.720510
6.429465
7.153466
6.123635
3.848388
0.748434
-1.269334
-2.373416
-1.514344
-0.256113
0.787278
2.129553
4.325101
6.772555
6.834935
5.528304
3.429512
0.877389
-1.048584
-1.379360
-0.962228
0.081338
0.862872
2.245892
4.635736
5.944394
6.114636
5.744649
3.843947
0.633307
-1.374997
-1.861545
-0.829008
0.983617
1.305010
2.667167
4.284887
5.835233
6.350694
6.014985
3.729935
1.076106
-1.504522
-1.878469
-0.615835
0.072644
1.105036
1.812313
3.815686
5.690766
6.890429
6.123296
3.983591
1.309892
-1.273406
-2.261498
-1.120689
0.113608
0.644020
1.969858
4.099774
6.347316
7.159528
6.266389
3.838899
1.069757
-0.992915
-1.255479
-0.104476
0.993571
1.224532
1.986221
4.204419
6.502246
7.471343
5.846732
3.811890
1.752679
-0.304478
-1.587942
-1.359282
-0.012351
1.169413
2.321573
3.964505
6.323560
7.064797
5.694730
3.661140
0.869492
-0.722054
-2.103134
-1.736562
-0.342840
0.128516
1.381704
3.542043
5.839665
6.932889
6.117301
3.754646
1.121900
-1.146796
-1.918758
-1.322005
-0.169623
0.589429
1.949521
4.791360
7.067391
7.443166
6.227799
3.875067
1.173122
-0.359352
-1.285749
-0.965397
0.078198
0.288424
1.323385
3.523359
5.626163
6.912633
5.955003
3.449165
0.691497
-1.504976
-2.679060
-1.553410
-0.735268
0.475554
2.211070
3.926455
6.111753
6.730510
6.550838
4.073797
1.757083
-0.983888
-2.342718
-1.354722
0.298289
0.830390
2.066609
4.414911
6.295838
6.777871
5.737742
3.623628
0.998900
-0.934574
-1.248343
-1.168032
0.039315
0.393929
1.675027
3.372835
5.960965
6.995097
5.948552
4.089097
1.392278
-1.095890
-1.838027
-0.579367
0.321004
1.068913
2.010911
3.874199
5.933417
6.579497
5.597932
3.520819
0.584310
-1.765598
-2.356443
-1.796029
-0.157841
1.431488
2.014652
3.670172
6.121255
6.825376
5.564202
3.199142
0.985158
-1.549419
-2.600935
-1.596371
-0.385692
0.577391
1.353131
3.258756
5.510301
6.108407
5.631124
3.012064
0.052312
-2.005527
-2.942215
-2.172481
-0.407469
-0.093315
0.884950
3.322049
5.262628
6.138841
5.270478
3.164750
0.763639
-1.640798
-2.737267
-2.004416
-0.525275
0.887598
1.995482
3.584680
5.304395
6.156619
4.768426
2.665312
-0.026258
-1.993264
-2.509554
-1.702102
-0.333142
0.806133
2.094700
3.740308
5.974013
6.847518
5.428769
3.486157
0.305519
-1.988518
-2.528775
-1.686235
-0.053403
0.800428
1.912727
3.776259
5.831498
6.803636
5.370868
2.976062
-0.067183
-1.922801
-1.970026
-1.359359
0.245708
0.971422
1.277816
2.819648
4.861276
5.600945
4.607537
2.905455
0.101235
-1.674282
-1.952479
-1.183310
-0.116076
0.423533
1.716249
3.302074
5.360595
5.771276
4.719159
2.350230
0.094249
-1.431786
-2.342814
-2.215358
-0.447246
1.065826
2.232174
4.109210
5.903516
6.580333
5.035512
2.675765
0.132651
-1.873302
-2.447814
-1.575006
-0.570390
0.854795
1.936302
3.705103
5.558513
5.978713
5.560025
2.325417
0.045086
-1.975060
-2.870039
-1.872300
-0.052419
0.524655
1.755109
3.783074
5.443938
6.077474
5.097396
3.147828
0.930936
-1.269607
-1.819076
-1.008155
-0.381472
0.411260
2.130208
4.069288
5.983163
6.302165
5.102799
3.463705
0.260972
-1.403314
-1.492064
-0.800525
0.021953
0.962763
2.166760
4.003978
5.676793
6.191525
5.156203
2.821035
0.478497
-1.188381
-1.554787
-0.936495
0.124312
1.329030
1.858313
3.413025
5.466252
6.355256
5.793494
3.356976
0.856750
-0.888871
-1.554421
-0.837962
0.179069
0.900810
1.959213
3.530210
5.808000
6.201173
5.145593
2.735620
0.352888
-1.610508
-1.929983
-1.337679
0.351962
0.817598
2.053760
3.787034
6.083592
6.369088
5.275182
3.060961
0.960880
-1.004691
-1.893712
-0.776152
0.750915
1.585813
2.629099
4.746690
6.464883
7.094647
5.503392
3.410852
0.527698
-1.601382
-1.741584
-0.485463
0.510758
0.889317
1.919576
3.725567
5.415898
6.002793
5.029042
2.508372
0.327536
-1.953681
-1.998337
-0.813188
0.299581
1.718398
2.746474
4.210953
6.006627
6.392884
5.277055
2.845262
0.443197
-1.397879
-2.112982
-1.778208
-0.214892
0.339490
1.530842
3.791109
5.832801
6.992982
5.506803
3.559918
0.424285
-1.347403
-2.070200
-1.536419
0.183114
1.078365
2.453122
4.202246
5.916722
6.566552
5.705035
3.383438
0.902136
-1.321286
-2.539639
-1.497567
-0.226293
0.336240
1.585498
4.480844
6.164372
7.186574
5.443995
3.113752
0.963132
-1.243639
-1.868560
-0.970460
0.175899
0.769906
1.754795
3.466007
5.884976
6.562814
5.898190
3.152699
0.913939
-0.935271
-1.392387
-0.224847
0.062713
0.481899
1.455215
3.753825
6.003026
7.080213
6.287564
3.559507
0.714946
-0.926136
-1.673059
-0.744115
0.232614
0.714816
1.967770
3.895137
5.935124
6.706618
5.791150
3.537608
0.796054
-0.389428
-0.988499
-0.764853
0.692534
1.150516
2.606427
4.319282
5.922400
7.228347
5.841252
2.975455
0.840429
-1.573598
-2.241953
-1.071281
0.274600
0.886456
1.948450
3.549412
5.490361
6.050647
5.082314
3.547841
1.066700
-0.702942
-1.964029
-1.048282
1.133018
1.164940
2.085937
4.349421
6.786605
7.109597
6.227319
3.276353
0.538339
-1.189952
-1.722754
-0.946922
0.262673
0.546203
1.671441
3.795216
5.934497
6.590272
5.493316
3.179613
0.678056
-2.049859
-2.360099
-1.090974
0.011405
0.596556
1.697021
3.811568
5.779599
6.498830
5.560193
3.105879
1.018436
-1.363028
-2.312575
-1.733321
-0.548186
1.141953
2.163898
3.584159
5.879821
6.154386
5.393775
3.262284
0.154308
-1.933287
-2.759130
-1.593867
-0.368308
0.477880
2.337053
4.013597
5.470016
6.220511
5.828958
3.049070
0.518660
-1.603022
-1.890360
-1.587297
-0.589466
0.145456
1.395846
3.423236
5.756068
6.632045
5.260158
3.225430
1.095965
-0.924325
-1.731319
-0.798619
0.480781
0.990169
2.008408
3.784917
5.748027
6.768823
5.511258
3.582329
1.265661
-0.690958
-0.760740
-0.667918
0.323579
1.269502
2.370574
4.309094
6.141912
6.888070
5.510030
3.401050
0.546803
-1.253110
-2.320625
-1.418530
-0.083901
1.160287
2.095467
4.082364
6.340070
7.255559
5.648715
3.686718
1.098348
-1.358294
-2.735578
-1.795062
-0.456388
-0.154138
1.716979
3.784188
5.658795
6.516904
5.452756
3.334751
0.388179
-1.445587
-2.140108
-1.684992
-0.526228
0.316896
2.072031
4.276777
5.828721
6.590322
5.732331
3.044469
0.529476
-1.388779
-2.305314
-1.437772
0.032027
0.935789
2.250730
4.235778
6.526698
6.251328
5.597760
2.927311
0.272598
-1.833716
-2.633310
-1.843650
-0.107011
0.293856
1.641314
3.759150
5.634583
6.131112
5.517125
3.167112
0.578823
-1.673579
-1.635192
-0.792953
0.330939
1.585855
1.968142
3.998130
5.478206
6.145738
5.327420
3.070478
0.445652
-2.107333
-2.687520
-1.553378
-0.317972
0.416120
1.605592
3.859215
5.496785
6.144296
5.420785
3.107130
0.523758
-1.903168
-2.972270
-1.432127
-0.326283
0.404210
1.169709
3.529479
5.848546
6.907895
5.697404
2.991126
0.607038
-1.466402
-2.379422
-1.882222
-0.535919
0.781941
1.691255
3.305418
5.965383
6.924298
5.628499
3.621202
1.207413
-1.671394
-2.239961
-1.437211
0.035291
0.677154
1.320366
3.590322
5.510900
6.191129
5.119752
2.959348
0.446580
-1.809070
-2.340685
-1.742614
-0.380225
0.434173
1.287816
3.187358
5.147252
6.160029
4.774339
2.642627
0.179227
-2.072950
-2.388226
-1.398840
-0.237401
0.376932
1.501895
3.440649
5.044629
6.020104
5.169328
3.030931
0.488638
-1.775399
-2.085085
-1.451202
-0.404206
0.208712
1.299819
3.109785
5.262042
6.199384
5.514400
3.502004
0.440129
-1.339407
-2.255942
-1.704303
-0.021125
0.561586
1.184531
3.921966
6.227986
6.808612
5.648370
3.065140
0.319777
-1.606799
-2.276007
-1.164403
0.342055
0.611144
1.382162
3.463262
5.941377
7.009957
5.865438
3.101616
0.279002
-1.231318
-2.003800
-1.279892
0.411136
0.800941
2.220706
4.113969
6.114364
6.754056
5.940324
3.525263
0.974395
-1.765863
-2.941434
-1.978339
-0.746457
-0.192014
1.208438
3.883030
5.684220
6.193467
5.040345
2.631848
-0.081804
-1.898411
-2.342067
-1.396618
-1.087648
0.048723
0.977489
2.689623
5.220971
5.757710
5.047379
3.310388
0.410460
-1.519835
-2.143046
-1.144029
0.737292
0.510873
1.999592
4.573602
6.324189
6.811940
5.642041
3.538919
0.537370
-1.707170
-2.830358
-1.478360
-0.138448
0.895840
1.648994
3.825992
6.299775
6.820050
5.910825
3.210320
0.263133
-1.276636
-2.325468
-1.560944
-0.193863
0.613064
1.629744
3.521000
5.472035
6.057624
4.933763
2.923101
0.135939
-1.899487
-2.842639
-2.131208
-1.293033
-0.358267
0.728976
2.833932
4.541823
5.853734
4.938348
3.393373
0.735789
-0.885673
-1.306711
-0.779851
0.142646
0.783778
1.350945
3.837399
5.955081
6.747758
5.567128
3.619436
0.685896
-1.873636
-2.342106
-1.348338
0.259152
1.023569
2.281314
4.678710
6.406480
7.020513
6.095582
3.226306
0.750131
-0.891244
-1.614294
-1.128922
0.059717
1.719707
2.681761
4.614991
6.163640
6.722604
5.676368
3.658783
0.662032
-1.133447
-2.055219
-0.890361
0.265922
0.408360
1.697923
3.253046
5.864688
6.769670
4.787953
2.784465
0.166890
-2.171239
-2.727672
-1.707198
-0.386008
0.246024
1.525306
4.164109
6.378037
6.863580
5.777831
3.990341
1.445567
-1.163865
-1.956492
-1.220015
-0.011264
0.422364
1.660436
4.055221
6.162169
6.488584
5.484775
3.313176
0.794844
-1.179089
-1.730160
0.000226
1.080403
1.556211
1.911414
4.235040
5.704814
6.883443
5.502709
3.455874
0.539602
-2.027156
-2.408602
-1.687112
-0.191164
0.529481
1.817634
3.706296
5.210713
6.337964
4.985227
2.782426
0.717230
-1.787275
-1.954994
-1.455528
0.034961
0.376249
1.550681
3.348309
5.152059
5.295060
4.924838
2.731386
-0.186104
-2.973789
-3.854540
-2.819404
-1.671319
-0.526415
1.491695
3.593943
5.250348
5.983125
4.840898
2.917478
0.144868
-1.978755
-2.629140
-2.147189
-0.665097
0.226805
1.114367
3.526326
5.439126
6.120002
5.079827
3.104806
0.136463
-1.984375
-2.294374
-1.079573
-0.041419
1.136073
1.532282
3.702560
5.466100
6.019036
4.502166
2.375615
-0.412085
-2.294815
-2.531987
-1.200878
-0.265804
0.932337
1.505947
2.853495
5.301133
