6.098891
5.875831
3.441674
0.681535
-1.466380
-1.858375
-1.499605
-0.180454
0.441722
1.637377
4.029402
5.718169
6.500445
5.773795
3.458364
0.799406
-1.106499
-2.218283
-1.840309
-0.530774
0.300074
1.547642
3.725425
6.441955
6.884038
5.526381
3.035312
0.186111
-1.536491
-2.337651
-1.451291
0.701917
1.292350
2.350632
3.954255
5.763375
6.406196
4.824107
2.639021
0.224152
-2.325633
-2.691517
-1.564254
-0.437001
0.382540
1.618966
2.795227
5.114459
6.413632
5.233260
3.324177
0.481644
-0.667481
-1.987711
-1.300948
0.371741
0.673783
2.085305
3.849758
5.326596
6.436013
4.731896
2.503656
-0.499565
-2.402924
-3.281751
-2.594763
-0.949579
-0.069179
1.012338
3.240791
5.396213
6.211270
4.765986
2.484287
-0.253478
-1.995901
-2.365450
-1.083154
0.224264
0.874944
1.661422
3.520851
5.759471
6.610358
5.208354
2.804272
-0.414085
-1.994194
-2.793858
-2.160004
-1.035883
-0.123359
1.281882
3.345791
5.544158
5.634849
4.616378
2.391553
0.046001
-2.161329
-2.655945
-1.840160
-0.799147
-0.072302
1.777065
3.817868
5.773528
5.916848
4.622429
2.955393
0.395811
-2.123119
-2.526522
-1.564990
-0.722913
0.191018
1.238747
3.364010
5.662848
5.851272
5.094010
2.631326
0.389948
-1.974610
-2.685537
-2.092247
-0.617245
0.646728
2.070067
3.603557
4.985503
6.240081
5.011416
2.879909
-0.166905
-2.697384
-3.054904
-2.456873
-0.613950
0.382027
1.516773
3.927213
5.906932
6.329467
5.073695
2.595730
-0.176855
-2.284193
-2.735278
-1.546874
-0.418112
0.621012
1.204133
3.027868
5.010978
6.005801
5.323340
2.724523
0.831638
-1.365810
-2.414494
-1.701418
-0.020319
0.831739
2.178919
3.840834
5.624732
6.582356
5.268538
3.195673
0.431372
-1.173220
-1.584536
-0.608746
0.337857
0.572583
1.866761
4.217092
6.065410
6.736472
5.751594
3.414680
0.696110
-1.488398
-2.321996
-1.591882
-0.102797
1.185266
1.990586
4.143010
5.995774
6.835048
6.017657
3.135926
0.856317
-1.557677
-2.300702
-1.423939
-0.451590
0.541746
1.574511
3.764753
5.815085
6.427245
5.281926
3.445223
0.622069
-1.471761
-2.484969
-1.668201
0.185496
1.056016
2.141521
3.972322
5.712869
6.530354
5.886800
3.732047
0.697659
-1.903650
-2.644845
-1.750337
-0.106503
1.426420
1.809346
3.324350
5.488023
6.198890
5.194364
3.354173
0.738274
-1.331203
-2.127894
-1.361293
-0.176974
1.081923
2.472189
3.807067
5.730617
6.501113
5.335582
3.312314
0.800528
-1.537604
-2.383516
-1.628052
0.296666
0.333372
2.091299
4.302220
6.085462
6.371699
5.491481
3.037123
0.168786
-2.078315
-2.921492
-2.210199
-0.991300
0.195065
1.085825
2.899538
5.082154
5.593371
4.624014
2.403593
-0.057899
-2.341359
-2.992239
-2.969279
-1.567448
-0.677419
0.964586
3.445880
5.480046
6.279805
4.686802
2.342438
-0.071720
-2.311869
-2.547735
-2.326150
-0.381943
0.690794
2.228005
3.398992
5.274697
6.023768
5.246289
3.412192
0.743939
-1.451569
-2.530684
-1.304255
-0.130988
0.801428
2.209311
3.641578
5.666196
6.463054
5.191298
2.418736
0.002230
-2.286201
-3.107756
-2.599815
-0.943179
0.315803
1.748745
3.318745
5.057620
5.515288
4.896827
2.850834
0.532022
-1.551441
-1.935760
-0.873010
0.815763
0.846880
1.790028
4.016305
5.913417
6.199325
5.376206
2.726163
-0.085313
-1.899126
-2.653885
-1.896394
-0.328283
0.056709
1.451862
3.618189
5.614886
6.248479
5.058818
2.959448
-0.023655
-2.375374
-3.442012
-2.387066
-0.847156
0.165808
0.971351
2.983809
4.772727
5.624290
4.426304
2.575092
-0.325114
-2.544474
-2.890699
-2.708109
-0.959502
-0.331643
0.384453
2.264484
4.194389
4.763942
4.458106
2.410595
-0.341935
-2.939980
-2.905420
-2.417856
-1.161309
-0.418656
0.435038
2.679257
4.829623
5.480414
4.879279
2.489773
-0.270357
-2.652430
-3.072742
-1.652787
-0.513949
0.144837
0.619010
2.876427
5.231383
5.798736
4.615521
2.129014
-0.673643
-2.993132
-3.889331
-2.725445
-1.324430
-0.151381
1.227137
2.885755
4.876239
6.191918
4.811818
2.379480
-0.084820
-2.606385
-3.052533
-2.877604
-1.022146
-0.118402
0.914091
3.014190
5.512977
6.255324
5.184117
2.521537
-0.426278
-2.598565
-3.132543
-2.508322
-1.582089
-0.546054
0.471116
2.268787
4.377115
5.099420
4.294491
2.136588
-0.559455
-2.471545
-3.478425
-3.131414
-1.339537
-0.005412
1.301847
3.316387
5.060580
5.434318
4.729058
2.254351
-0.444096
-2.119894
-2.483087
-2.431705
-0.732910
-0.102998
0.521068
2.582704
4.864329
5.268783
4.409560
1.862074
-0.926215
-3.057825
-3.793050
-3.037680
-1.159204
-0.203307
0.491428
2.548423
4.918996
5.424956
4.482327
1.930244
-0.892355
-2.661408
-3.171465
-2.525065
-1.438475
-0.373774
0.842658
2.851298
4.834340
5.369761
4.951921
2.169334
0.081002
-1.817408
-2.427451
-1.286664
0.219281
0.760091
1.893721
2.993129
4.741744
5.735797
4.419222
2.190027
-0.623331
-2.610044
-3.014197
-2.797367
-0.681181
0.571787
1.085896
2.399580
4.340706
5.142367
4.034557
1.938778
-0.727052
-2.387179
-3.188447
-2.313863
-0.175603
0.347961
1.391808
2.593571
4.516754
5.012477
3.792073
1.486629
-1.464718
-3.377562
-4.415232
-3.520605
-1.428302
-0.115231
0.799002
1.928093
3.648557
4.959275
3.842075
1.591213
-0.720798
-2.945055
-3.609536
-2.593507
-1.276443
-0.465071
0.190248
1.728365
3.648596
4.568038
3.475340
1.411039
-1.313274
-3.733830
-4.666408
-3.720757
-1.424784
-1.017840
-0.136940
2.009336
4.161160
4.769637
4.081869
1.219369
-0.919432
-2.612480
-3.573845
-2.980801
-0.942447
-0.612355
0.079414
1.933963
3.571218
4.110071
3.274652
1.415168
-0.780029
-2.807623
-3.458224
-2.676778
-1.065648
-0.037042
0.475556
2.199514
4.125207
5.036981
4.269101
1.619595
-0.521515
-2.207292
-3.215391
-2.598784
-1.475101
-0.285488
1.402381
2.945301
5.159263
5.896592
5.064643
2.688863
0.065245
-1.790861
-2.118371
-1.200016
0.215426
0.677560
1.621040
3.505439
4.530027
5.328849
4.042669
1.658785
-0.722375
-2.846068
-3.682212
-3.061080
-1.437988
-0.780818
0.424518
2.363193
3.906851
5.036462
4.399476
2.341049
-0.632352
-2.516939
-2.998288
-2.009715
-0.462781
0.105656
0.686099
2.221491
4.006608
4.869601
4.279322
1.779086
-0.818998
-2.718453
-3.814231
-2.459888
-1.136221
0.179656
0.955109
2.219098
4.138719
5.090487
3.903182
1.676087
-0.959221
-3.294851
-4.079699
-3.805549
-2.359003
-0.801647
0.375385
2.025161
3.867095
4.716267
3.338349
1.110641
-1.527505
-3.749268
-4.169056
-3.425681
-1.971533
-0.922941
0.158762
1.740542
3.226555
4.412685
3.258688
1.093691
-1.447567
-3.871183
-4.771195
-3.405278
-1.977772
-1.384377
-0.057619
1.597079
3.251756
4.080724
3.588176
0.912870
-1.464417
-3.282611
-3.497225
-2.887654
-1.556339
-0.112498
0.983415
1.916833
3.367073
4.022880
3.440871
1.186861
-1.579520
-3.452484
-4.169508
-3.406624
-1.875154
-0.394063
0.453675
1.902228
3.493174
4.334621
3.366069
1.193425
-1.359090
-2.754131
-3.080802
-1.708527
0.212094
1.005168
1.124497
2.572568
4.222933
4.518478
3.890370
1.168095
-1.337934
-3.865676
-4.866039
-3.769590
-2.335100
-0.943803
-0.036999
1.389659
3.102953
3.875993
2.985984
0.774469
-1.571751
-3.315964
-2.995746
-1.824878
-0.209800
-0.046401
0.738867
2.138208
4.058004
4.965251
3.956932
1.225533
-1.752093
-3.393944
-3.864510
-2.480268
-1.120088
-0.297433
0.637093
2.307182
4.347924
4.875585
3.813234
1.415300
-1.596830
-3.588191
-4.023900
-3.230759
-1.661746
-0.253619
0.719415
1.419500
3.108394
3.898034
3.336456
1.210218
-1.340020
-3.648523
-4.411922
-3.231136
-2.036464
-1.013713
-0.088840
1.573318
3.537569
4.475934
3.391957
1.444568
-1.642416
-3.498195
-4.011975
-2.769420
-1.033793
-0.821781
0.052485
1.440536
3.296242
4.195132
3.204928
1.002171
-1.261328
-3.802295
-4.175596
-3.082077
-2.005210
-1.154578
-0.138213
1.586304
3.421505
3.757446
2.860832
0.908580
-2.029915
-3.775393
-4.695322
-3.797954
-2.483804
-1.238634
-0.054338
1.614611
3.739421
4.334676
3.130430
1.077094
-1.302396
-2.685555
-2.914841
-2.149314
-0.728736
0.011811
0.925865
2.352822
3.650704
4.424169
3.543243
1.373418
-1.372110
-3.336312
-3.743359
-2.827339
-1.082999
-0.385632
0.647605
2.191003
4.053933
4.449632
3.844374
1.029116
-1.792615
-4.007923
-4.736277
-3.623605
-2.047004
-0.790186
0.432034
2.016226
3.833049
4.384835
3.374871
1.342980
-0.984366
-2.909478
-3.765406
-2.584914
-0.678283
-0.417591
-0.087401
1.623418
3.534690
4.200940
3.578179
0.631835
-1.442995
-2.837945
-3.443003
-2.163321
-0.782477
-0.417059
0.771508
1.747071
3.132991
3.445922
2.919080
1.188613
-1.774728
-4.329700
-4.929816
-3.872096
-2.645469
-1.103062
-0.173038
1.395169
3.820418
4.892665
3.928343
1.302451
-0.802549
-3.166203
-3.945563
-2.699238
-1.301402
-0.104877
0.029470
1.495795
3.060080
4.214828
3.142794
1.301241
-0.966177
-3.478341
-4.072695
-3.620467
-1.385005
-0.475378
0.330879
1.442590
3.350484
3.809710
3.335846
0.863143
-2.196259
-4.550138
-5.008443
-3.867838
-2.131268
-1.156808
0.029336
1.193573
2.825546
3.318171
2.502145
0.690946
-2.263818
-4.633726
-5.255997
-3.472674
-2.453079
-1.288276
-0.050653
0.632763
2.057799
2.653920
1.520923
-0.210814
-3.132739
-4.963270
-5.561053
-4.137924
-2.322259
-1.699656
-0.661769
0.638449
2.387863
2.931756
1.735282
-0.221974
-2.540582
-4.879353
-5.347979
-4.926373
-2.232772
-1.219692
-0.570736
0.988980
2.031313
2.382124
1.664674
-0.323487
-2.696768
-4.171281
-4.809906
-3.702698
-1.988526
-1.229339
-0.569034
0.483182
1.826644
2.759533
2.256187
-0.141612
-2.474379
-4.152249
-5.232601
-3.708080
-1.476214
-0.485925
0.054976
1.169892
2.778480
3.167843
2.349413
0.616253
-2.080614
-3.730408
-3.567402
-2.824435
-0.739343
0.533685
1.213250
2.155602
3.530334
4.348790
2.480708
0.217505
-2.504859
-4.386856
-4.448593
-3.299124
-1.872319
-1.133149
0.040233
1.483773
2.870602
3.569758
2.915236
0.651314
-2.056498
-4.401335
-5.034982
-4.475129
-2.230132
-1.168095
0.045151
1.194313
2.602363
3.513813
2.600532
0.738652
-1.980696
-3.873571
-4.280462
-3.118235
-1.780707
-0.985244
-0.113450
1.239254
2.822229
3.304351
2.509326
0.024543
-2.028115
-4.027476
-4.501342
-3.541543
-2.052011
-0.989084
0.391073
1.268319
2.532576
3.090996
2.147278
0.151974
-2.199714
-4.304662
-5.109303
-3.551641
-2.177068
-1.191002
-0.424977
1.085875
2.120715
3.205888
2.744542
0.643747
-1.884536
-4.033864
-4.478883
-2.974725
-1.561614
-0.679518
0.367109
1.462528
3.076128
3.490275
2.249104
0.114865
-2.383072
-4.282839
-4.431289
-3.010034
-1.759456
-0.561128
0.185651
1.220208
2.607599
3.310211
2.347386
0.131025
-2.537416
-3.642756
-3.933722
-3.534934
-1.481799
-0.372983
-0.035327
0.961139
2.174807
2.897754
0.967972
-0.834717
-3.338957
-4.799338
-5.280176
-4.445540
-2.690444
-1.663495
-1.156770
0.598603
1.992010
2.071486
1.568154
0.210800
-2.161221
-4.320489
-4.757366
-3.191934
-1.552567
-1.181010
-0.599627
0.742076
2.190345
3.006011
1.806684
-0.476757
-3.176674
-4.830429
-5.546044
-4.652236
-2.689026
-1.136571
-0.276875
0.807531
2.176992
2.652123
1.570323
-0.724190
-3.236253
-4.888797
-5.427992
-4.101750
-2.752868
-1.592236
-0.835607
0.534511
2.083585
3.577468
3.057067
0.940707
-1.719617
-3.819970
-4.335828
-3.452400
-1.578330
-0.992742
-0.441734
0.724394
2.858553
2.955110
1.951224
-0.375341
-3.371063
-5.293983
-5.883580
-4.952035
-2.871009
-1.537639
-0.792460
0.151346
2.088447
2.118218
1.732574
0.348929
-2.062587
-3.981834
-3.807897
-2.926435
-1.378304
-0.844234
-0.181596
1.112288
2.317709
2.633259
1.847908
0.181939
-2.029929
-4.424764
-4.882009
-3.561627
-2.036002
-1.180116
-0.538281
0.638381
1.953296
2.659649
1.579715
-0.805497
-3.173009
-5.445716
-6.027592
-4.825482
-3.248997
-2.749187
-1.459149
0.430702
2.123236
2.521588
1.480852
-0.458228
-2.414736
-4.495734
-4.112658
-4.057703
-2.037612
-1.332906
-0.657855
0.333920
1.532756
2.406586
1.467062
-0.208112
-2.552286
-4.482868
-4.790987
-2.856992
-1.687491
-0.729533
-0.030670
1.090587
2.737948
3.919557
2.490613
0.477431
-2.224449
-4.509318
-4.994090
-4.543061
-2.350299
-0.336682
0.355797
1.593214
2.847786
3.356721
2.072918
-0.416192
-2.901355
-4.765779
-5.033045
-3.364559
-2.095160
-1.313979
-0.756819
0.950776
2.294674
2.942102
2.142257
0.032412
-2.346910
-3.811188
-4.728700
-3.660420
-1.632771
-0.573560
0.307896
1.297039
2.055511
2.386020
1.471864
-0.429258
-3.087577
-4.988378
-5.078243
-4.364413
-2.694243
-1.668452
-1.071659
0.163373
1.381279
1.550865
0.806352
-1.159818
-2.929523
-4.776250
-5.273435
-4.334424
-2.993489
-1.977038
-0.856564
0.388078
2.416806
2.817326
2.210326
0.466084
-2.219618
-4.398433
-4.332582
-3.165126
-1.848264
-0.913575
-0.496166
1.330787
2.945244
2.849194
1.334050
-0.798205
-3.242331
-4.896740
-5.135542
-3.937066
-1.987178
-1.867859
-1.080832
0.363423
2.018001
2.657982
1.121518
-0.997215
-3.013986
-4.907253
-5.392509
-4.486999
-2.485280
-1.369050
-0.771783
0.015807
1.387683
1.504215
0.998674
-0.609325
-2.708381
-4.404860
-5.081158
-3.962887
-2.236405
-0.896361
-0.505157
1.006398
2.554691
2.750627
1.209643
-0.548531
-2.984443
-4.780739
-5.006634
-3.879401
-1.870036
-0.601661
-0.232842
0.937210
1.884045
1.994794
1.109161
-0.925793
-3.403137
-4.730530
-4.985190
-3.881600
-2.280145
-1.428998
-0.718815
0.286451
1.973546
1.607152
0.462669
-1.252479
-3.553980
-4.827103
-5.110563
-4.159735
-2.130879
-0.959071
-0.390219
0.387840
1.411072
1.761528
0.802054
-1.323873
-3.985793
-5.229910
-5.192702
-4.782199
-3.109420
-1.695933
-1.021950
0.063163
1.572553
2.293150
1.098174
-1.018532
-2.824390
-4.156071
-4.494447
-3.957717
-1.948249
-0.733357
-0.847773
0.390271
1.528214
2.003586
1.005836
-1.323508
-3.387334
-5.203414
-5.679904
-4.339199
-3.080928
-1.847833
-1.029613
0.269723
1.176300
1.261424
0.905519
-1.263155
-3.381437
-5.237060
-5.618471
-4.345557
-2.949447
-1.408978
-0.815274
0.506569
2.025532
1.475988
0.314609
-1.652204
-3.743415
-5.268985
-5.298613
-4.502570
-2.635364
-1.474076
-0.640676
0.184410
1.106621
1.629188
0.416910
-1.331022
-3.517257
-4.843560
-5.458991
-4.457890
-2.549664
-2.067716
-1.516322
-0.460963
1.181806
1.584323
0.554999
-1.753923
-4.134938
-5.238509
-4.749269
-4.231077
-2.718223
-1.218371
-0.762622
-0.333503
0.650799
1.122638
0.430567
-1.471386
-3.884703
-5.577437
-6.210734
-4.573582
-2.938277
-1.680438
-1.233180
-0.269112
0.766772
0.844557
-0.314980
-2.096513
-4.412517
-6.383256
-6.276095
-4.837194
-2.755494
-2.015288
-1.444273
-0.364757
0.788239
0.981036
-0.016585
-2.262354
-4.197403
-5.601591
-5.543950
-5.327938
-4.002460
-2.829330
-1.882556
-0.535331
0.139720
0.728907
-0.548481
-2.305014
-4.277162
-5.791254
-6.345081
-4.504725
-3.107816
-1.995904
-1.760973
-0.551770
0.739976
1.433177
0.709631
-1.436785
-3.865582
-5.410180
-6.119609
-4.215219
-2.299800
-1.087476
-0.631275
-0.306535
1.192779
1.876265
0.834770
-1.199016
-3.691100
-5.062485
-5.741999
-4.839340
-2.677857
-1.415805
-0.578695
0.439101
1.989918
2.431027
1.017865
-0.712357
-2.892431
-4.642158
-4.671227
-3.937337
-2.220988
-0.388864
-0.360644
0.524035
2.079500
2.118194
0.943110
-0.950498
-3.190666
-5.107470
-5.727097
-5.072592
-3.364964
-1.566459
-0.682810
0.168180
1.777140
2.357432
0.832133
-0.921247
-2.895125
-4.165886
-4.491221
-3.363017
-1.669053
-0.179732
0.140270
0.786738
2.235516
2.763014
1.407667
-0.593696
-2.832838
-4.800716
-5.413229
-3.866754
-2.263127
-1.029532
-0.509089
0.236115
1.298039
1.526896
0.171438
-1.737219
-4.222106
-5.498813
-5.333568
-4.579990
-3.046460
-1.553842
-0.980439
0.092708
0.890367
1.201674
-0.009296
-2.321221
-4.061610
-4.924522
-5.036225
-4.293054
-2.534467
-1.140346
-0.928606
0.196581
1.106374
1.032015
-0.250856
-2.008015
-4.039156
-5.246223
-5.295862
-4.831052
-2.899631
-1.762475
-1.380569
-0.502929
0.817215
1.087865
-0.397472
-2.395980
-4.865309
-6.569408
-7.168702
-5.637075
-3.391177
-2.277228
-1.581366
-0.651134
0.601426
0.619992
-0.961584
-2.799442
-4.864758
-6.564591
-7.327855
-6.010632
-4.201619
-2.431046
-1.953618
-0.689199
-0.140153
0.454020
-0.598742
-2.594625
-5.079884
-6.524391
-6.220762
-5.139236
-3.711387
-2.239858
-1.812986
-0.529293
0.633379
0.986069
-0.123281
-2.528189
-5.103887
-6.802473
-6.779091
-5.351334
-3.654233
-2.403058
-1.531484
-0.682103
0.233297
0.434212
-0.753746
-3.107032
-5.277131
-7.098864
-6.903149
-5.273623
-3.272006
-1.732951
-1.415082
-0.471363
0.694956
1.267325
0.364013
-1.924211
-4.049491
-5.182612
-4.841604
-4.136178
-2.532306
-1.135417
-0.279136
0.368135
0.700963
0.358861
-0.086604
-2.551250
-4.888585
-6.488348
-6.222962
-4.775865
-3.447967
-2.403968
-1.887609
-0.139252
0.308575
0.561425
-0.734131
-2.885849
-4.965796
-6.513776
-6.920190
-5.247107
-3.763679
-2.437732
-1.703394
-0.761345
0.471624
0.543730
-0.501118
-2.702715
-4.866442
-6.732357
-7.285978
-6.427376
-3.805299
-2.164390
-1.658588
-0.340535
0.515624
0.335836
-1.088316
-3.110666
-5.482416
-6.833847
-6.769545
-5.458815
-3.598765
-2.275241
-1.869336
-0.350990
0.749187
0.409009
-0.810340
-2.939509
-5.123000
-6.365619
-6.172996
-5.067567
-2.921393
-1.799787
-1.206695
-0.549799
0.068051
0.699065
-0.820457
-2.803491
-5.154360
-7.167675
-7.417855
-5.807502
-4.133241
-2.417548
-2.077271
-1.055480
0.054556
0.276999
-1.035188
-3.080266
-5.331777
-6.446013
-6.106551
-4.635142
-2.854114
-1.404088
-1.342415
-0.783796
-0.523883
-0.528319
-1.135962
-2.755989
-4.908271
-6.665062
-6.661215
-6.023126
-3.911746
-2.765105
-1.572134
-0.616917
0.594104
0.771942
-0.832995
-3.045610
-5.518036
-6.843932
-7.536307
-6.170883
-4.462714
-2.959504
-2.529435
-1.178313
-0.198117
0.031157
-1.156101
-2.745766
-5.419951
-6.939240
-7.341357
-6.414902
-4.407857
-2.840640
-2.344528
-1.818477
-0.762087
-0.978865
-2.084401
-3.584869
-5.869704
-7.248770
-7.299388
-6.175486
-5.105041
-4.155718
-3.382175
-1.891959
-0.643945
-0.040022
-1.102191
-3.224577
-4.975471
-6.085853
-5.499963
-4.808072
-3.144315
-1.763106
-1.342378
-0.230954
1.035071
0.422937
-0.679293
-3.094824
-5.418990
-7.106993
-6.932123
-6.615460
-4.646777
-3.187503
-2.059869
-0.813562
0.180073
0.788115
-0.596369
-2.447779
-4.930311
-6.338595
-6.377543
-5.404575
-3.793046
-2.563699
-1.635411
-0.814436
0.359456
0.251030
-0.427146
-2.250166
-5.094126
-6.530477
-6.815754
-5.133951
-3.301099
-2.031657
-1.562925
-0.458678
0.319443
0.134438
-0.733616
-3.116628
-5.270702
-6.668529
-7.239436
-5.454344
-4.136687
-3.184175
-2.556076
-1.074742
-0.262371
0.177922
-1.364323
-3.488990
-5.687498
-7.074746
-6.786486
-5.498116
-3.847766
-2.582452
-2.171017
-0.861532
-0.194340
-0.016213
-0.971553
-2.827728
-5.102611
-6.890795
-6.858993
-5.846116
-4.357234
-2.586093
-2.414425
-1.375165
-0.462042
-0.351349
-1.373178
-3.613350
-5.892167
-7.181230
-6.908867
-4.854315
-2.738769
-1.889928
-1.957583
-0.575177
-0.312651
0.129150
-0.990891
-2.661407
-4.936941
-6.265698
-6.944942
-5.752379
-3.529889
-2.407229
-2.020512
-1.338828
-0.425686
-0.178298
-1.533099
-3.378738
-5.303779
-6.629403
-6.291120
-5.575990
-3.989469
-2.188636
-1.371350
-0.938028
-0.400489
-0.401364
-1.504743
-2.671805
-5.411680
-7.158983
-7.398565
-6.546880
-4.116092
-3.069421
-2.318656
-0.944217
0.237602
-0.227018
-0.753028
-3.022099
-5.782198
-7.226953
-7.663464
-5.396129
-3.810842
-2.687678
-1.812434
-1.032896
-0.412212
-0.593575
-1.733948
-3.681742
-5.905915
-7.657892
-7.997439
-7.068727
-4.844688
-3.122851
-2.603771
-1.776342
-1.141774
-0.958636
-1.993022
-3.975564
-5.713487
-7.591551
-7.978803
-6.702427
-4.540598
-3.830763
-2.909727
-1.700577
-0.854590
-0.412316
-1.168452
-3.781918
-5.397744
-6.812119
-6.334482
-6.295843
-4.020020
-2.966562
-2.482071
-1.175664
-0.235815
0.105364
-1.348697
-3.241065
-5.548279
-7.350649
-7.323624
-6.448074
-4.994480
-3.386149
-2.714300
-1.387421
-0.452790
-0.197603
-1.135542
-2.575011
-4.750257
-5.608913
-5.713838
-4.695485
-3.305924
-2.161006
-1.987726
-1.255458
0.035589
0.079251
-1.145978
-3.306675
-6.044725
-7.122499
-6.734869
-5.534108
-3.755683
-2.370490
-1.955493
-0.768308
-0.274612
-0.180696
-1.554090
-3.739667
-6.351105
-7.665876
-7.469595
-6.052844
-4.581905
-3.560577
-2.531697
-1.044600
-0.302566
-0.362402
-1.357135
-3.349440
-5.443754
-6.805026
-6.709295
-5.931524
-4.442387
-3.067755
-2.224817
-1.429112
-0.266182
0.291048
-1.254252
-2.867381
-5.335359
-6.233724
-5.965706
-5.067994
-3.888068
-2.798856
-2.171483
-0.836064
-0.227318
-0.035118
-1.506364
-3.132749
-5.346667
-7.016553
-7.583616
-6.865804
-4.885161
-3.395283
-2.449902
-1.355325
-0.017112
-0.180845
-1.622996
-3.558324
-5.982482
-7.503757
-7.432024
-6.355873
-4.782575
-3.057310
-2.287876
-1.104362
-0.166891
-0.446102
-1.792950
-3.355860
-5.522772
-6.775281
-6.684138
-6.074838
-4.286353
-2.608578
-1.900031
-0.785595
-0.007976
0.108342
-0.786200
-3.094159
-5.152142
-6.630550
-6.447369
-5.297015
-3.323543
-2.657012
-1.908195
-0.648577
-0.209907
-0.420588
-1.431959
-3.174041
-5.710334
-7.251057
-7.169295
-5.736998
-4.133493
-3.095762
-2.274583
-0.950068
-0.112979
-0.132979
-1.390628
-3.290208
-5.348301
-6.776381
-7.161120
-5.265464
-3.954099
-2.621930
-2.188175
-1.534064
-0.655391
-0.057876
-1.632769
-3.460099
-5.182602
-6.634432
-7.010024
-6.158717
-4.003773
-2.939395
-2.382178
-0.959026
-0.137507
0.122600
-1.466895
-3.454942
-5.876658
-8.096999
-8.547199
-6.882209
-4.693971
-3.727151
-2.739618
-1.367409
-0.495538
-0.220613
-0.973016
-3.143370
-5.265020
-7.184375
-7.612784
-5.457972
-3.503867
-2.603567
-2.258806
-1.056700
-0.186562
0.792665
-0.135222
-1.846745
-4.243097
-5.702476
-5.334830
-4.403991
-3.468596
-1.801681
-1.412655
0.714163
1.394249
0.929333
-0.505422
-2.606196
-5.393814
-7.007784
-7.689217
-6.344684
-4.679482
-3.693748
-2.577450
-1.184340
-0.080179
0.112281
-1.428072
-3.488261
-6.010844
-7.875034
-8.097352
-6.503222
-4.978460
-3.925541
-3.042575
-1.612678
-0.607430
-0.605086
-1.582044
-3.329780
-5.420334
-7.167336
-7.011554
-6.499287
-4.762893
-3.843189
-3.166133
-2.157804
-0.674843
0.380309
-0.324459
-2.932665
-4.915181
-6.580817
-6.834421
-5.346642
-3.930349
-3.104757
-1.841087
-0.643787
0.125482
0.338378
-0.227140
-2.407948
-5.189616
-7.279214
-7.531474
-6.849061
-4.580310
-3.159829
-2.877118
-1.457688
-0.026162
0.125300
-1.209424
-3.424791
-5.914458
-7.592719
-8.455496
-7.645926
-6.043196
-4.155646
-3.252106
-2.004204
-0.557622
-0.845595
-1.986245
-4.019094
-6.112481
-7.766399
-7.835264
-6.297218
-4.747217
-3.436940
-2.607667
-1.563608
0.106112
0.242631
-1.204083
-3.115910
-5.302232
-6.927468
-7.189905
-4.805579
-3.666589
-2.765480
-1.991154
-0.811704
0.015440
0.312908
-1.076823
-3.254959
-5.967386
-7.932300
-7.958808
-7.374949
-5.326822
-3.869555
-2.839261
-1.584130
-0.137434
0.198397
-0.911027
-2.998896
-5.842891
-7.696745
-8.315325
-7.377150
-5.682311
-3.871605
-2.526410
-1.766250
-1.239449
-0.648715
-1.699147
-3.434429
-5.790464
-7.467067
-8.704448
-7.829348
-5.965191
-4.222539
-3.269633
-1.787081
-0.823563
-0.238150
-1.801681
-3.370572
-5.804262
-7.605762
-7.814413
-7.375822
-5.382882
-3.529387
-2.025476
-1.368097
-0.578921
-0.373123
-1.243749
-3.449693
-5.890230
-8.191147
-7.973805
-6.990142
-4.540772
-3.215846
-2.351197
-1.394420
0.251114
0.503076
-1.083327
-3.018478
-5.272150
-7.059159
-6.984816
-6.177553
-4.203279
-2.891642
-1.873586
-0.837455
0.185270
0.032964
-1.051558
-3.353136
-6.010328
-8.088704
-8.421559
-7.500175
-5.400054
-3.994304
-2.928025
-1.975610
-0.402624
-0.262600
-1.171349
-2.826322
-5.613819
-7.614610
-7.688923
-6.426133
-5.013164
-4.042424
-3.233992
-1.943424
-0.909011
-0.505721
-1.310170
-3.272735
-5.687732
-7.626101
-7.489906
-6.217838
-4.964977
-3.461396
-2.672780
-1.491687
0.217597
1.193402
-0.243365
-2.192942
-4.655173
-6.711746
-7.162213
-5.816772
-3.745153
-3.182220
-1.778827
-0.704322
0.070177
0.470934
-0.917228
-3.412739
-6.154281
-7.927925
-8.619845
-7.579279
-5.043991
-4.233022
-3.655208
-1.462661
-0.224439
-0.004567
-0.716172
-3.116900
-5.798767
-7.742960
-8.011964
-7.204873
-5.224111
-4.257038
-3.073270
-2.124665
-0.757370
-0.733215
-1.625980
-4.245205
-6.428236
-7.952435
-8.602799
-7.726206
-6.341817
-4.618360
-3.646691
-2.693119
-1.534701
-1.154197
-2.227252
-3.700614
-6.130006
-7.890429
-8.166537
-7.727260
-5.483558
-4.462543
-3.572937
-2.205625
-1.074928
-0.224536
-1.037265
-3.515146
-5.858014
-7.772049
-7.997286
-7.110092
-5.183974
-4.204359
-3.491879
-2.188087
-0.880551
-0.284987
-1.507459
-3.706528
-6.555670
-8.783821
-9.287413
-8.143597
-6.609116
-4.814163
-3.924892
-2.760848
-1.354126
-1.103078
-1.692515
-3.623561
-5.863220
-7.160544
-7.957765
-6.824739
-5.503522
-3.551773
-2.923129
-1.662161
-0.707793
-0.309820
-1.557946
-2.793685
-4.767384
-7.244396
-7.099509
-6.307276
-4.592077
-3.790586
-3.549125
-2.018377
-0.376883
-0.503345
-1.396792
-3.635010
-6.030179
-7.953496
-8.746256
-7.684279
-5.851970
-4.488653
-3.247935
-2.134486
-0.885020
-0.262136
-1.333894
-3.428949
-5.948557
-7.841883
-7.686842
-7.177708
-5.430811
-3.734234
-2.679516
-1.611050
-0.122750
0.325310
-1.106471
-3.257611
-5.441404
-7.092319
-7.049378
-6.111641
-4.034810
-2.698491
-2.185611
-1.444038
0.352092
0.466275
-0.888054
-3.493814
-5.155188
-7.464439
-7.652766
-5.974806
-4.289273
-3.539309
-2.665450
-1.131042
-0.385344
0.352555
-0.466962
-2.347146
-5.656538
-7.858769
-8.314795
-7.061471
-5.727142
-4.617461
-4.074147
-2.539449
-1.198153
-0.381471
-0.725899
-3.146935
-5.618235
-7.695218
-8.495406
-7.145898
-5.698193
-4.278212
-3.249558
-1.749714
-0.708636
-0.110866
-1.230823
-3.175888
-5.386600
-7.494279
-8.174904
-6.655522
-4.860070
-4.005984
-2.991251
-1.779294
-0.135083
0.233520
-0.454598
-2.692725
-5.923908
-7.856021
-8.763412
-7.305097
-5.448746
-4.693357
-3.568989
-1.650245
-0.357621
0.329826
-0.076716
-2.805467
-5.688353
-7.973461
-8.412004
-6.969428
-5.656794
-4.433167
-3.137271
-1.353184
0.100169
0.572106
-0.884280
-2.581668
-4.751898
-6.618934
-7.268443
-6.213313
-4.370947
-3.490561
-2.198053
-1.041817
0.712532
0.490677
-0.755407
-2.616870
-5.003062
-7.005321
-7.710965
-6.616073
-4.732371
-3.093435
-2.081877
-0.851555
0.520134
1.164624
-0.087564
-2.446281
-5.719027
-7.327024
-7.511837
-5.892690
-3.950078
-2.948537
-2.540751
-1.242507
0.159949
0.709825
-0.854299
-3.097070
-6.019092
-8.104652
-8.432761
-6.920228
-5.367126
-4.075734
-3.631179
-2.050356
-0.485721
-0.049375
-1.041549
-2.998963
-5.425399
-7.481988
-8.171741
-7.350767
-5.911311
-4.476759
-3.684952
-2.005082
-0.851396
-0.605239
-1.287543
-3.290632
-5.743664
-7.665616
-8.965315
-7.808085
-5.621793
-4.244061
-3.805344
-2.100837
-0.721200
-0.517329
-1.051751
-2.784115
-5.473896
-8.207522
-8.572891
-7.757447
-6.037516
-5.166871
-3.872646
-2.824527
-1.109375
-0.185058
-0.629349
-3.238029
-5.819118
-8.112528
-8.768882
-7.344172
-5.845867
-4.444882
-3.369905
-2.006401
-0.696115
0.126611
-0.763288
-3.647868
-5.906491
-7.733655
-8.507493
-7.462075
-5.212739
-3.776917
-3.332469
-1.667118
-0.489715
0.474146
-0.845860
-3.332525
-6.172719
-8.124023
-8.070322
-6.999369
-4.883195
-3.602086
-3.320974
-1.563579
0.381636
0.257959
-1.294810
-3.909138
-6.406624
-8.056398
-8.424502
-7.172801
-5.997621
-4.674161
-3.757876
-1.901733
-0.570919
0.555388
-0.245829
-2.649382
-5.470607
-7.864784
-8.356277
-6.623034
-5.418139
-4.010536
-3.495008
-1.753840
-0.528951
-0.045977
-0.380839
-2.735785
-5.210324
-7.664915
-8.488804
-6.838957
-5.141661
-3.480775
-2.962245
-1.529045
-0.176856
0.650861
-0.203275
-3.085843
-5.505122
-7.680241
-7.719268
-6.231592
-5.014956
-3.882640
-3.606769
-2.013170
-0.163812
0.273812
-1.189326
-3.538835
-6.114784
-7.758832
-8.579045
-7.289378
-5.547787
-4.407864
-3.806187
-2.179606
-0.504889
0.075093
-0.770053
-2.883253
-5.263397
-7.245999
-7.957109
-6.912304
-5.232351
-3.338179
-2.786304
-1.582962
-0.173636
1.010823
-0.043008
-2.572461
-5.761048
-7.918683
-8.486523
-7.740915
-5.639749
-4.579074
-3.169724
-1.724146
-0.034913
0.679118
-0.129653
-2.444497
-4.845992
-6.755427
-7.334626
-5.703659
-3.607769
-2.868542
-2.313488
-1.321009
0.094481
0.244010
-0.585029
-2.973834
-5.486876
-7.614262
-8.763981
-7.521541
-5.493224
-4.110900
-2.805674
-1.223077
0.084394
0.748453
-0.286748
-3.197016
-5.803008
-7.225461
-8.187376
-7.066986
-5.737297
-4.483828
-2.568019
-1.198722
0.602952
0.668151
-1.124310
-3.049058
-5.301583
-7.285380
-8.507496
-7.037307
-5.702462
-4.453243
-2.866748
-0.940966
0.004909
0.285291
-0.152501
-2.260009
-4.671481
-6.786256
-6.886534
-5.654745
-4.339283
-3.175917
-2.460093
-1.102200
0.796594
1.358474
0.387334
-1.888011
-4.379007
-6.748751
-7.835094
-6.777911
-4.736085
-3.317060
-2.158492
-0.934822
0.667469
1.045811
0.344006
-2.638297
-5.359481
-7.437735
-8.092360
-7.301243
-5.380100
-3.915362
-2.913157
-1.760121
-0.361423
0.477210
-0.525548
-2.659499
-5.524691
-8.031609
-8.754793
-7.768595
-5.212042
-4.358512
-3.460076
-1.729562
-0.319782
-0.186254
-0.989903
-3.168433
-5.667738
-7.901215
-8.260770
-7.582445
-5.937558
-4.600633
-3.291771
-1.461801
0.259749
0.757953
-0.201996
-2.534369
-5.546252
-7.732140
-8.355602
-6.812710
-5.088016
-4.075080
-3.080902
-1.956899
-0.322456
0.343145
-0.777086
-3.293297
-6.038471
-8.130962
-8.339699
-7.650392
-6.047259
-4.449668
-3.079197
-1.459300
0.313701
0.525581
-0.297057
-2.117680
-4.613328
-7.183870
-7.430654
-5.913464
-3.539363
-2.645829
-1.928963
-0.232508
1.138741
1.672025
-0.080449
-2.439734
-5.121363
-7.446404
-7.933812
-7.052765
-5.757185
-4.429088
-3.290685
-0.981049
0.910067
0.937564
0.280013
-2.204355
-4.675612
-7.027296
-7.835625
-6.962077
-5.701862
-4.126657
-2.448779
-0.766588
1.248872
2.054242
0.481099
-1.519026
-4.344942
-6.317619
-6.638174
-5.992467
-4.984888
-3.851496
-2.409722
-0.763637
0.979218
1.557523
0.541446
-2.025161
-4.624730
-7.192964
-7.629374
-6.729012
-5.384722
-4.014802
-2.666862
-1.190516
0.348355
0.945020
0.459700
-1.940681
-4.541010
-6.681531
-6.817954
-6.008126
-4.135461
-3.644855
-2.665168
-0.717105
1.306362
1.745303
0.752982
-1.038146
-3.842962
-5.852746
-6.854482
-5.758079
-4.444148
-3.198552
-2.111442
-0.385167
1.340924
2.514699
0.917863
-1.422262
-4.317936
-6.233934
-6.788462
-6.203279
-3.945816
-3.249162
-2.083217
-0.704465
0.900283
1.629846
0.458959
-1.934678
-4.977356
-6.729022
-7.343217
-6.313643
-5.285223
-4.276756
-2.975082
-1.297124
0.474418
0.864982
-0.137563
-1.897254
-4.740455
-6.885824
-7.420933
-6.718699
-4.696896
-3.774793
-2.551588
-0.570651
0.840693
1.100558
0.292252
-1.840893
-4.803812
-7.207206
-7.900903
-6.748388
-5.298081
-3.668959
-2.299816
-0.491410
1.073506
0.974391
0.159738
-1.703528
-4.830379
-7.058916
-7.662415
-6.238578
-5.209554
-4.162767
-3.103717
-0.981685
0.924836
1.927689
0.374780
-2.149211
-4.477849
-6.332258
-6.994824
-5.780624
-5.255623
-4.419231
-3.164700
-1.070479
0.994045
1.370166
0.992789
-1.413786
-4.055901
-6.065544
-7.125222
-6.388952
-5.100644
-3.283301
-1.725163
0.122640
1.454355
1.820658
1.485236
-1.279068
-4.234552
-6.490867
-7.347828
-5.660986
-4.472297
-3.579313
-2.213524
-0.699517
0.907578
1.287782
0.403643
-1.634718
-4.202084
-6.476872
-7.537647
-6.235253
-4.811888
-3.659221
-2.365318
-0.755357
1.381433
1.877915
0.865924
-0.993866
-3.756437
-6.268094
-6.934063
-6.763900
-5.696800
-3.900801
-2.857708
-1.084081
0.801671
1.897285
0.764729
-1.263997
-4.181779
-6.481788
-6.854768
-6.168436
-4.975786
-4.098937
-2.241336
-0.210128
1.270963
1.406072
0.469695
-1.541579
-4.101605
-6.011247
-6.897120
-5.960617
-4.101892
-2.866469
-1.462983
0.337786
1.801576
2.216651
1.024301
-1.208894
-3.168275
-5.076102
-5.676427
-4.813918
-3.861475
-2.701540
-1.782903
0.103568
1.410695
1.817012
1.407126
-0.767804
-3.106862
-5.475749
-5.509166
-4.865891
-3.723419
-2.601413
-1.279100
0.482237
2.112792
2.802701
1.894710
-0.414754
-3.501825
-6.169847
-7.475351
-6.449784
-4.149631
-3.511137
-2.213762
-0.203032
2.123978
2.889640
1.666124
-0.320448
-3.457741
-6.299662
-7.532097
-6.679163
-5.005611
-3.573924
-2.596352
-0.514150
1.286211
1.951078
1.428933
-1.039826
-3.609116
-5.756348
-6.371540
-5.855432
-4.835929
-3.432537
-1.863387
-0.315877
1.453720
2.158187
1.526631
-0.704616
-3.602672
-5.670034
-6.320487
-5.836201
-4.156972
-2.869642
-1.506254
0.672488
2.489871
3.136097
2.156169
-0.349318
-3.241332
-6.056114
-7.330929
-6.456217
-4.645742
-3.471507
-2.007232
0.008423
1.411155
2.091790
1.282197
-0.547044
-3.404885
-5.857722
-6.621644
-5.327625
-3.673515
-2.677213
-1.493126
-0.170504
1.781878
2.536218
2.090894
-0.822114
-3.822059
-6.084103
-6.780831
-5.984173
-4.565685
-3.231874
-1.665175
0.480464
1.856170
2.336553
1.360671
-0.971715
-3.676611
-5.691125
-6.478703
-5.582086
-3.689723
-3.157257
-1.424232
0.415170
1.983975
2.426095
1.776162
-0.343683
-3.331685
-5.651838
-7.224627
-6.632188
-5.001597
-3.665335
-2.585002
-0.032130
1.847989
2.914491
2.067518
0.231771
-2.903152
-5.749149
-6.301107
-5.226750
-4.105736
-3.526398
-1.664094
0.728973
2.697308
3.009233
1.859464
-0.335088
-2.825108
-5.579511
-6.570189
-5.315683
-4.128132
-3.104898
-1.998490
0.012330
1.954024
3.020254
2.410289
-0.263059
-3.113967
-5.173184
-5.646524
-4.415297
-3.085806
-2.567778
-1.285464
1.417148
2.331101
3.479947
2.319306
0.358523
-2.351504
-4.727362
-5.231646
-4.125016
-3.122916
-1.783098
-0.522919
1.205373
3.104261
4.080657
3.464997
0.799098
-2.041844
-4.399436
-5.122563
-4.599202
-3.079823
-2.080754
-1.119737
0.477226
2.773565
3.917278
3.338767
1.326575
-1.518065
-3.548248
-4.178934
-3.362294
-2.832720
-1.394767
-0.051600
1.683337
3.739516
4.646335
3.388476
0.851323
-1.922994
-3.889998
-4.457710
-3.117923
-2.227269
-1.101279
0.732116
2.306086
3.444412
3.995527
3.626618
1.427939
-1.737916
-4.035782
-4.726703
-3.332626
-1.766222
-0.835707
-0.025411
1.190289
3.300492
4.365642
3.388891
1.203356
-1.943048
-4.233917
-4.992336
-3.932280
-3.062778
-2.045933
-1.007416
0.975650
3.144244
4.002904
3.172433
0.355210
-1.888661
-3.959284
-4.311570
-4.141811
-2.803288
-1.624577
-0.680353
1.045318
3.488735
4.367496
3.465285
0.832636
-1.611440
-4.243905
-4.941017
-3.835679
-2.329355
-1.592996
-0.600209
1.062375
3.363067
4.045426
3.555564
1.578011
-1.134219
-3.398091
-3.864237
-2.924820
-2.049837
-1.520045
-0.187913
1.655607
3.822301
5.250295
3.924851
1.344138
-1.745424
-3.902776
-4.982241
-3.807513
-2.137144
-0.930460
0.430799
1.907823
3.919631
5.332717
4.247142
1.630073
-1.080725
-3.240869
-3.486963
-3.246425
-2.074209
-1.233902
0.259748
1.660819
3.530791
4.495989
3.536932
2.078269
-0.494711
-3.209063
-4.539952
-2.627223
-1.720083
-0.609387
-0.016083
2.182220
3.841388
4.854300
3.835492
1.615374
-1.057512
-2.853896
-3.669170
-3.066155
-1.365323
-0.656651
0.062888
1.689231
3.622976
4.646270
3.723743
2.092185
0.414365
-2.412592
-3.133883
-2.483098
-1.200593
-0.518854
0.869415
3.035706
5.153438
5.331344
4.163530
1.605639
-0.906065
-2.684671
-3.740246
-2.964093
-1.769819
-0.527426
0.584382
2.703606
4.880118
5.543452
4.840831
2.233789
-0.484013
-3.017766
-4.178932
-2.996949
-1.275842
-0.291306
0.946643
3.538711
5.266557
5.577952
4.337802
2.218060
-0.380139
-2.523430
-3.296222
-2.872179
-1.456564
-0.246418
0.577817
2.618137
4.555113
5.573882
4.652662
2.537665
0.010604
-2.169584
-3.136076
-2.553891
-0.728439
0.359672
1.382353
3.279365
4.890088
5.807508
4.901660
2.885693
0.175240
-1.975571
-2.540581
-1.900843
-0.413041
0.746739
1.522914
3.694069
5.357982
5.777987
5.091876
2.910213
0.822941
-0.506888
-1.856812
-1.434266
0.062140
0.425918
2.228800
3.909972
6.067344
6.580695
5.226050
3.401855
0.888211
-1.111170
-1.485782
-1.544888
-0.434575
0.249814
1.541323
3.863729
5.597566
7.026748
6.448661
4.093575
1.543136
-0.835951
-1.417723
-1.378863
-0.294673
0.992649
2.425012
4.236323
6.409682
6.776544
5.840301
3.619914
1.537026
-0.500560
-1.449594
-0.809475
0.815131
1.416385
2.451524
4.328403
6.307876
6.947463
6.007480
4.048280
1.572950
-0.460141
-1.037210
-0.578996
0.646979
1.129049
2.237136
3.820739
5.908134
6.087676
5.085774
2.949343
0.389970
-1.311236
-1.835411
-1.121621
-0.440152
0.446038
1.791909
3.339558
5.143729
6.529872
6.039411
3.307201
1.017719
-1.348737
-1.912234
-1.275237
-0.448667
0.782229
1.922459
3.608865
5.709859
6.642676
5.691640
3.408983
0.635728
-1.262229
-1.852477
-1.046082
-0.327283
0.749341
1.836497
4.046428
5.893054
6.185794
5.598468
3.326210
0.052669
-1.808787
-2.730063
-1.782942
0.054027
0.472919
1.607774
3.394802
5.506028
6.118371
5.240979
2.781681
0.268936
-1.664684
-2.280277
-1.561996
-0.315293
0.305076
1.222075
3.058616
5.027904
5.477386
4.664188
2.955359
0.795973
-1.675751
-2.536778
-1.317622
-0.313853
0.855724
1.822126
3.212891
5.809470
6.639728
5.339547
3.489097
1.125621
-1.134979
-1.590334
-1.091624
0.111840
1.204999
2.291558
4.414504
6.569560
7.553519
6.156096
3.997205
1.605436
-0.008869
-1.067004
0.115130
1.246604
1.757077
2.194326
3.890086
6.390403
7.246490
6.238326
3.616116
1.437398
-0.570551
-1.028763
0.055381
1.042762
1.505639
2.624527
4.467807
5.664577
6.802522
5.943271
3.898913
0.778093
-0.783562
-1.077519
-0.285632
0.991202
1.427136
2.191673
4.156104
6.151269
7.060365
6.369031
3.986346
1.600471
-0.563111
-0.764517
0.431167
1.267131
1.484321
2.799067
4.400459
5.959090
7.021150
6.245509
3.871475
1.557509
-0.188389
-0.581307
-0.343688
0.182521
1.059227
1.981898
4.186019
5.986161
6.890491
5.695441
3.772667
1.029963
-0.647168
-1.267637
0.056283
1.275744
2.030608
2.123693
4.304180
6.254466
7.511214
6.318702
4.688161
1.894255
0.018691
-1.048216
-0.432025
0.899718
1.169657
2.171303
3.960184
5.991691
6.414006
5.873109
3.745988
1.687281
0.308225
-0.325145
0.285636
1.905520
2.255712
3.041008
4.982341
6.492942
6.896768
5.709838
4.067358
1.717935
0.158707
-0.796369
-0.423804
1.079473
1.672334
2.843310
4.297740
6.040904
6.703017
5.957160
3.899800
1.098777
-0.371502
-1.194603
-0.484567
1.271884
1.786536
2.373093
3.626121
5.543591
6.600215
6.011708
4.445344
1.788581
-0.121168
-1.070464
-0.248212
0.893767
1.046066
2.007973
4.025056
6.454131
7.412854
6.810428
4.502676
1.776529
-0.274975
-1.135217
-0.675751
0.762887
1.826707
2.181082
4.077657
5.925250
6.614989
6.025672
4.116523
1.590463
-0.733045
-1.052730
-0.013349
1.354663
2.108697
3.223367
4.420495
6.343215
6.963933
6.210383
3.918684
1.459262
-0.812447
-1.717585
-0.851338
0.215423
1.410138
2.288558
3.846286
5.486545
6.684455
5.718699
3.524939
1.118467
-0.853982
-1.344419
-0.416694
0.026612
0.682480
2.493377
4.500639
6.239545
6.930667
6.141454
4.189178
1.609881
-0.832475
-1.522079
-0.933571
0.565221
1.241949
2.094556
4.574415
6.183619
6.949016
6.037627
4.100835
0.955390
-0.809823
-1.653093
-0.952888
0.634826
1.689622
2.363518
4.008240
6.250159
7.253444
6.102687
3.900772
1.466546
-0.012280
-0.552187
0.757712
1.770808
2.201964
3.136127
4.429874
6.485381
7.410605
6.103957
3.855217
1.430531
-0.795060
-1.757833
-1.082409
0.421834
1.221396
2.462817
4.265537
6.282340
7.186687
5.722680
3.541074
1.142814
-0.581875
-0.952636
-0.373763
0.843234
1.517045
2.266919
4.203726
6.237433
6.885903
5.812045
3.523484
1.195485
-1.103009
-1.059518
-0.220107
1.015002
1.665946
3.319118
4.695829
5.919486
7.092696
6.078391
4.168527
1.165693
-0.597717
-1.094778
-0.022624
0.770263
1.306444
2.062582
4.378513
6.451034
7.043021
6.081115
3.808072
1.036592
-0.762876
-0.937023
-0.048314
0.706199
1.429204
2.330869
4.045571
5.800509
7.024959
5.725652
4.205943
1.985376
-0.051530
-0.303282
0.151305
1.102168
1.878650
2.713023
4.776649
6.579133
7.401256
7.103412
4.570350
1.748623
-0.028006
-0.531611
0.037627
1.132003
1.815087
2.925404
4.581175
6.510642
7.191436
5.972262
3.850228
1.051655
-0.797390
-0.983853
-0.285508
0.881476
1.798621
2.838297
4.090358
6.565646
6.845153
5.959031
3.861207
1.873680
-0.548238
-1.210114
0.195226
1.007934
1.283610
3.142205
5.015891
6.678746
7.258239
6.148360
3.982585
1.355153
-0.372931
-0.959984
-0.267545
0.567077
1.585086
2.486848
4.146953
6.897819
7.539176
6.807511
4.157589
1.981394
0.104598
-0.484562
0.333133
0.920592
1.415116
2.325235
4.375163
6.323695
6.901626
5.858724
3.717663
1.423330
-0.156601
-0.301113
0.076900
1.491851
1.759370
2.552000
4.367060
6.717765
6.658505
5.783248
4.600833
1.675531
-0.018236
-0.601022
0.047448
1.882586
2.120425
2.761996
4.615528
6.792487
7.397058
6.177892
3.404999
1.509331
-0.653752
-1.219961
-0.135390
1.126271
1.641269
2.616124
4.606772
6.939605
7.051869
6.046315
3.609226
1.340718
-0.826173
-1.569345
-0.340013
0.764585
1.506742
2.577524
3.926544
5.567153
6.594401
5.829913
3.507659
0.785922
-0.421168
-1.254022
-1.014388
0.570460
1.193311
2.109016
3.943431
6.040244
6.677260
6.107657
4.035109
1.252914
-0.386203
-0.953977
0.296731
1.541837
1.432506
2.489062
4.661059
6.364545
7.553088
6.307685
4.198085
1.918131
-0.370281
-1.306865
-0.841135
0.442927
1.739427
2.683642
4.417240
6.371934
6.946994
6.087455
3.643797
1.277116
-0.290271
-0.919522
0.223155
1.588302
1.695703
2.604202
4.447036
6.793895
7.156592
6.086047
4.099956
1.588396
-0.479788
-1.012486
-0.641657
0.497081
1.330316
2.589257
4.235255
6.184867
6.865954
5.419810
3.192502
0.884800
-0.723920
-1.580081
-0.940192
0.288148
1.450883
2.265322
4.007936
6.243640
6.984839
6.072864
4.626538
2.210894
-0.312820
-1.393350
-0.810639
0.477008
1.338779
2.920337
4.341656
6.039432
7.084052
6.042621
3.976047
1.174124
-0.446571
-0.606727
0.312827
1.594525
1.947150
2.578958
4.365311
6.513339
7.059142
6.856999
4.395885
1.596275
-0.543867
-0.647561
-0.074489
1.617139
2.193164
2.691011
4.453562
6.256793
6.877330
6.309260
3.685746
0.921852
-0.379996
-0.922431
-0.425189
0.928990
1.858312
2.397137
3.899061
5.401431
6.713016
6.123641
4.001138
1.859504
0.325668
0.483728
0.871633
1.695388
2.193698
3.067765
4.481307
6.602386
6.846551
5.757962
3.676492
1.229833
-1.054612
-1.262826
-0.268537
0.790599
1.635283
2.258017
4.261761
6.156653
7.250342
5.895511
3.743442
1.401081
-0.320788
-0.656572
-0.177409
0.808860
2.249421
3.227854
4.743373
6.809173
6.949843
6.167003
4.071953
1.256700
-0.914587
-1.317923
-0.328338
1.105641
1.727139
2.959258
4.807342
6.346187
6.998044
5.951957
4.103402
1.805610
-0.217217
-0.873798
-0.238519
1.012145
1.859170
2.935291
4.987456
7.593154
7.593562
6.491776
4.297622
1.285965
-0.875070
-1.361382
-0.516070
0.865926
1.068322
2.284536
3.954988
6.447736
7.271949
6.042640
3.953440
1.545344
-0.132377
-0.802329
0.496747
1.267446
1.318177
2.762100
4.779277
6.938788
7.376983
6.521857
4.091544
1.166808
-0.436216
-0.990855
-0.730915
0.459559
1.308571
2.408521
4.441806
6.406722
7.005866
6.294566
4.001425
1.403600
-0.319670
-1.058116
-0.630663
0.937549
1.448974
2.422760
3.619861
5.662553
6.947520
6.130929
3.475017
1.423550
-0.456876
-1.525068
-0.697635
0.232312
1.433625
2.229112
3.989428
6.376767
7.113000
6.178056
3.621147
1.640569
-0.373838
-1.373696
0.065869
1.242812
1.645734
2.643308
4.349722
6.264396
6.708194
5.885554
4.202677
1.474802
-0.771596
-1.683951
-1.067103
0.421048
1.885634
2.433241
3.900315
6.110660
6.832158
5.769713
3.616476
1.235073
-0.952401
-1.487480
-0.468163
0.058925
0.907532
2.047151
4.151323
6.313746
7.312591
6.146789
3.549367
1.353096
-0.941538
-1.173057
-0.373754
0.531817
1.300823
2.131406
3.858270
5.988154
6.270301
6.011233
3.538530
1.454703
-0.366604
-0.870810
-0.639604
1.166230
1.920896
1.977008
4.076284
5.883456
6.681975
6.082583
3.957885
1.298018
-0.875261
-0.870415
-0.593601
1.062366
1.744840
2.698591
4.945468
7.249501
7.673285
6.740157
4.335666
1.192601
-0.899924
-2.111150
-1.159380
0.074594
0.978629
1.964707
4.056880
6.526225
7.065631
5.624595
4.158058
1.209564
-0.646145
-0.920697
0.513907
1.751292
1.876817
2.493037
4.788302
6.661551
6.805291
5.830987
3.808741
1.251084
-0.843449
-1.462365
-0.345840
0.582219
0.952834
2.324439
4.241400
6.343446
7.225539
6.032746
3.510485
0.992949
-1.286649
-1.911499
-0.764184
0.321137
1.637893
2.547256
4.119933
6.361373
7.069482
5.958734
3.609192
0.820943
-1.502532
-2.148865
-1.260053
-0.172849
0.508083
1.511696
3.804881
6.127511
6.997600
5.242751
3.224449
0.376934
-1.165506
-1.622193
-0.809770
0.684272
1.284529
2.197714
4.208050
6.111693
6.182130
4.585686
2.886598
0.719397
-1.228793
-1.945553
-0.948601
0.375014
1.520452
2.520745
3.907230
5.492221
6.386771
5.594901
3.894697
1.216085
-1.441164
-1.613072
-0.410476
1.237929
1.688664
2.147979
4.709008
6.345077
7.507033
6.580617
4.257627
1.718814
-0.528850
-1.777632
-1.412594
0.644961
1.257257
2.631855
5.043803
6.975669
7.138806
6.482917
3.830941
1.217609
-0.593554
-1.286252
-0.030272
1.411813
1.609598
2.395245
4.388803
6.252936
7.253795
5.629596
3.470272
1.245474
-1.233900
-2.187259
-1.747296
-0.513618
0.359280
1.270600
3.719024
5.668929
5.838439
5.345412
3.860671
1.004189
-1.153651
-2.185108
-0.913352
0.176522
1.325408
2.471041
4.534927
7.036393
7.147517
6.281138
3.478882
1.337710
-1.072316
-2.056973
-1.388930
-0.208876
0.839788
2.417192
4.502578
6.836001
7.155272
5.931197
3.711231
1.200234
-0.339869
-0.682240
0.664554
1.486424
2.036475
2.865569
4.215642
5.948230
6.704253
5.866324
3.465660
1.027594
-0.844220
-1.197225
-0.263097
1.098496
1.766114
2.410957
3.796853
6.333491
6.837813
5.857242
4.071389
1.568990
-0.496056
-1.339092
0.424415
1.053102
1.225197
2.588544
4.376635
6.600783
7.194835
5.896735
3.988799
1.562283
-0.558359
-1.311197
-0.660847
0.982768
1.480482
2.023371
3.987948
6.331424
6.734885
6.551351
3.845579
1.334108
-0.341153
-1.263226
0.078883
1.317813
1.624856
2.824585
4.362330
6.344703
6.952029
6.014079
3.527843
1.162868
-0.973173
-1.318151
-0.281680
0.665231
1.036269
2.248035
4.319677
6.227664
6.901698
5.762614
3.861344
1.510997
-0.786251
-0.983084
-0.300754
0.832171
1.698573
2.587693
4.588344
6.187064
6.675271
5.587928
3.735182
1.159756
-0.908249
-1.628058
-0.712454
0.475837
1.193194
2.342917
4.385162
6.487212
6.799724
5.650630
3.182240
0.859163
-1.134616
-1.095069
-0.441787
0.820016
1.671926
2.651149
4.583646
6.011376
6.373672
5.713054
3.812454
1.456226
-0.388290
-1.255624
-0.282802
1.093429
1.837531
3.140602
4.527376
6.681441
6.487649
6.110213
3.638267
0.714998
-1.156650
-1.967167
-1.529409
-0.108045
0.782528
2.213408
4.675977
6.642097
7.183513
6.296023
4.458668
1.535550
-1.139084
-1.917345
-1.268171
0.191772
1.617446
2.534248
4.883178
6.140498
6.802365
5.748155
3.443384
0.748041
-1.433764
-2.075059
-1.085296
0.164077
1.048318
1.895743
3.819313
5.447600
6.104568
5.854117
3.476036
1.196042
-0.896421
-1.703473
-0.805038
0.376473
0.651662
1.487791
3.429442
5.703151
6.807942
6.280162
3.557633
1.081033
-0.686234
-1.078712
0.083537
0.873879
1.334515
2.069915
4.614398
6.079600
6.976506
6.356822
3.533113
1.007695
-0.799960
-1.491068
-0.594798
0.527297
0.897132
2.405654
4.547065
6.598825
7.194816
6.448396
3.456479
1.031795
-0.599585
-1.629027
-0.250746
0.431895
1.110451
2.541388
4.493155
6.515265
6.703265
5.746276
3.707648
0.511423
-1.393739
-2.003736
-1.262892
-0.158657
0.854630
2.283049
4.395217
6.181838
6.914071
6.263518
3.530071
0.677472
-1.602520
-2.190304
-1.124768
0.118464
0.732696
1.977567
4.283909
6.064403
7.002643
5.939422
3.140829
0.349255
-1.604335
-2.097982
-1.428456
0.130393
0.819098
1.464078
3.469982
5.689372
6.144950
5.750484
3.463799
0.092338
-1.641483
-1.755118
-0.707056
0.283734
1.474497
2.175549
3.599911
6.057483
7.112094
5.566203
3.035062
0.691131
-1.494893
-2.467958
-2.029576
0.191564
0.762999
2.055684
4.063382
5.759738
6.784156
6.087737
3.739581
0.974782
-0.832651
-2.018604
-1.170843
0.479810
1.667981
2.494101
4.119211
5.969520
6.635186
5.785712
3.743980
1.278310
-0.790650
-0.953969
-0.243426
0.676929
0.999554
2.508509
4.995311
6.421296
7.034205
6.214911
3.905761
1.603810
-0.901512
-1.890285
-1.469670
-0.258960
0.634131
1.997025
4.010636
5.531722
6.964208
6.087035
3.821937
1.324453
-1.224405
-1.890746
-1.230004
0.098683
1.127535
2.001121
4.327811
6.368575
6.976333
6.321757
3.902433
1.199428
-1.110648
-2.109050
-1.025501
0.260040
1.316063
2.153972
4.360105
6.981597
7.033530
5.974216
3.977921
1.024666
-1.168946
-1.609946
-1.034759
0.490388
1.214068
2.173837
4.142186
6.439710
6.678946
6.360835
3.841546
0.596451
-1.064714
-2.039324
-1.571479
-0.369180
0.786499
1.629888
3.887014
6.098540
6.678340
5.529035
3.107863
0.965132
-1.586635
-2.368343
-1.113723
0.275743
0.867463
2.622519
4.573512
6.161380
6.713244
5.062589
3.261456
0.725429
-1.325591
-1.941934
-1.082647
-0.115249
1.027998
1.759049
3.868234
6.102000
6.937320
6.000093
3.529891
1.098889
-0.979118
-1.677511
-0.603673
1.045768
1.758567
2.375042
4.154895
6.735236
7.287084
5.652678
3.940494
1.302522
-0.455589
-1.052171
-0.116423
0.907796
1.502739
2.509100
4.281300
6.919017
6.961898
6.198272
4.048743
0.796275
-1.293731
-2.022317
-0.741795
0.567660
1.015119
1.864910
3.972602
6.299338
6.478515
5.349547
3.478086
0.921664
-1.188324
-1.944366
-1.276366
0.056338
0.915307
2.123738
4.043857
5.585540
6.120755
5.785453
3.701973
1.173430
-0.804605
-1.871776
-0.029193
1.177714
1.345088
2.214691
4.502469
6.124835
6.452529
5.203315
3.206932
0.774217
-1.227968
-1.676031
-1.012696
0.001292
0.935547
2.015063
4.151828
6.048133
6.574771
5.950351
3.584325
1.116325
-0.493265
-1.264324
-0.814737
0.372222
0.750140
1.818129
3.889668
6.102267
6.450126
5.420474
3.761165
1.037394
-0.506381
-1.037327
-0.607059
0.437253
1.558197
2.596782
4.481745
6.419229
6.907947
6.380956
3.902126
0.827399
-1.110238
-1.998659
-0.876451
0.209884
1.140503
2.547558
4.434737
6.551686
7.329410
6.212832
4.010542
1.622355
-0.379760
-1.481068
-0.323606
1.285863
1.888997
2.525074
5.238704
6.705298
6.740214
6.287024
3.862878
0.466992
-1.531061
-1.901484
-0.649255
0.708713
1.334692
1.936338
4.731460
6.642974
7.416715
6.495406
4.059227
1.403816
-0.814070
-1.703705
-0.971639
0.199691
1.266275
2.793295
5.019126
7.422938
7.664208
6.554519
4.401894
1.643583
-0.709587
-1.080437
-0.918143
0.195441
0.591932
1.684303
3.932868
6.274146
7.230334
6.428357
4.404265
1.550830
-0.966997
-1.973809
-0.747190
0.665187
1.149926
2.093662
4.391280
6.424829
7.074805
6.019576
3.825788
1.079726
-0.817219
-1.024216
0.147508
0.969049
1.284536
3.034905
4.404642
6.422912
7.220637
6.293654
3.424749
0.645028
-1.203566
-1.704930
-0.031137
0.522950
1.109129
2.452612
4.052808
6.006547
6.444652
6.150088
3.619680
0.607471
-1.306290
-1.831699
-1.388602
-0.372526
0.312100
1.582448
3.693263
5.662631
6.811143
5.575969
3.624982
0.997436
-1.015743
-1.495581
-0.900372
0.285363
0.942897
2.247850
4.568826
6.487351
7.287044
5.922004
3.638037
1.306142
-0.935547
-1.600642
-1.421710
0.150001
1.102825
2.516485
4.355951
6.067168
7.049659
6.248454
3.628227
1.098158
-0.819497
-1.697453
-0.917619
0.439330
1.159920
2.210182
4.635441
6.867793
7.216796
5.843451
3.912905
0.836667
-1.360024
-1.954676
-1.223030
0.030364
0.952117
1.740304
3.520236
5.584105
6.919816
5.875537
3.914993
0.964396
-1.328104
-1.533696
-0.911576
0.221288
1.970565
2.491883
4.772847
6.524337
7.161561
5.811543
3.925799
1.236106
-1.307997
-2.002622
-1.440956
0.279101
1.490236
2.169312
4.031988
5.990615
7.342399
6.555909
3.937472
1.153199
-0.813092
-1.333297
-0.614804
0.811950
1.457717
2.631308
4.562311
6.294837
6.717288
5.752715
3.102127
0.765632
-0.937919
-1.498327
-0.738558
0.717950
1.180015
2.458791
3.843869
6.132575
7.115180
5.777764
3.750693
1.191146
-0.590967
-1.026056
-0.474566
0.589049
1.314185
1.788622
3.514504
5.794774
6.774848
5.509105
3.622238
0.911610
-1.525815
-2.122951
-1.018574
0.374183
0.982164
2.514396
4.257581
5.605922
6.516406
5.427684
2.766885
0.267842
-1.884440
-2.501776
-1.966996
-0.428341
0.811791
1.700944
3.384364
5.261960
6.491561
5.450284
2.875589
0.654111
-1.498726
-2.654802
-1.252021
0.310700
0.782499
1.826555
3.221872
5.006291
6.490756
5.449004
3.226325
0.628060
-1.259440
-1.776398
-0.929980
0.415528
1.534294
2.542988
4.397180
6.578116
6.981086
5.775292
3.400749
0.321958
-1.932570
-1.940000
-1.167765
0.189517
0.907725
1.783091
3.881122
5.463347
6.489429
4.675171
2.636401
0.119228
-1.737020
-2.286098
-1.697538
-0.524876
0.766030
1.552628
3.195573
5.562863
6.949847
5.861220
2.959989
0.609227
-1.652119
-2.556152
-1.819324
-0.004004
0.584475
1.659983
3.742034
6.029464
6.493629
4.615199
2.834837
0.247828
-1.836345
-2.272725
-1.020911
0.318616
0.694710
1.657894
3.775509
6.104030
6.328528
5.779456
3.585981
1.584040
-0.850737
-1.224953
-0.811778
-0.186773
0.734407
2.385122
4.332223
5.800069
6.664737
6.165088
3.838145
0.736319
-0.906158
-1.133653
-0.412842
0.731126
1.534943
2.843541
4.776423
6.232272
6.839992
5.828483
3.670171
1.092886
-0.995810
-2.142803
-1.165649
0.131177
1.434329
2.373812
4.554145
6.541018
7.067920
6.251632
3.908332
0.813360
-1.356007
-1.747016
-0.518698
0.929614
1.259291
2.499479
3.829630
6.039966
7.010663
5.885406
3.460394
0.496121
-1.653334
-2.243430
-1.490409
-0.186550
0.807732
1.933102
3.728937
5.583198
6.305850
5.207694
2.642174
0.465274
-1.690140
-2.264111
-1.697528
-0.024165
0.461493
2.014125
4.017229
5.701991
6.590949
5.430568
3.320855
1.175294
-0.293044
-1.657053
-1.633210
-0.511395
1.303287
2.453431
4.570354
6.853589
6.963408
6.099135
4.281726
1.309167
-0.697569
-1.201201
0.114562
0.697421
1.734526
2.268889
4.192292
6.490613
7.255059
6.534545
4.305228
1.791466
-0.403789
-1.512926
-0.455286
0.917167
1.095128
2.608408
4.889485
6.778510
7.537044
6.500922
3.862197
0.962746
-0.930070
-1.930878
-1.331148
0.110632
1.197050
2.658781
5.039207
6.646312
6.971015
5.785970
3.273101
-0.131316
-2.026127
-2.792397
-2.272231
-1.122207
-0.076552
0.804803
3.207882
5.024146
5.830817
4.760612
2.836849
0.119897
-1.984646
-3.173987
-2.252429
-0.659888
0.286530
1.666007
3.634000
5.498069
6.155959
5.152434
3.301720
0.304658
-2.287039
-2.686713
-1.501359
-0.380803
0.165030
1.272475
3.138558
5.362220
5.762946
4.526752
2.493018
-0.164005
-2.455411
-2.625001
-1.703144
-0.357213
0.504545
1.927927
3.552365
5.975375
6.447202
5.838634
2.866939
0.157538
-1.270283
-1.852674
-1.490973
-0.060517
0.391157
1.882673
3.903234
5.272208
6.365134
5.100789
2.412982
-0.204974
-2.589790
-2.213495
-1.654378
-0.321441
0.715446
2.334146
3.798347
5.428210
5.995727
5.811347
3.506950
0.642742
-1.462084
-2.210905
-1.397408
-0.049371
1.035312
2.701375
4.298421
6.052398
6.548667
5.430697
3.657223
1.315408
-1.169806
-1.976319
-1.022222
0.203231
1.281310
1.754879
3.607458
5.783877
7.178241
6.021354
3.670827
1.246096
-0.878283
-1.656884
-0.955488
0.512923
0.981801
2.473613
4.321151
5.960910
6.571868
5.321971
2.873081
0.378619
-1.742428
-2.327237
-1.202329
-0.176906
0.801523
1.881748
3.473125
5.293521
6.344424
5.280072
3.053550
0.614585
-1.767426
-1.770291
-0.992728
-0.159914
0.455040
1.447722
3.096137
4.995860
5.637073
4.984557
3.222164
0.674686
-1.160967
-1.408015
-0.457500
0.959569
1.521399
2.286159
3.783018
5.819423
6.751567
6.110869
3.881454
1.520403
-0.785921
-1.547037
-1.207545
0.233685
1.168984
2.286280
4.224858
6.234649
6.879844
5.693402
3.520326
0.668436
-1.124699
-1.142232
-0.871305
0.368314
1.363411
2.615863
4.528386
6.290793
6.699805
4.918056
3.258210
0.699964
-1.122561
-2.067444
-1.198565
0.379367
1.646106
2.541053
4.523842
6.860499
7.658851
6.081937
3.768345
1.623102
-0.914234
-1.128230
-0.654904
0.739078
1.390970
2.626290
4.869853
6.719777
7.491054
6.139987
3.627099
1.165309
-0.855526
-1.541482
-1.157781
0.159940
1.626532
2.379162
4.123109
6.048514
7.026401
5.657144
3.586385
1.234670
-1.174674
-2.024100
-1.575287
0.063194
0.665299
1.800960
3.413313
5.595141
6.596240
5.693122
3.629123
0.814010
-1.104460
-1.635315
-1.073229
0.239322
1.084030
2.221741
4.019647
6.298060
6.842431
5.610753
3.975950
1.098668
-1.214293
-2.172043
-1.372620
0.201339
0.967370
1.872910
3.953794
6.331426
6.403613
5.257628
3.090563
0.398104
-1.631575
-2.031955
-1.142675
0.512616
1.267296
2.670811
4.513776
6.268315
7.555409
6.120349
3.818256
1.131022
-0.863603
-1.341173
-0.307196
0.630025
0.923942
2.693164
4.814210
6.489514
6.885253
6.030389
3.500552
1.170869
-0.873343
-1.946084
-0.980577
-0.140449
1.181207
2.576635
4.453303
6.554156
6.830852
6.028422
3.683442
0.612453
-1.807570
-2.402901
-1.371883
-0.206075
0.818448
1.444912
3.035055
5.881812
6.708468
5.268142
3.022644
0.508749
-1.036918
-2.502792
-1.772029
0.050784
0.474710
1.506694
3.149049
5.477433
6.778590
5.539144
3.541100
0.920182
-1.194397
-1.730170
-1.192129
0.236566
0.870271
1.784812
3.687734
5.743850
6.146087
5.098056
3.128232
0.334892
-2.014554
-2.095409
-1.682695
0.160016
0.967666
1.931253
3.907645
5.924092
6.624854
5.327308
2.775102
0.480381
-1.656264
-1.429603
-0.915271
0.132907
0.872929
1.697821
3.748734
5.677350
6.450011
5.600886
3.053090
1.010598
-0.861278
-1.976602
-1.230368
0.151521
1.222474
2.125427
4.303278
6.559371
6.913087
6.321908
3.381042
0.934551
-1.215139
-2.020899
-1.388211
0.059344
1.067840
2.187939
4.419896
6.385798
7.010375
5.542617
3.781825
0.911226
-0.970824
-1.737535
-1.258338
0.144198
0.871022
2.380653
4.575542
5.917335
6.537608
5.557368
3.357885
0.420541
-1.708282
-2.313562
-1.840240
-0.223727
0.550109
1.426338
3.347637
5.082313
5.963889
5.110881
3.257210
0.730596
-1.492517
-1.954511
-1.239050
-0.029534
0.495586
1.411164
3.442533
5.542222
6.193431
5.486320
2.987935
0.428700
-0.779119
-0.951333
-0.715935
-0.052005
1.254593
2.073590
4.124986
5.889300
6.273177
4.757949
2.738339
0.096297
-1.792600
-2.477370
-1.412179
0.014750
0.477880
1.479820
3.836633
6.072516
6.581321
5.676787
3.744619
1.005945
-1.529061
-2.671610
-1.845640
-0.019803
0.549251
1.602463
4.063644
5.900506
6.192922
5.617087
3.296613
0.991919
-0.925871
-1.713921
-1.017746
0.083246
0.546870
2.030546
4.245493
6.626746
6.914729
5.743484
3.743114
0.877024
-1.190236
-1.900105
-0.540045
0.443454
1.400023
2.561230
4.590951
5.992745
6.895755
6.236482
3.748188
1.137971
-1.326024
-1.942239
-1.196410
0.223394
1.532477
2.403155
4.122542
5.967212
5.971185
5.690684
3.861634
1.404193
-0.576171
-0.849901
-0.761665
0.086748
1.259319
2.094212
3.998385
6.069003
7.346679
6.544692
4.161844
1.794810
-0.385874
-0.895201
-0.235446
0.949624
1.477077
2.342547
4.784755
6.887618
7.327779
6.340812
4.280084
1.587247
-0.812171
-1.112031
-0.834602
0.441909
1.181327
2.340971
5.059608
7.011910
7.220897
6.309794
3.770136
1.101154
-1.085906
-2.290150
-1.360217
-0.068841
1.110330
1.974134
4.054051
6.070720
6.700713
6.139640
3.566886
0.313222
-1.847846
-2.682214
-1.648684
-0.507538
0.156812
1.911849
3.809196
6.159730
6.309087
5.818324
3.425185
0.653377
-0.979993
-1.834793
-1.207433
-0.486542
0.130446
1.690911
4.031097
5.398959
