6.883734
6.254503
3.838006
0.761348
-1.538246
-1.194375
-0.270193
0.512361
1.676659
2.987225
4.021112
5.860147
6.318949
5.303949
2.835387
0.052283
-1.682378
-2.237735
-1.430352
0.202105
0.480282
2.021652
3.933173
5.770201
6.428396
5.683851
3.352897
0.176204
-2.246096
-2.614330
-1.568352
-0.295135
0.384192
1.472377
4.169147
6.127298
6.492937
4.988720
3.259886
0.290375
-2.224400
-2.426764
-1.672210
-0.611886
0.140970
1.009351
2.808954
5.446838
6.446825
5.351698
2.824477
0.316012
-1.494774
-2.431929
-1.544089
-0.239443
1.260496
2.135803
3.563934
5.531527
6.789341
5.793819
3.448519
0.937232
-1.321362
-2.132840
-1.841314
-0.526184
0.289824
1.932035
4.758014
6.538004
7.122568
5.907816
2.732453
-0.166626
-2.516508
-3.053834
-2.226790
-0.548380
0.983015
1.931728
3.617150
5.296762
6.074949
5.676311
3.576965
0.830736
-1.134930
-2.064228
-1.352661
-0.131812
0.830244
2.096647
3.865352
6.244818
6.867929
5.656794
3.636555
0.659037
-1.172495
-1.817458
-1.612077
-0.471915
0.667752
1.658962
3.248437
5.978975
7.100950
6.354673
4.051399
1.281828
-1.298482
-2.141356
-1.595327
-0.435232
0.823931
2.160393
4.186985
5.889772
6.461641
5.571711
2.682244
0.066062
-1.958100
-2.753767
-2.069077
-0.345715
0.460714
1.370075
3.281901
5.616571
6.524828
5.527899
3.696190
0.732282
-1.131748
-2.050422
-1.020026
0.892233
1.475546
2.142826
3.893972
5.835161
6.261545
4.456447
2.678636
-0.212417
-2.538078
-3.059539
-2.203384
-1.232417
-0.116378
0.974349
3.126692
5.586628
6.330442
5.596510
2.737721
-0.011518
-2.621630
-3.171322
-2.427452
-0.979916
0.504917
1.396983
3.038920
5.269964
6.167936
5.319773
2.961051
0.591276
-1.961864
-2.729891
-1.774302
-0.316298
1.008273
1.817348
3.797686
5.909853
6.584085
4.986901
2.727417
-0.031961
-1.852415
-2.224538
-0.826270
0.030136
1.078111
1.936545
3.464572
5.631433
5.820656
4.997499
2.671589
0.417537
-1.928000
-2.783848
-1.939453
-0.651889
0.503240
1.577085
3.423741
4.880592
5.353010
4.156796
2.004213
-0.145269
-2.194736
-2.659387
-1.994997
-0.454949
0.601754
1.729387
3.560541
5.667318
6.242346
5.739985
3.721806
0.752400
-1.355405
-1.989678
-1.475210
-0.357590
0.572181
1.453664
3.412949
5.646191
6.463663
4.862231
2.603940
-0.154471
-2.105354
-2.375112
-1.379140
0.315470
1.005735
1.636328
3.235567
5.295074
5.884434
4.877529
2.678273
0.314375
-1.332367
-1.764095
-0.526810
0.983845
1.556988
1.829028
3.608137
5.139147
5.839178
4.541468
2.336132
-0.450706
-2.455939
-3.551559
-2.778420
-1.179788
-0.206636
1.146394
3.216376
4.958364
5.824720
4.587136
2.411504
-0.402072
-2.986077
-3.440716
-3.067307
-1.385287
0.370242
1.710594
3.674822
5.399025
5.952723
5.172356
2.731097
0.107787
-2.013208
-2.866288
-1.847700
-0.520856
0.308322
1.343416
3.911018
5.772181
6.517797
4.856915
2.536584
-0.358673
-1.999219
-2.349326
-1.795720
-0.544318
0.490383
1.836955
3.061709
5.365595
6.170986
5.791323
3.073152
0.547838
-1.541530
-2.275405
-1.639084
-0.303713
0.213663
1.449678
3.555973
6.225096
6.518482
5.882399
3.314716
0.402010
-1.919641
-2.017860
-1.576276
-0.030645
0.622814
1.951787
3.722325
5.262999
6.278835
5.230232
2.819219
0.338167
-1.923790
-2.094518
-1.772573
-0.723989
0.490992
1.496641
3.516390
5.479731
6.196253
5.261351
3.334972
0.213204
-1.414899
-1.659560
-1.118304
0.327103
0.477888
2.051105
3.552918
5.214621
6.201754
5.107219
2.626303
-0.069874
-1.897322
-2.665833
-1.285869
0.549284
1.232850
1.254200
2.951095
4.849674
5.772865
5.094588
2.633454
0.147798
-1.824885
-1.938900
-1.650160
-0.402341
0.472099
1.170207
2.745272
5.349962
5.655924
5.035669
2.703059
0.190987
-1.731403
-2.496572
-1.281186
-0.263932
0.883969
1.263401
2.785815
5.400930
6.121544
4.439517
1.957200
-0.378449
-2.627734
-2.489469
-1.197354
-0.112375
0.849523
1.755422
3.326160
5.102259
5.113797
4.429703
1.905766
-0.761713
-2.852944
-3.592899
-2.799252
-1.477330
0.206746
1.167665
2.923126
5.030842
6.137121
4.937329
2.891444
0.157468
-2.011528
-2.831701
-1.835366
-0.500710
0.189276
1.130703
3.134524
5.389572
5.481779
4.281090
2.231672
-0.651096
-2.444075
-3.215035
-1.560843
-0.103074
0.514954
0.798772
2.768079
4.607561
5.148554
4.648945
2.286676
-0.194307
-2.780086
-3.447837
-2.419513
-1.343797
-0.531217
1.376104
2.372107
4.379968
4.915144
4.009235
1.319674
-1.489170
-3.737304
-3.795595
-3.288359
-2.334818
-0.824363
0.308988
1.683656
3.927748
4.479105
3.896475
2.040762
-0.325629
-2.053620
-3.069643
-2.778685
-1.424071
-0.233883
0.592840
2.403296
4.506773
6.040302
5.371492
2.652618
-0.018866
-2.344866
-3.236632
-2.167630
-0.721478
0.402390
1.734031
3.597222
5.571945
6.147116
5.370153
2.483396
-0.478053
-2.412733
-2.797441
-1.970966
-0.311133
0.393956
1.048909
2.822276
4.706326
5.417290
4.134226
1.764678
-1.019392
-2.943907
-3.949986
-3.395284
-2.063898
-0.284026
0.267109
1.925842
3.938154
4.791739
4.093705
2.001849
-0.675129
-2.786914
-3.288995
-2.545526
-0.936100
0.076986
0.828610
2.330002
5.177156
5.322371
4.491249
2.258742
-0.091877
-2.338556
-3.091581
-2.246568
-0.748716
-0.032599
0.947027
2.863393
5.012689
6.003565
5.305984
2.832967
0.329870
-1.610190
-1.677500
-0.984297
-0.094208
1.082058
1.927746
3.198127
5.336317
6.125395
4.799428
2.732450
-0.133121
-2.288711
-2.298215
-1.794765
-0.354990
0.367687
1.589287
3.031044
5.114931
6.437693
5.252226
3.379723
0.322460
-1.491220
-2.059337
-1.313809
-0.032104
0.354319
1.319204
2.877544
4.680609
5.548267
4.603527
2.111071
-0.520392
-2.821059
-3.809319
-2.891714
-1.393160
-0.788582
0.588345
2.490943
4.516020
5.730917
4.521676
2.037185
-0.423093
-2.904311
-3.846800
-2.886823
-1.779696
-0.871329
-0.049053
1.737497
4.012435
4.371414
4.035391
1.881072
-0.772188
-2.965155
-3.497406
-2.792026
-0.951809
-0.135170
0.808506
2.406385
5.116534
4.819990
3.712101
1.333309
-0.764478
-2.655783
-3.403589
-2.548676
-0.776073
0.106166
1.029434
2.981298
4.735143
5.247282
4.555867
2.049403
-1.208656
-3.175052
-4.059845
-3.308182
-1.271028
0.304593
0.694608
2.544065
4.025581
5.105958
3.809537
1.378498
-1.053353
-2.595819
-2.794286
-2.295806
-0.844450
0.420152
1.435370
2.681314
4.049616
5.060835
3.853097
1.977896
-0.604959
-2.453183
-3.060978
-2.087390
-0.496887
0.200815
0.888423
1.790868
3.954846
4.914021
4.173834
1.612330
-0.462173
-2.252444
-2.806790
-2.107411
-0.925848
-0.026442
1.414330
2.665321
4.182633
5.343927
4.284343
1.441317
-1.276061
-3.140507
-3.506777
-3.091265
-1.675824
0.028034
0.921851
2.363873
4.753403
5.038815
4.332617
2.266668
-0.642711
-3.024840
-3.882462
-2.722043
-1.369728
-0.425520
0.894445
2.069868
3.795637
4.261448
3.509631
1.059784
-1.471967
-3.555476
-3.875613
-3.342897
-1.921917
-0.988168
0.030978
1.547353
3.098359
3.763310
3.095807
1.053919
-1.538893
-3.687076
-4.655353
-3.536477
-1.881317
-1.370609
-0.003725
1.336920
3.567904
4.926565
3.778754
1.835219
-1.183151
-3.581494
-4.205377
-3.482762
-1.682629
-0.867833
0.283561
2.126417
4.352556
5.101323
3.616286
1.248737
-1.133424
-3.163112
-3.859460
-3.089051
-1.508295
-0.319556
0.900888
2.125118
3.897811
4.480945
3.386028
1.209340
-1.086733
-3.244290
-4.290499
-3.545095
-1.779720
-0.311386
0.783034
1.891914
2.936035
3.605225
3.302144
1.420351
-1.110766
-2.834184
-3.290654
-2.248303
-0.924887
0.072388
0.619595
2.036726
3.853267
4.561191
3.436675
1.016560
-1.556159
-2.870113
-3.095570
-2.794926
-1.354490
-0.364782
0.874201
2.005615
3.802634
4.239573
3.346533
0.958858
-1.967310
-3.484662
-3.620894
-2.908862
-1.267649
-0.183567
0.779880
1.313712
3.477115
4.090999
2.854087
1.171807
-1.461647
-3.344856
-4.132577
-3.455302
-2.366471
-0.888093
-0.149337
1.484085
2.749373
3.801683
3.354122
1.076265
-1.295614
-3.311203
-4.226677
-3.117401
-1.468269
-0.298234
0.699939
1.731601
3.399228
4.008657
3.068924
0.833977
-1.801537
-4.053798
-4.878529
-2.939979
-1.597339
-0.950782
0.186578
1.750411
3.519475
4.319194
3.204543
1.217969
-1.394750
-3.192950
-3.529430
-2.942185
-1.697281
-0.803561
0.404825
1.861221
3.607332
3.662206
2.750358
0.420822
-2.197660
-3.710918
-4.498527
-3.397285
-1.710281
-1.134243
-0.343436
1.342338
3.211303
4.256648
3.091496
1.002821
-1.516940
-3.347880
-4.037628
-2.811574
-1.588457
-0.096057
0.290928
1.924451
3.721181
4.208023
2.855124
0.829147
-1.434444
-3.239825
-4.127706
-3.623701
-1.625210
-0.624154
0.611659
2.229562
3.407143
4.394571
3.323143
0.844185
-1.761460
-3.991509
-4.618200
-3.352927
-1.196873
-0.051494
0.184401
1.540029
3.719930
4.489043
3.195593
1.067958
-1.657307
-3.458675
-3.859641
-2.757260
-1.327555
0.291859
0.537535
1.817231
3.436020
3.828822
2.778196
0.792686
-1.855546
-3.781754
-4.712681
-3.728910
-1.915443
-1.224120
-0.016655
1.473104
2.766809
3.129090
2.795585
0.581898
-2.188104
-4.093363
-4.322707
-4.129709
-2.492299
-0.845664
-0.202677
1.050701
2.632545
2.961305
2.130098
-0.088750
-1.843347
-3.348475
-3.418790
-2.637377
-1.761469
-0.584477
0.201959
1.566589
2.953967
3.374790
2.399652
0.406766
-2.242831
-4.004290
-4.467134
-3.513524
-1.584923
-0.336185
0.456943
2.237555
2.694409
3.490623
2.727660
0.491688
-2.362185
-3.995279
-4.495760
-3.429748
-1.690298
-0.908522
-0.517776
1.130498
2.372726
3.515181
2.544108
0.419760
-1.988438
-3.752643
-4.421986
-3.872309
-2.362504
-0.791882
-0.033243
1.307317
3.080804
3.659992
2.443667
0.249664
-2.527484
-4.650387
-5.164654
-4.137836
-1.990709
-0.860137
-0.710019
0.766376
2.632379
3.478053
2.606528
0.814325
-1.654691
-3.055339
-3.465609
-2.738360
-1.161121
-0.551500
0.091606
0.929240
2.216118
3.127192
2.111434
0.240541
-1.854814
-3.479689
-3.924744
-3.150282
-1.206663
-0.427652
-0.358847
1.209092
2.544282
3.252661
2.613182
0.403523
-1.995341
-3.783379
-4.069294
-3.536338
-1.852468
-0.801771
0.083705
1.797982
2.895748
3.910937
2.700041
0.395914
-2.039181
-3.651267
-3.935917
-3.133615
-2.215940
-0.978709
0.250325
1.468417
2.830116
3.084209
2.348398
-0.007463
-1.961707
-4.152219
-4.713711
-3.853760
-2.533217
-0.919984
0.230856
1.478709
2.948898
3.308917
1.882412
-0.041839
-2.936609
-4.982038
-6.009535
-5.016784
-2.820397
-1.461327
-0.611958
-0.150740
1.614218
2.388619
1.330728
-0.633585
-2.819700
-4.967501
-5.450294
-3.604124
-2.391852
-1.469094
-0.514470
0.644741
2.431367
2.925025
1.899787
-0.383601
-2.442484
-4.290435
-5.415269
-4.670211
-2.475112
-1.307031
0.040255
1.706916
3.020236
3.865517
3.210408
0.604493
-1.626459
-3.592422
-4.087295
-3.567456
-2.575157
-1.550838
-0.137284
1.639362
3.050860
3.801379
3.182298
0.637838
-1.906399
-4.009662
-4.761327
-3.758128
-2.031334
-0.836737
-0.389003
1.376764
3.278535
3.032276
2.325204
0.206375
-2.196215
-4.509780
-4.779970
-3.319083
-1.521536
-0.966082
-0.553017
0.703315
2.864702
3.186785
2.167870
0.194195
-2.670012
-4.809414
-5.695835
-4.251363
-2.653316
-1.444875
-0.565828
0.570448
1.846152
2.600253
1.660342
-0.515905
-2.837660
-4.383186
-5.284840
-3.844377
-1.809893
-1.188827
-1.265684
0.130152
2.006182
2.931295
2.124270
0.152798
-2.215952
-4.545909
-5.082942
-3.143794
-1.655407
-0.421246
-0.154603
1.453124
2.705507
3.270042
2.400938
-0.036959
-2.739262
-4.511248
-4.442680
-3.189521
-1.755182
-0.193964
0.184111
1.335319
2.704935
2.879531
2.225913
0.485798
-2.239316
-3.853898
-4.156631
-3.310010
-1.665140
-0.690935
-0.294735
1.326637
2.721835
2.825064
2.081396
0.542418
-1.694292
-3.240130
-3.637229
-3.037677
-1.685381
-1.149950
-0.358497
1.146493
3.086996
3.535139
2.332168
0.384178
-1.867821
-3.455665
-4.279523
-3.610583
-1.616312
-0.936689
0.251067
1.543384
2.849713
3.618935
3.573007
0.635632
-1.883950
-4.269926
-5.035118
-3.710737
-2.269840
-1.117942
-0.380755
1.107940
2.645360
3.345834
1.890076
0.086758
-2.532315
-4.705907
-5.348955
-4.207409
-2.142748
-1.113602
-0.834276
0.487633
2.159021
2.930433
1.781401
0.004848
-2.152326
-4.261003
-5.202932
-3.780110
-1.955271
-0.972437
-0.762671
0.518684
1.514543
2.040447
0.950677
-1.030074
-2.928846
-3.981329
-4.674513
-3.187615
-1.353638
-0.383600
-0.338331
0.720445
2.273798
2.279338
1.407828
-0.752098
-2.951849
-4.776496
-5.118564
-3.932249
-2.661394
-2.573025
-0.788445
0.730380
2.146671
2.736776
1.875196
-0.148688
-2.624992
-4.744123
-5.312773
-4.444257
-2.486700
-1.241639
-0.405468
0.152872
1.338753
2.089128
0.797251
-0.837873
-2.829748
-4.721844
-5.342033
-3.756647
-1.955254
-0.952072
-0.600904
0.527021
2.294030
2.811792
1.728402
-0.040021
-2.096990
-3.951651
-5.032037
-3.627140
-1.852898
-1.359230
-0.338141
1.050150
2.382310
2.751877
1.883887
-0.114874
-2.264404
-4.385426
-4.896602
-3.561592
-2.278849
-1.323462
-0.537338
0.720201
2.562191
2.814707
2.063810
-0.125273
-2.643614
-4.474260
-4.190128
-3.274920
-2.455387
-1.303982
-0.965311
0.549850
2.049419
2.437537
1.438704
-0.193304
-2.406928
-4.328551
-4.957849
-4.194706
-1.995226
-0.932413
-0.424718
1.210438
1.820176
3.064726
1.848986
-0.000499
-2.480578
-4.147367
-4.610399
-3.845382
-1.924883
-0.959036
-0.027114
1.307412
2.434557
2.432274
2.023569
-0.191291
-2.487767
-4.836561
-5.479262
-4.242779
-2.714497
-1.378134
-0.597973
0.628633
2.064519
2.751914
2.018334
-0.702391
-3.506946
-4.991180
-5.556246
-4.179538
-1.732960
-0.955423
-0.125072
0.713765
1.745564
2.370073
1.198616
-0.679095
-2.887141
-3.798321
-3.603277
-2.702942
-1.066225
-0.499279
-0.535792
0.513721
2.181984
2.382320
1.401518
-0.866416
-2.931916
-4.097929
-4.819507
-4.272338
-2.012438
-0.857294
-0.324106
0.891436
1.600641
2.207014
1.485664
-0.666540
-3.119483
-4.790755
-5.214818
-3.497726
-1.680487
-1.079178
-0.511752
0.345025
1.776889
2.625348
1.919582
-0.647519
-3.260479
-4.416929
-4.387317
-3.300421
-1.673513
-0.385410
0.194652
1.006289
1.797108
2.025704
0.815249
-0.919416
-3.077802
-4.592315
-5.124698
-3.863802
-2.388794
-0.829189
-0.627235
0.673704
1.968954
2.324627
0.747117
-1.258904
-3.694556
-5.286284
-5.419130
-4.331001
-2.295643
-1.218214
-1.137055
-0.080775
1.853770
1.663157
0.903073
-1.050776
-3.241197
-4.225900
-5.310791
-4.562621
-2.296806
-0.880611
-0.135903
1.264849
2.243960
2.366861
1.077017
-1.309658
-3.283164
-4.770097
-4.795869
-3.042622
-1.484226
-0.632944
0.582321
1.627120
2.251742
2.601293
1.379028
-1.215397
-3.401988
-4.951233
-4.868989
-3.515387
-1.265820
-1.221415
-0.305705
0.424520
1.128599
1.697253
0.610174
-1.837422
-3.812107
-5.038169
-5.358100
-3.925425
-2.583500
-1.363190
-0.488179
0.529204
1.374482
1.368763
1.024737
-1.373053
-3.453590
-4.695654
-4.558956
-4.205868
-2.584084
-1.040421
-0.533027
0.327490
1.467786
1.579178
0.724970
-1.480890
-3.103125
-4.724594
-4.742395
-3.522940
-1.979082
-0.947193
-0.276633
0.761937
1.696958
2.130695
1.178771
-0.819591
-3.259560
-4.979655
-4.823379
-3.384092
-2.232584
-1.231813
-0.868315
0.304430
2.218023
2.233782
1.601520
-0.804900
-2.662477
-4.024974
-4.074878
-3.054419
-1.179998
-0.454151
-0.427355
0.308008
1.577518
1.987163
0.600027
-1.454091
-4.182144
-5.647088
-5.823800
-4.462290
-2.221148
-1.131941
-0.253633
0.725178
1.570316
1.636541
0.614029
-1.754989
-4.351827
-5.623813
-5.616252
-4.026844
-2.145723
-1.577646
-0.492490
0.428679
0.962049
1.246681
-0.389235
-2.382669
-3.922507
-5.251949
-5.633175
-4.194475
-2.399145
-1.127775
-0.276855
0.956162
1.930471
1.835556
0.375810
-1.413118
-3.552823
-5.348863
-5.689609
-4.394829
-2.278831
-1.689438
-1.007544
0.224623
1.252822
1.213377
0.148295
-1.937548
-4.493727
-6.320113
-6.937228
-5.172459
-3.051699
-2.232208
-2.092213
-0.834788
0.271172
0.967283
-0.452907
-2.238093
-4.472391
-6.389441
-6.017723
-4.995571
-2.861935
-1.730568
-1.530290
-0.087350
0.662374
0.711255
-0.360096
-2.318259
-4.365333
-6.263144
-6.330476
-5.303302
-2.871971
-2.108032
-1.452249
-0.426125
0.659175
0.851216
0.018830
-1.920481
-4.140070
-5.817101
-5.919638
-4.997468
-2.759102
-1.331623
-1.156902
-0.283238
0.952355
1.472649
0.538793
-1.620252
-4.173470
-6.155214
-6.462285
-4.974135
-2.620264
-1.999950
-1.390100
-0.436626
0.922185
1.049667
-0.151814
-2.027878
-4.275434
-5.842479
-5.958046
-5.079483
-3.916906
-2.346245
-1.789143
-0.517465
0.665694
1.268458
0.236161
-1.965618
-4.018188
-5.818454
-5.649774
-4.578495
-2.586967
-0.986341
-0.864045
-0.379039
1.014298
0.938207
-0.355778
-1.882392
-4.430059
-6.051795
-6.491644
-5.121754
-2.828106
-1.451988
-0.849874
0.480419
0.783709
1.116683
-0.177430
-2.109033
-4.579677
-6.517133
-7.075410
-5.375863
-3.449511
-2.396358
-1.664099
-0.453527
0.336828
0.928202
-0.116559
-2.053039
-4.414680
-5.849290
-6.045309
-4.802464
-2.427021
-1.413507
-1.065501
-0.361248
0.101841
0.243405
-0.350049
-2.403641
-4.435884
-6.017381
-6.076815
-4.724056
-2.927710
-2.109652
-1.748008
-0.077587
0.969635
0.938960
-0.194604
-2.270771
-4.551289
-6.166778
-6.276274
-4.267113
-2.286804
-1.286722
-1.053332
-0.009312
0.943842
0.662383
-0.582973
-2.502860
-4.979521
-6.897069
-6.539595
-4.770226
-3.275337
-2.447927
-1.567267
-0.635988
0.131556
0.715173
-0.381520
-2.657764
-5.331153
-7.120651
-7.033373
-5.984449
-4.612707
-2.961390
-1.749825
-0.969610
-0.060737
-0.477349
-1.411454
-3.318563
-5.405905
-6.606046
-6.433792
-4.844736
-2.795719
-2.236679
-2.181926
-1.160974
0.066160
0.182719
-0.811780
-2.640458
-4.941117
-6.824016
-7.648310
-6.271737
-4.234915
-2.370852
-1.406928
-0.803622
0.381501
0.326474
-0.756177
-2.767204
-4.982205
-6.802086
-6.895763
-5.867550
-3.842426
-2.408611
-2.086239
-0.677381
0.226397
0.281331
-1.025466
-2.872000
-5.262394
-6.757155
-6.653504
-5.342961
-3.012892
-1.434540
-0.832419
-0.788918
-0.257539
-0.257561
-1.596201
-3.492938
-5.377596
-6.587246
-6.442813
-5.744045
-4.203695
-2.766035
-2.009774
-1.167770
0.086768
0.033537
-0.790400
-2.926722
-4.638855
-6.631112
-6.493921
-5.221923
-4.023088
-2.183809
-1.043496
-0.197230
0.500710
0.716187
-0.266068
-2.445613
-4.805414
-6.360051
-6.299837
-4.700708
-3.111645
-2.019186
-1.650811
-0.983665
0.811976
0.839878
-0.299320
-2.890977
-5.599688
-7.229143
-7.252911
-5.337313
-3.475124
-2.645027
-2.381512
-1.396697
-0.479161
-0.413421
-1.477678
-3.513794
-5.278463
-6.339841
-6.512886
-4.680928
-3.049549
-2.403671
-1.712662
-1.195228
0.170374
0.336874
-1.004784
-3.134517
-5.378607
-6.758862
-7.386140
-6.307214
-4.207111
-3.066129
-2.372320
-0.932351
-0.042325
0.184531
-1.223352
-3.625048
-5.802808
-7.042862
-6.945494
-6.714936
-4.388700
-3.305358
-2.330342
-0.675355
0.604094
0.712419
-0.589404
-2.350299
-4.649131
-6.316375
-6.830624
-5.468148
-3.389606
-2.196226
-1.537080
-0.353590
0.297338
0.796513
-0.457749
-2.943768
-5.019213
-6.218067
-5.842474
-4.229048
-3.085632
-1.499165
-0.529616
-0.164570
0.741349
0.565745
-0.641554
-2.630362
-4.869537
-6.398571
-6.075769
-4.855889
-3.069830
-2.384144
-1.622256
-1.021852
0.482629
0.192944
-0.316910
-2.450504
-5.021662
-6.623169
-6.772804
-6.048521
-4.331422
-2.672537
-1.778523
-0.779447
0.503222
1.272825
0.016488
-2.010939
-4.293513
-5.496675
-5.099211
-4.400154
-2.492794
-1.516893
-1.220280
-0.327862
0.534349
0.779354
-0.555863
-2.351558
-4.857113
-6.707118
-6.489752
-5.271019
-3.099611
-2.043713
-1.756400
-0.897249
0.355108
0.711522
-0.178655
-2.645445
-4.712352
-6.363229
-6.409191
-5.246330
-2.957155
-1.994184
-0.966724
-0.056807
0.423745
0.139859
-1.092648
-2.710499
-4.744129
-6.299872
-7.159548
-6.180789
-3.430843
-2.814425
-2.033375
-1.126388
-0.168091
0.054029
-0.580050
-3.374845
-5.621617
-7.307611
-7.535760
-5.997234
-4.136520
-2.650680
-1.994395
-0.485855
0.159371
0.221032
-1.298824
-3.130863
-5.269415
-6.180207
-6.246767
-5.218897
-3.303169
-2.098711
-1.709331
-0.638243
-0.239852
-0.303298
-1.289927
-3.065761
-5.623182
-6.868505
-7.811043
-6.497756
-4.416698
-3.153274
-2.110695
-0.571282
0.961304
1.005282
-0.809612
-3.003006
-5.342269
-6.908334
-6.662299
-5.799911
-4.327298
-2.982688
-2.244407
-0.754581
0.321820
0.096320
-1.042123
-2.845530
-5.177156
-6.460779
-6.658999
-5.327082
-3.466841
-2.750407
-1.943294
-0.860942
0.230873
0.215866
-1.050287
-3.349429
-5.414895
-7.075820
-7.194171
-4.863849
-3.266684
-2.865405
-2.485461
-0.947210
-0.102770
0.267212
-0.537893
-2.321410
-4.394157
-6.225702
-6.343550
-5.185893
-3.038345
-1.663244
-0.809931
-0.455332
0.339648
0.365255
-0.944545
-3.345194
-5.644093
-6.941679
-7.150324
-6.775937
-4.534876
-2.789463
-2.004319
-0.893841
0.297145
-0.040333
-1.383568
-3.819872
-5.847773
-7.161936
-7.658388
-6.411185
-4.398278
-3.163536
-2.743805
-1.677634
-0.114162
0.175907
-0.553093
-2.812441
-4.865863
-6.849362
-7.450267
-5.932622
-4.132387
-2.422008
-1.416525
-0.641393
0.267956
0.851723
-0.503882
-2.936740
-5.045953
-6.393115
-7.123553
-5.809586
-3.948155
-2.247795
-1.336194
-0.225253
0.714370
1.144102
-0.628520
-2.545753
-4.818234
-6.381613
-6.096566
-5.354807
-3.374773
-2.719512
-2.186533
-0.824277
0.225929
1.481691
-0.248016
-2.876556
-5.163023
-6.476924
-6.916276
-6.166532
-4.187934
-2.740114
-2.003675
-0.618766
0.018118
0.055348
-0.912364
-3.217627
-5.527564
-7.107298
-6.854898
-5.836180
-4.967970
-3.186762
-2.112091
-1.024359
0.742461
0.767540
-0.639418
-2.585091
-5.239420
-7.051359
-6.565794
-6.135511
-4.518105
-2.818430
-2.510312
-0.796445
0.305244
0.091074
-0.819183
-3.257737
-5.616348
-7.248210
-7.434691
-5.768751
-4.270272
-2.374631
-2.126804
-1.242065
0.211151
0.302994
-1.314943
-2.956044
-5.121715
-7.291412
-7.088775
-6.352761
-4.315422
-3.404679
-2.031477
-1.089274
-0.157410
-0.030129
-1.067070
-3.546844
-5.969728
-7.917912
-8.778233
-7.430807
-4.727564
-3.214099
-2.256919
-1.010995
-0.412016
-0.633486
-1.665194
-3.700438
-6.122556
-7.551960
-8.224608
-6.987476
-4.837941
-3.914954
-3.356574
-1.511674
-0.924654
-0.992380
-1.630422
-4.144930
-6.158347
-7.053076
-6.695618
-5.693151
-4.972379
-4.022193
-2.837175
-1.844134
-1.072758
-0.766688
-2.231365
-4.073352
-6.344903
-8.194120
-8.257481
-6.515169
-5.107383
-3.689084
-2.741116
-1.326962
-0.463737
-0.596224
-1.381544
-3.658646
-5.776328
-7.370100
-7.656089
-6.062987
-4.832715
-3.440255
-2.211341
-0.931877
0.206975
0.532588
-0.711604
-2.313084
-4.475629
-5.981826
-6.360358
-5.834347
-3.957963
-2.833617
-1.903250
-1.327353
-0.470253
0.026304
-1.469108
-3.246240
-5.806015
-7.709301
-8.690835
-7.597887
-5.784027
-3.986645
-2.692394
-1.831993
-0.594294
-0.744509
-1.858492
-3.607837
-5.931369
-8.048229
-8.462569
-7.833372
-5.686427
-3.488022
-2.715795
-1.521241
-0.328268
0.433462
-0.932461
-3.010306
-6.211381
-7.946017
-8.331961
-7.403337
-6.047183
-4.194975
-2.867344
-1.680676
-0.030664
-0.020817
-0.982939
-2.882422
-5.100386
-7.087467
-7.629556
-5.760592
-4.067667
-3.061005
-2.074565
-1.362150
0.296494
0.253498
-0.683821
-2.713430
-5.600557
-8.007034
-8.196095
-6.750291
-5.509980
-4.249761
-3.020849
-1.656753
-0.264631
0.218008
-0.575050
-2.943851
-4.930418
-6.637373
-7.030519
-5.795257
-3.713735
-3.335440
-2.320033
-1.349593
0.083379
0.139006
-0.957575
-3.188974
-5.621818
-7.472764
-8.561470
-6.910859
-5.381843
-3.647102
-2.719486
-1.532578
-0.471211
-0.237762
-0.644924
-3.097250
-5.573591
-7.321883
-7.497935
-6.871553
-5.092999
-3.833986
-2.868215
-1.805817
-0.689596
-0.565938
-1.536623
-3.594666
-5.665745
-7.736918
-8.616639
-7.229919
-5.519441
-3.803982
-2.427317
-1.319506
-0.157404
0.338903
-1.106221
-3.239827
-5.523593
-7.527176
-8.020459
-7.144238
-5.673801
-4.079576
-2.395039
-0.846919
0.128059
0.451564
-0.620867
-3.414891
-6.017760
-7.951334
-7.923148
-7.934530
-6.288563
-4.898682
-3.730182
-2.670952
-0.955606
-0.530509
-1.276295
-3.537227
-6.161929
-7.272107
-7.080689
-6.514320
-5.428114
-4.191561
-2.896242
-1.573690
-0.801353
-0.342300
-1.607727
-3.761619
-6.572453
-8.409886
-8.779943
-7.801717
-5.445833
-3.551294
-2.794221
-1.804275
-0.392883
0.118755
-0.999904
-3.391534
-5.773074
-7.833148
-8.075421
-7.030899
-5.274388
-3.655293
-2.577677
-1.738888
-0.951664
-0.406872
-2.103394
-4.265029
-6.444292
-8.019831
-8.141410
-6.967213
-5.346505
-4.490193
-3.312307
-2.296211
-0.987477
-0.418255
-0.754335
-2.884261
-5.352108
-6.792019
-7.147180
-5.804656
-3.818133
-2.870022
-1.452564
-0.505157
0.967787
0.842875
-0.480194
-2.961886
-6.239367
-8.500443
-8.633382
-7.956097
-6.176153
-4.522640
-3.906351
-2.259564
-1.055141
-0.585588
-1.449257
-3.718077
-6.381111
-8.450116
-8.393020
-7.168548
-5.174767
-3.736716
-2.927773
-2.163240
-0.827038
-0.201227
-1.811161
-4.200249
-6.559892
-7.429293
-7.648526
-7.177261
-5.440371
-3.733883
-2.770794
-1.508246
-0.639079
-0.126096
-0.959599
-3.522855
-6.131310
-8.307489
-9.318762
-8.211114
-6.160883
-4.182364
-2.977309
-1.367967
-0.382436
0.077938
-1.193947
-3.248194
-5.603759
-7.470678
-8.431012
-6.514656
-4.898164
-3.640306
-2.677605
-1.007172
0.130470
0.534545
-1.016088
-3.006550
-5.373128
-7.555750
-7.872962
-6.402843
-4.906258
-3.833132
-3.133707
-1.239728
-0.069541
0.292770
-1.063203
-3.628362
-5.947031
-7.827635
-8.776773
-7.639943
-5.930950
-4.099305
-3.155886
-2.043425
0.228740
0.594760
-0.528589
-2.790799
-4.976950
-7.260574
-8.472078
-7.401550
-4.951027
-3.740591
-2.489636
-1.002809
0.241135
0.384266
-0.757854
-2.921797
-5.820218
-7.987072
-8.204039
-7.677435
-5.562739
-3.765327
-3.156484
-1.927671
-0.583609
-0.061855
-1.506114
-3.520408
-6.012329
-7.754495
-8.272468
-7.294611
-5.793413
-4.547014
-3.981194
-2.493673
-0.726427
-0.377918
-1.482624
-3.680331
-6.646714
-8.368708
-9.279810
-6.998834
-5.023309
-4.230446
-3.177900
-1.714878
-0.237054
0.006364
-1.504479
-4.193214
-6.759973
-8.812904
-8.808224
-8.099393
-5.987531
-3.991701
-2.576679
-1.319594
-0.140166
0.616716
-0.527548
-3.151021
-5.601500
-7.672413
-8.308989
-7.071567
-5.200771
-3.739317
-2.937719
-1.199069
0.114748
0.728141
-0.677939
-2.924288
-5.334318
-7.359822
-7.539604
-6.056944
-5.258021
-3.681231
-2.465884
-1.205036
0.702772
0.987051
-0.380879
-2.556091
-5.350459
-7.732822
-8.022881
-6.977677
-5.780410
-4.242778
-3.086381
-1.872243
0.222654
0.573136
-0.862955
-3.101713
-5.960761
-7.930504
-8.243464
-6.971965
-5.845055
-4.595874
-3.838719
-2.379364
-0.429502
0.522098
-0.939606
-3.317044
-5.750206
-7.618000
-8.171159
-7.308347
-5.435104
-4.315288
-3.032364
-1.559320
-0.566286
0.052103
-1.129869
-3.202767
-5.531603
-7.741373
-8.371873
-7.650813
-6.043571
-4.620566
-3.245623
-1.716933
0.098759
0.574507
-0.437428
-3.373286
-6.244226
-8.433456
-9.455696
-8.590789
-6.739425
-5.183303
-3.919205
-2.113489
-0.697409
0.049948
-0.813058
-3.137130
-6.236135
-8.624552
-9.314030
-8.239761
-5.422465
-4.547486
-3.974409
-2.610455
-1.306175
-1.093262
-1.373588
-3.125710
-5.561582
-7.784619
-8.123860
-6.917821
-5.952537
-4.519081
-3.212067
-1.985849
-0.759056
0.001565
-0.943497
-3.074186
-6.103127
-8.430041
-8.822838
-8.082272
-6.210999
-4.588784
-3.442902
-1.822267
-0.262371
0.096199
-1.298779
-4.009417
-6.703457
-8.436584
-9.393173
-8.281686
-6.931259
-5.381146
-3.980613
-2.033112
-0.673416
-0.150923
-1.051490
-3.298787
-6.203983
-7.787539
-8.439274
-6.985214
-5.954793
-4.962201
-3.357951
-1.609762
-0.004868
0.832182
-0.069231
-2.683329
-5.652459
-8.048725
-8.263001
-7.362150
-5.637515
-4.576279
-3.526246
-1.988653
-0.756024
-0.125153
-0.960061
-2.959218
-6.189946
-8.223934
-8.758751
-7.217904
-5.401589
-4.293766
-2.583374
-1.151982
-0.125501
0.334804
-0.909351
-3.764344
-6.095060
-8.243517
-8.280086
-7.727663
-6.163439
-5.046211
-3.670154
-1.654462
0.415232
0.360210
-0.843160
-3.294028
-5.856462
-8.003964
-8.706896
-6.862874
-5.670317
-4.475677
-3.432714
-2.020063
-0.599470
-0.163282
-1.004799
-3.352419
-5.771176
-8.262781
-8.485242
-6.618925
-5.059567
-3.868567
-2.809851
-1.521765
-0.296021
0.537514
-0.693533
-2.975183
-5.244132
-7.209764
-7.920201
-7.533074
-5.222332
-3.917306
-2.785442
-0.649030
0.651343
1.092253
0.084319
-2.619480
-5.872010
-8.377213
-8.279131
-7.391961
-6.097297
-5.009358
-3.460309
-1.596760
0.187664
0.005504
-1.079362
-3.653325
-6.207986
-8.286886
-8.780225
-7.967188
-5.989424
-5.043866
-3.721078
-1.822693
-0.230633
0.235994
-0.929949
-3.514404
-6.202234
-7.453324
-8.274201
-7.320940
-5.821609
-4.528324
-3.171705
-1.548681
0.028406
0.331065
-0.779327
-3.182158
-6.521195
-8.969298
-9.112142
-8.028113
-6.109124
-4.662445
-3.141972
-1.913912
-0.468781
0.092632
-0.520679
-3.183314
-5.699635
-7.674577
-8.770588
-7.804483
-5.998214
-4.874134
-3.697077
-1.772879
-0.067463
0.320404
-1.371984
-3.805425
-6.909150
-8.907942
-9.052126
-8.227568
-6.734185
-5.011169
-3.619491
-1.899578
0.059113
0.498616
-0.667785
-2.614435
-5.802552
-7.926307
-7.995114
-7.306484
-5.777517
-4.270909
-3.280656
-2.028855
-0.393549
-0.003945
-0.492067
-2.772309
-5.504691
-7.664664
-7.806799
-7.057737
-5.395111
-4.502100
-3.406500
-1.763649
0.145956
0.670622
-0.366601
-2.644928
-5.472402
-7.652155
-8.698893
-7.065803
-6.011603
-4.454750
-2.572393
-0.863337
0.579231
0.802546
-0.048942
-2.201880
-4.922809
-7.463642
-7.682906
-6.169154
-4.922045
-3.945869
-2.927143
-1.993740
0.092957
0.748117
-0.027369
-2.366467
-5.209670
-7.160614
-7.659653
-6.346141
-5.135093
-3.843859
-2.485517
-0.710558
0.789066
0.986756
-0.369694
-2.420055
-5.514668
-7.499306
-7.481796
-6.950861
-5.355402
-3.678775
-2.456730
-0.238115
1.318472
1.280718
-0.161100
-2.363409
-5.596365
-8.138702
-8.589249
-7.147138
-5.948884
-4.568251
-3.547179
-1.611633
0.380667
0.461468
-0.148890
-2.349627
-5.018291
-6.903871
-7.468068
-6.634824
-5.667462
-4.197516
-2.784465
-0.736849
0.958826
1.262999
0.364219
-1.574659
-4.539611
-6.668519
-7.435584
-6.608403
-5.381817
-3.949555
-2.577360
-0.888819
1.038980
1.233576
0.294378
-1.680030
-4.597661
-7.315058
-7.950586
-6.867421
-4.778247
-3.972671
-2.516579
-0.843781
0.844083
0.900247
0.380173
-2.162991
-4.925440
-7.052162
-7.908832
-6.490644
-5.089139
-3.821177
-2.558443
-0.653785
0.484053
0.565578
-0.749012
-2.407847
-5.255819
-7.104311
-7.599273
-6.729173
-5.180340
-3.937894
-2.685513
-0.810102
0.624391
1.429377
0.021709
-2.062702
-4.107631
-6.116425
-7.379737
-6.441646
-4.477023
-2.890899
-1.432039
-0.167330
1.174839
2.005659
0.876592
-1.866287
-4.949849
-6.686695
-7.123621
-6.422936
-5.256719
-3.923739
-2.700530
-0.920916
0.492182
1.145279
0.222431
-2.523663
-5.288924
-7.535033
-8.587476
-7.670023
-6.149226
-4.296694
-2.402168
-1.048801
0.689530
1.229023
-0.217394
-2.284117
-4.780263
-7.384099
-7.960137
-6.382187
-4.791091
-4.415992
-2.903169
-0.591709
1.152683
1.390108
0.314834
-1.719187
-4.215730
-6.447129
-7.385048
-6.191585
-4.977528
-3.757761
-2.471638
-0.477180
1.401573
2.216705
1.041849
-1.386475
-4.192057
-6.289105
-6.932999
-5.691822
-4.454585
-3.363605
-1.797300
-0.266851
0.990216
0.826300
0.023110
-2.115829
-5.040500
-6.983974
-7.775313
-6.847859
-5.268996
-3.764722
-2.778366
-0.552012
0.631842
1.250960
0.507521
-2.306409
-5.442979
-8.094122
-8.435105
-7.655189
-5.381767
-4.104379
-2.758170
-1.318452
0.516440
1.156303
-0.203782
-2.682604
-5.765478
-7.675730
-8.925104
-8.233008
-6.841707
-5.276431
-4.097264
-1.871716
0.159744
1.125828
0.228084
-2.063302
-4.578972
-6.932340
-7.174252
-6.566094
-5.691340
-4.840636
-3.411877
-1.507080
0.520184
0.969899
-0.486718
-2.509345
-5.149256
-7.225698
-7.766183
-6.492336
-5.539533
-4.310300
-3.251324
-1.294674
0.744460
1.252260
-0.127158
-1.771199
-5.120868
-7.923824
-8.411697
-7.062825
-5.476716
-3.626842
-2.895634
-0.915615
1.113542
1.013287
-0.083812
-2.682785
-5.339428
-7.493743
-8.320192
-7.454902
-5.639364
-4.393374
-2.744557
-0.968266
1.441683
2.064740
1.452433
-1.666176
-5.311679
-7.266382
-7.907352
-7.345877
-5.787748
-4.157015
-2.054658
-0.013606
1.506504
1.725558
0.132502
-2.519873
-5.671479
-7.858509
-8.462856
-7.520773
-5.714813
-4.778833
-2.974359
-1.063058
1.173380
1.351591
-0.055213
-2.132357
-5.266422
-7.698391
-8.349576
-7.373168
-5.940828
-4.544800
-3.415164
-0.647694
1.036470
1.383998
0.811616
-1.934706
-4.650737
-6.770203
-7.699443
-6.950141
-5.834287
-4.608448
-2.835333
-0.746722
1.156298
1.348555
0.353323
-2.017885
-4.777798
-7.053528
-7.859295
-6.699696
-5.125536
-3.709534
-2.694784
-0.067707
1.765177
2.033110
0.881004
-1.628114
-3.987010
-6.592044
-7.463363
-6.071004
-4.995611
-4.025722
-2.991998
-0.197414
2.050922
2.274228
1.017010
-1.058527
-3.961702
-6.246925
-6.647025
-5.512884
-4.286738
-3.187888
-1.391282
0.600481
1.747880
2.982889
0.910823
-1.028772
-4.058017
-6.403705
-7.182854
-6.526483
-5.306678
-3.662690
-2.421741
0.059258
1.228490
1.918793
1.332633
-1.027632
-3.459659
-6.156271
-6.760485
-5.360626
-3.938712
-2.717643
-1.771468
-0.206044
1.804455
1.856023
0.443020
-1.941186
-4.709109
-6.912185
-7.145675
-6.816276
-5.704031
-4.224295
-2.517896
-0.448732
2.040142
2.335382
1.730889
-0.780025
-3.661449
-5.787004
-6.489089
-5.896645
-4.458848
-2.555127
-1.258475
0.477750
2.242009
2.492626
1.498528
-0.921545
-4.122408
-6.343922
-6.796927
-6.058874
-4.166425
-2.868668
-2.131301
0.113678
2.140784
2.749693
2.061529
-0.299631
-3.265177
-5.962349
-6.803399
-6.523643
-5.191802
-3.960789
-2.136819
0.198257
2.055212
3.023071
2.019489
-0.457831
-2.900925
-5.135487
-5.559632
-4.883633
-3.843669
-3.070022
-1.611819
0.566315
2.127750
3.166693
1.501287
-0.344225
-3.065218
-5.747672
-6.792435
-6.274890
-4.782175
-3.423392
-1.846900
0.241594
2.160334
2.820951
1.931456
-0.165361
-3.006720
-5.429290
-6.960413
-5.625414
-4.054602
-2.463046
-1.422326
0.502073
1.849524
2.766106
2.082165
-0.779621
-3.421628
-5.558613
-6.749431
-5.533116
-4.425530
-3.426855
-2.425192
-0.493231
1.160788
2.114388
1.045952
-1.385210
-4.313490
-6.805932
-7.535277
-6.847812
-5.183910
-3.486767
-1.991570
-0.324089
1.485512
2.398886
0.743250
-1.617558
-4.562093
-7.054380
-7.916052
-6.838919
-4.914769
-3.977479
-2.648634
-0.205636
1.265197
1.210059
0.668692
-1.128185
-3.628482
-6.060973
-7.140491
-6.227818
-5.081008
-3.503894
-1.817564
0.104133
1.836823
2.453347
1.493359
-1.056120
-3.867869
-6.066274
-6.472052
-5.654199
-4.544345
-3.224520
-1.795895
0.407946
2.335513
2.776284
1.374434
-1.006033
-4.039008
-6.371048
-6.759791
-6.180041
-4.913867
-3.670290
-1.766077
0.090871
1.628887
2.659840
2.008097
-0.501854
-3.908068
-5.931389
-6.964731
-6.582274
-4.626819
-3.345835
-1.688634
-0.128670
1.809648
2.528994
1.379768
-1.070818
-3.777189
-6.139191
-6.962974
-6.573060
-5.067090
-4.068312
-2.585226
0.155315
2.087205
2.876896
1.730331
-0.371027
-3.405666
-5.726538
-6.454783
-5.532650
-3.728822
-3.191103
-1.931505
0.151389
2.080209
3.063395
1.980276
-0.467045
-3.344920
-5.735529
-7.102929
-6.354403
-4.661112
-3.622353
-2.150745
0.156400
2.379018
2.898497
1.774113
-0.584490
-3.595738
-6.058812
-6.695426
-5.889228
-4.369349
-2.201782
-0.773521
0.505819
2.070202
2.490801
1.350605
-0.998398
-3.687147
-5.812173
-6.090956
-4.679708
-3.061732
-2.524424
-1.275871
0.366255
2.597137
3.082325
2.244976
0.421249
-2.612516
-4.956932
-5.589315
-4.510333
-3.101744
-2.222019
-1.038182
0.653742
3.460539
3.988897
2.687346
0.422765
-2.116652
-4.887800
-5.774739
-5.260484
-3.558971
-2.402530
-1.129987
0.833870
3.001204
4.080431
2.861469
0.592535
-2.593879
-4.905780
-6.054920
-5.508545
-3.809096
-2.946533
-1.299557
0.633347
2.781815
3.601704
2.593690
0.158756
-2.290751
-4.636998
-5.854559
-4.718343
-2.860747
-1.965333
-0.914256
1.108565
2.969839
3.678944
2.876301
-0.015821
-2.599252
-4.922808
-5.469037
-5.091634
-3.199626
-2.297444
-0.983175
1.043730
3.457614
3.683733
2.811563
0.399821
-2.235432
-4.454226
-5.680110
-4.917387
-3.402403
-1.934385
-0.500237
1.578495
3.383905
4.013187
3.030863
0.834643
-2.020105
-4.314069
-5.017962
-3.330960
-2.074865
-1.732623
-0.629937
1.547709
3.757592
4.675945
4.220622
2.048311
-1.266479
-4.090178
-4.935976
-3.833130
-2.300333
-1.474422
0.000634
2.199805
4.040283
5.206091
4.450905
1.805786
-1.460258
-3.701930
-4.362928
-3.769249
-2.724233
-0.917098
0.168599
2.176745
4.134697
5.109286
4.174852
2.103481
-1.002574
-3.460849
-4.204601
-3.291226
-2.148606
-1.134947
0.139179
1.962142
4.336628
5.107317
3.952608
1.644882
-0.926628
-3.400399
-3.476192
-2.811491
-1.664062
-0.886190
-0.125762
1.749146
3.943265
4.764582
3.865444
1.333939
-1.357887
-3.473035
-4.593787
-3.549355
-2.267021
-1.477490
0.349248
2.039145
4.019735
4.997474
3.936579
1.469185
-1.254912
-3.674267
-4.801754
-3.432920
-2.211264
-0.632170
0.575389
1.947227
3.982317
4.853794
3.666525
1.798830
-0.548119
-2.734625
-3.256075
-2.681942
-1.540349
-0.613324
0.702146
2.616424
4.294451
4.984649
4.156986
1.843338
-0.691928
-3.105564
-3.860699
-2.780715
-1.322976
-0.332877
-0.119412
1.820848
3.975112
5.405397
4.903160
2.520329
-0.596839
-3.196327
-4.362964
-3.116463
-1.480127
-0.748670
0.338485
2.111655
4.376997
5.207609
4.175925
2.187057
-0.527501
-2.074184
-2.619205
-1.620136
-0.663892
-0.162407
0.937514
2.641237
5.201929
5.788389
5.004877
2.468055
-0.569879
-2.097547
-2.542643
-2.062880
-0.289851
-0.176025
1.060345
3.021640
4.735507
5.503077
4.288321
1.651818
-0.664036
-2.574475
-3.003962
-1.360754
-0.637104
-0.311186
0.890060
2.243239
3.863781
5.019471
4.422247
2.898749
0.375071
-2.244268
-2.629982
-2.127242
-0.310668
0.697392
1.873985
3.496657
5.654226
6.101171
5.172113
2.438632
-0.143122
-1.764529
-2.263787
-1.349622
-0.315703
0.465395
1.389623
3.057355
4.967800
5.884665
5.272572
2.506059
0.171389
-1.631625
-2.474403
-1.875414
-0.710061
0.652799
1.373957
3.188954
5.387060
5.701340
5.041516
3.114689
1.035569
-1.377657
-2.404351
-1.470047
-0.528581
0.532561
1.783135
3.804757
5.873922
6.902918
6.120489
3.829783
1.163402
-0.510632
-1.820670
-1.054200
0.362278
1.519670
2.527784
4.909021
6.803823
7.432203
6.258039
3.729483
1.295800
-0.931492
-1.731744
-1.022989
0.125418
1.105341
2.428026
4.591967
6.619974
6.862429
5.772886
3.516792
0.919612
-0.403505
-1.029675
-0.542481
-0.005943
1.463736
2.505529
4.204709
6.560427
7.695368
6.693430
4.421930
1.714812
-0.362794
-0.389495
0.125156
0.829788
1.687156
2.799336
4.496237
6.427950
6.730986
5.627630
3.706465
1.200328
-1.154048
-1.952427
-1.140291
0.155416
0.791330
1.782377
4.211639
6.470182
6.748306
5.696501
4.077396
1.284338
-0.467808
-1.654319
-1.102062
0.497047
1.707550
2.298134
4.316063
6.600683
7.044725
5.789457
4.191195
1.424285
-0.207624
-1.488603
-1.068883
0.426403
1.592495
2.312425
3.995680
6.687670
6.991322
6.373762
3.821420
1.340273
-0.264035
-0.863060
-0.234370
0.955856
1.694411
2.734045
4.786556
6.548822
7.716570
6.512659
4.029160
1.679307
-0.205770
-1.303185
-0.594997
0.341330
1.009282
2.478616
4.486797
6.064831
6.668726
6.061632
3.429533
1.614546
-0.097623
-1.177791
-0.692263
0.536110
0.975155
2.725607
4.931007
6.784678
7.229837
6.046186
4.147513
1.932641
0.483128
-0.296094
0.198465
1.131910
1.807659
2.863367
4.575728
6.608187
6.865088
6.449409
4.455696
1.706646
0.278488
-0.209601
-0.123604
1.387177
2.293901
3.104411
4.442341
6.459835
6.985834
6.111042
4.192099
1.463243
-0.143594
-1.067776
0.435093
1.174129
1.578588
2.843798
4.459738
6.793791
7.427454
6.302488
4.002310
1.917737
-0.290261
-0.894276
0.303631
1.834997
1.663015
2.667004
4.839554
7.053934
7.761087
6.344213
4.414122
1.898327
0.068905
-0.212773
0.337297
1.078608
1.883467
2.692065
4.397954
6.582035
7.192278
6.597136
4.197225
1.608558
-0.487713
-1.311316
-0.710603
0.757717
0.682181
1.973756
4.194027
6.149149
6.520994
5.396551
3.726645
1.454776
-0.417482
-0.715955
-0.016954
1.137550
2.214149
2.177813
4.034695
5.628548
6.332848
5.662909
3.550817
1.095263
-0.784941
-1.361686
-0.562942
0.606106
1.579147
2.682035
4.000653
6.209581
6.901361
6.198946
4.231095
1.673870
0.020302
-1.315673
-0.386321
0.916159
1.588787
2.831822
4.942013
6.808760
7.152761
6.221258
4.004153
1.380371
-0.039999
-0.276968
0.569382
1.157465
1.849829
2.876463
4.717459
6.635187
7.072287
6.331863
4.437824
1.570093
-0.281116
-0.770975
0.305923
2.187374
1.900282
2.675433
4.922038
6.838247
7.584694
6.756119
4.249535
1.890435
0.321029
-0.448765
0.338526
1.218092
2.003487
3.218030
4.868569
6.312632
7.127768
6.471949
4.583979
1.797112
-0.577052
-1.220523
-0.759223
0.584951
1.827909
2.976202
5.082018
6.678495
7.237392
6.645540
4.453652
2.011860
-0.328841
-0.867455
-0.018745
1.037188
1.581343
3.001390
4.799352
6.524111
7.492664
6.633463
4.967564
2.224310
0.453197
-0.214812
0.547211
1.395218
2.333483
3.353794
5.033971
7.133921
8.348833
7.399340
4.687185
1.872499
0.322857
-0.190551
0.287346
1.501476
2.306458
3.281728
5.255836
7.217035
7.587465
6.678949
4.296742
1.179616
-0.614058
-1.012678
-0.236208
0.902321
1.599335
2.614509
4.961845
7.094553
7.325665
6.229025
4.630907
1.861556
-0.177335
-0.603283
0.141050
1.236397
2.357721
3.284498
5.319506
7.701778
7.922724
6.644882
4.717983
1.835861
-0.225254
-1.013393
0.248959
1.413250
1.976664
2.517433
4.376765
6.576605
7.190109
6.416512
4.824652
2.556976
0.862398
0.074406
0.866634
1.561832
1.845001
3.108182
5.034928
7.290131
7.811850
6.810389
4.784596
2.147007
0.577106
0.165325
0.370539
1.037045
2.216267
3.313184
4.880479
6.705145
7.115309
6.502914
4.286448
2.024866
0.255622
0.287954
1.068155
1.893284
2.267151
3.256540
5.191881
7.112701
7.609407
6.278952
4.279227
1.410267
-0.615577
-1.394274
-0.135391
0.724508
1.803818
2.633617
4.475348
6.952061
7.105629
6.372816
4.657780
2.034164
-0.274984
-0.640990
0.550287
1.732445
2.157328
2.921422
4.781901
6.989672
7.087217
6.335199
4.228821
1.739911
-0.093724
-0.972032
-0.074127
1.478008
2.231375
3.225687
4.727947
6.503458
7.271097
6.576044
4.544147
1.793689
-0.378376
-0.977901
0.216204
1.375963
1.444782
2.544640
4.796022
7.386217
7.695684
6.694311
3.752487
1.345544
-0.648887
-0.657763
0.391581
1.160345
1.605621
2.439088
4.125517
6.250463
6.600706
6.440680
4.437193
1.590722
-0.216236
-1.020772
-0.299673
1.394228
1.798462
2.354639
4.858246
6.946751
7.347300
6.450178
4.423448
1.759237
-0.314413
-0.770493
0.348566
2.071342
2.207378
3.760380
5.194731
7.024927
7.816351
7.239838
4.916722
2.369591
-0.231030
-0.805076
0.192465
1.096956
1.409330
2.399991
4.665365
7.504446
7.803381
6.560904
4.839129
2.335777
0.129297
-0.136922
0.298758
1.056599
2.214489
3.386913
4.951443
7.429079
7.647749
6.543673
4.375888
2.583415
0.914074
0.585319
0.416372
1.330442
1.972082
2.681784
5.015998
7.092487
8.102385
6.450697
4.182000
1.945465
0.265860
-0.232059
0.265079
1.377216
2.030577
3.084444
4.530396
6.628590
6.763891
5.625082
3.507232
1.378618
-0.200300
-0.283241
0.170025
1.514847
2.162077
2.496332
4.520370
6.403646
7.759935
7.153355
4.999107
2.255169
0.033399
-0.531964
-0.133207
0.805944
2.315720
3.263886
5.001545
7.004080
7.988943
6.876017
4.537606
1.545536
-0.126074
-0.540832
-0.260073
1.414049
2.194906
3.065337
4.852060
6.693346
7.335987
6.725119
4.002067
0.957004
-0.675197
-0.720056
0.359917
0.939564
1.599539
2.624991
4.479249
6.666891
7.131273
6.076103
3.645178
1.483051
0.024487
-0.844899
-0.601352
0.665920
2.159317
2.925037
4.592768
6.646963
7.667768
6.544292
4.650216
1.699983
-0.371328
-1.318402
-0.670990
0.390398
1.741873
3.071704
5.186979
6.721445
7.808371
6.825399
4.499419
2.279364
-0.327595
-1.109563
-0.580289
-0.096656
1.216033
2.673573
4.749204
6.418934
7.791510
6.620462
4.292747
1.814433
0.500354
-0.206736
0.348906
1.430952
2.567686
3.247799
5.047178
7.078453
7.550127
6.253428
4.497652
2.548583
0.510629
-0.768023
-0.102606
1.138929
2.124763
3.351032
5.155504
7.059671
8.020430
7.008905
4.603393
2.339620
0.532030
0.414441
1.003712
1.543871
1.893606
2.836493
4.664675
7.060509
7.676104
6.920252
4.949138
2.907084
0.779959
0.336691
0.873362
1.605677
2.474104
3.276855
5.387453
7.342958
7.990870
7.421360
5.265236
2.410886
-0.120045
-0.346891
0.319241
1.520702
2.559048
3.280653
5.495779
7.537476
7.816977
6.884764
4.480324
2.158512
0.529528
-0.686949
-0.180638
0.861944
1.530064
2.500033
4.527073
7.231874
8.229929
7.034389
5.051641
1.613096
-0.619688
-0.811459
0.052254
1.164650
1.913950
2.590387
4.194549
6.560360
7.916990
6.958624
4.493580
1.625762
-0.554601
-1.082313
-0.242713
1.294109
1.831224
3.139531
5.508446
6.570135
7.379366
6.532328
4.322185
1.824744
0.459283
-0.598626
0.711260
1.382221
1.993774
2.721986
4.383112
6.597822
6.867022
6.154444
3.950592
1.447440
-1.072552
-1.710625
-1.265213
-0.163999
1.494615
2.334244
4.822022
6.345551
6.980608
6.070658
3.824607
1.776277
-0.693831
-1.357109
-0.688639
1.009096
2.166380
3.084868
5.107509
6.910624
7.819780
6.905596
4.573584
2.087157
0.851387
0.352960
0.623247
1.538008
1.949601
2.829252
5.440958
7.268572
7.881128
7.016157
4.643792
1.691317
-0.185886
-1.291111
-0.298040
1.621086
2.184826
3.078748
5.225328
7.308630
7.909960
7.311432
4.950294
2.493444
-0.018213
-0.536223
-0.031109
1.223530
1.872313
2.884712
4.851492
7.052542
7.255201
6.703657
4.696465
2.120646
0.197507
0.085005
0.086954
0.916842
1.779152
3.030580
4.858157
6.872257
8.753309
7.749479
4.861344
1.881642
0.148744
-0.337331
-0.130965
0.956007
1.793559
2.896460
4.961166
7.279264
8.103697
7.169407
4.926188
1.788885
0.048216
-0.847211
-0.409256
1.387203
1.815234
2.348102
4.617052
5.851200
6.987719
5.792276
4.256678
2.102858
0.087564
-0.711558
-0.375730
0.945608
2.027256
2.977606
4.777744
7.104565
7.504534
6.837858
4.754476
1.917830
0.016487
-0.566754
0.099279
1.162079
2.617130
2.869927
4.822074
6.868906
7.671370
7.040319
4.952238
2.397213
0.051656
-0.842020
-0.071815
1.381269
1.992843
3.097126
5.220823
7.523836
8.096369
7.740618
5.172415
2.179097
0.017222
-0.534259
0.623314
1.905220
2.567375
2.915113
4.739105
6.918497
7.624147
6.496981
4.011686
0.854520
-0.825443
-1.556497
-0.224293
1.601917
2.458702
3.044572
4.326263
6.639654
7.624447
6.652483
4.227237
1.522844
0.025249
-0.419474
0.170473
0.420900
1.576890
2.337476
3.887921
6.511707
7.499043
6.092283
4.149871
1.311173
-0.829741
-1.245172
0.419083
1.154446
2.023121
2.267328
4.869178
7.235125
7.583902
6.225861
3.940106
1.317349
-0.645794
-1.165594
-0.139868
0.758612
1.533829
3.352448
5.047773
7.121138
7.432306
6.327803
3.848400
0.844392
-0.623717
-1.767294
-1.315169
0.616932
1.690958
2.785670
4.234678
6.013783
6.323524
6.007906
3.248106
0.465173
-1.679374
-2.249240
-1.559089
-0.661121
0.590016
1.981194
4.071584
6.192095
6.565670
5.889292
3.908137
1.680152
-0.763902
-1.567378
-0.812654
0.767097
1.329238
2.440265
4.466638
6.578697
7.007969
6.039696
3.745038
1.461065
-0.619466
-1.051241
-0.601373
0.795378
1.463571
2.748799
5.130272
6.615278
6.922804
6.116610
3.675339
0.956240
-1.113162
-1.272753
-0.605020
0.794031
1.115259
2.607860
4.216077
6.404028
7.555788
6.396248
4.071177
1.734591
-0.456152
-1.501091
-1.166390
0.674126
1.546242
2.565680
4.720679
6.622194
7.733282
6.842974
4.411058
2.201056
0.224965
-0.658670
0.206055
1.446892
1.897932
2.858094
4.757360
6.837345
7.367537
6.454178
4.167627
1.000560
-0.660317
-0.723271
-0.334854
0.730892
1.362542
2.851678
4.340645
6.288597
7.284733
6.575462
4.197254
1.307509
-0.810003
-1.638808
-0.421992
0.387110
1.572379
2.140985
4.230974
5.989962
7.238657
5.990377
3.804732
1.796503
-0.658945
-1.445215
-1.093660
0.016095
1.116950
2.538169
4.210378
6.807909
7.855217
6.476570
4.525899
1.926225
-0.322874
-0.612457
0.255747
1.725113
2.196156
3.492033
4.999704
6.694462
7.344984
5.915981
4.164647
1.484711
-0.565025
-1.044995
-0.442534
0.688589
1.375458
2.402125
4.514788
6.491438
6.846031
6.041113
3.963235
1.653886
-0.309607
-0.858378
0.277069
1.251904
1.428521
2.847483
4.836224
7.198177
7.347483
6.157202
3.940359
1.372656
-1.070823
-1.780317
-0.894496
0.371866
1.424497
2.311280
4.303306
6.422182
7.781839
6.138210
4.385919
1.590541
-0.841728
-1.794248
-0.162148
0.991680
2.004438
2.675646
4.411114
6.655737
7.506754
6.753378
4.075310
2.029949
-0.219251
-0.883801
-0.037412
1.468460
1.635049
1.921740
3.961634
6.421539
7.008900
6.029617
3.885818
1.715389
-0.547887
-1.549231
-0.507119
0.752411
1.604409
2.592522
5.002833
6.780783
7.947809
7.091364
4.793052
2.009321
-0.355660
-1.044377
-0.632274
1.044970
1.426778
2.477040
4.767534
7.282965
7.161100
5.840105
3.718474
1.308531
-0.299973
-0.685644
0.290863
1.354694
1.996988
2.599223
4.636577
5.976442
6.898710
5.783983
4.354835
1.298145
-1.209644
-1.731196
-0.779131
0.223392
1.053520
2.044805
3.761057
6.278131
6.976053
5.962145
4.118951
1.550016
-0.387651
-0.676647
0.484865
1.386724
1.715035
2.924362
4.646384
6.407526
7.449860
6.480953
4.329358
1.894656
-0.307490
-0.580816
-0.141013
0.666914
1.508905
2.568662
4.652205
6.240276
7.589701
6.349581
4.269416
1.917909
-0.434799
-0.612926
-0.095253
1.110342
1.907148
2.734241
4.890091
6.638983
7.362373
6.326212
4.144523
1.312758
-0.994390
-1.326427
-0.609887
0.691864
1.203294
2.493533
4.241339
6.459581
7.929348
6.405704
3.911955
1.262288
-0.759992
-1.969790
-1.798924
0.350872
0.875009
2.120826
4.297976
6.242548
6.558130
5.664932
3.307204
0.472845
-1.007489
-1.824516
-1.209005
-0.019227
0.900269
2.432270
4.303214
6.466349
6.969051
5.624229
3.755563
1.021603
-1.191108
-1.597848
-1.020238
0.127540
0.671108
1.922149
4.292512
6.778198
7.718758
6.975855
4.321202
1.807534
-0.301679
-0.942945
-0.288263
1.008675
1.755532
2.615666
4.584110
6.861134
7.541731
6.297335
3.853515
1.115900
-0.425954
-1.172700
-0.086761
0.996264
1.593610
2.907637
4.490354
6.544346
7.219934
5.930517
3.512033
0.512171
-1.348203
-1.658455
-0.907847
0.307333
0.833961
2.099516
3.761148
5.735098
6.546810
5.458250
3.576581
1.154662
-0.597679
-0.589684
0.041597
0.580111
0.613322
2.020250
4.120437
6.408188
7.761065
6.035599
4.147584
0.994374
-1.238405
-1.167345
-0.801042
0.559143
0.806237
2.233047
4.198188
6.721041
7.445526
6.341866
4.453228
1.909173
-0.172838
-0.721787
-0.519681
0.857481
1.768752
2.535821
4.244698
6.542145
7.180742
5.750200
3.958970
0.972716
-0.621438
-1.137881
-0.747986
0.264950
1.298665
2.258282
4.105085
5.851847
6.334688
5.443880
4.193725
1.168128
-1.124234
-1.776103
-0.833808
0.365456
1.247955
1.937255
3.912127
6.277311
7.151937
5.920479
3.680481
1.058239
-1.151195
-1.856246
-0.697060
0.287730
1.056609
2.211040
3.813865
5.785822
6.693007
5.939528
3.384023
1.071064
-0.869335
-1.619227
-0.947175
0.404755
1.008310
2.218461
4.585443
6.525816
7.401541
6.208784
4.328612
1.428986
-0.679530
-0.717607
-0.005433
1.793056
1.737714
2.652534
4.585285
6.841974
7.347258
6.401169
3.627348
1.233231
-0.998628
-1.662555
-0.029714
1.622076
2.258718
3.099463
5.167288
6.912931
7.043207
6.235243
3.244391
0.557023
-1.074411
-1.481454
-0.806682
0.456306
1.039077
2.513076
4.454093
6.376728
7.041399
6.238598
3.928213
1.050309
-0.814515
-1.618646
-0.491474
1.006611
1.779106
2.229892
4.295770
5.921530
7.048500
5.833830
3.506034
0.909275
-1.447371
-2.202775
-1.004407
1.136293
1.529966
2.187052
4.322601
6.439283
6.740049
5.789471
3.691005
0.749430
-1.552962
-2.020481
-1.276548
-0.282213
0.890044
2.086050
4.067831
5.989279
6.547728
5.716509
3.793771
1.322158
-0.661673
-1.719035
-1.135643
0.090548
1.584123
2.369269
4.146704
6.447062
7.013552
5.763983
4.316195
1.720781
-0.219397
-1.002707
-0.700057
0.459497
1.494651
2.698483
4.744632
6.953438
7.250513
6.301401
3.914680
1.346219
-0.876415
-1.288137
-0.595343
1.038750
1.224915
2.398740
4.565264
6.739962
7.475958
6.337841
4.138515
1.326263
-1.036342
-2.033238
-1.379060
0.065604
0.996571
2.309185
4.615968
6.310167
7.271929
5.709627
3.645106
1.014567
-0.760401
-1.328026
-1.270123
-0.088791
0.802440
1.990984
4.478007
6.358767
6.944960
5.879168
3.874778
1.106183
-1.088632
-1.668139
-0.625109
0.617243
1.690216
1.796299
3.442974
6.081985
7.073095
6.200346
3.739623
1.593801
-0.451301
-1.113859
-0.569482
1.112902
2.113733
3.104884
5.245363
6.889738
7.081724
6.060396
3.525698
1.572028
-0.454229
-1.162644
-0.535801
0.833149
1.728770
2.867830
4.463790
6.683195
7.660234
6.186308
4.293540
1.585845
-0.471946
-1.452329
-0.531168
0.481619
1.791334
3.128850
5.064984
6.440163
7.342653
6.079359
3.897839
1.061131
-1.093565
-1.634353
-0.735329
0.750450
0.997696
1.737804
4.086604
6.155199
6.581427
5.255285
3.661937
1.310566
-1.145132
-1.787837
-0.257951
0.729515
1.643793
2.317015
3.706631
6.133657
7.600811
6.000811
3.339922
0.715558
-1.717439
-2.200027
-1.637657
-0.248316
0.956455
2.442406
3.890872
6.234644
7.386889
6.418390
3.816053
1.114677
-1.053121
-1.541196
0.209112
1.257744
1.870690
2.523381
4.693887
6.814482
7.564749
6.212885
3.945512
0.895124
-0.942750
-1.430217
-0.700172
0.424862
1.301560
2.395308
4.332624
6.318319
6.675600
5.048036
2.995671
0.699261
-1.739020
-2.338118
-1.045146
0.401945
1.320864
2.825951
4.370705
6.488119
7.453592
6.659452
4.872769
1.966508
-0.462377
-0.890563
-0.086889
0.945715
1.173488
2.765069
4.883554
6.553560
7.177320
6.565866
3.737809
0.848678
-0.989412
-1.211658
-0.321470
0.458632
1.450642
2.580173
5.043839
6.755148
7.260355
6.091938
4.100869
0.730835
-1.463531
-2.151510
-1.006423
0.013380
1.104585
2.136063
4.906898
6.915657
7.412920
6.123747
3.581455
1.137956
-0.766178
-1.584167
-0.965506
0.536209
1.134367
2.616423
4.233752
5.963530
7.018744
6.148640
4.179035
1.357464
-0.727605
-1.679554
-1.437785
-0.395000
0.580467
2.381928
4.056563
6.117010
6.795313
6.148197
3.903665
1.345222
-0.596088
-1.242873
-0.561842
0.768349
1.832208
3.182299
4.764087
6.763983
6.942043
6.332840
3.874656
1.188193
-0.720661
-1.221082
-0.696774
0.492178
1.117438
1.949225
4.257229
6.386003
7.008116
5.961338
3.857109
1.652168
-0.603208
-0.776499
-0.005983
1.329679
1.912181
2.927152
4.650822
6.228762
6.750401
5.877542
3.534414
0.694263
-1.391534
-2.291237
-1.279150
-0.407350
1.057098
2.615609
4.217362
6.129900
6.492067
5.873415
3.391731
0.772587
-1.616608
-1.939065
-0.651106
0.238305
1.159107
2.579341
4.041698
5.950766
6.557299
5.629166
3.192083
0.411307
-1.462309
-2.342329
-1.336447
-0.049080
0.714515
1.945513
3.857287
5.533323
6.544727
6.033949
3.283133
0.363728
-1.375525
-1.779128
-1.216179
0.041122
1.143571
2.009437
3.176686
5.580725
6.565657
5.741335
3.426602
0.706019
-0.996911
-2.011301
-1.488605
-0.654799
0.728415
2.062033
4.213659
6.464968
7.168053
5.816755
3.429844
0.819898
-1.539495
-1.511770
-0.782838
0.180708
1.070947
2.364055
4.028977
6.134659
6.731398
5.368462
3.330888
1.316816
-0.998618
-1.508246
-0.943485
0.216516
0.697712
1.430853
3.781049
5.741690
7.024702
5.976114
3.869404
1.336452
-0.575075
-1.681730
-1.016291
0.354128
1.516629
2.468077
4.353787
6.322790
7.060230
5.821997
3.839048
1.162713
-0.675709
-1.051371
0.047858
0.922789
1.839243
2.936111
4.793839
6.782747
7.424795
6.246099
3.796232
1.183951
-0.589697
-0.874475
-0.143868
1.013296
1.359843
2.965336
4.868751
6.942972
7.426870
6.167643
3.813713
1.357752
-0.639526
-0.803069
0.070120
1.209812
1.796090
2.547639
3.986176
5.976892
6.785158
6.356546
4.573553
1.776208
-0.714556
-0.836754
-0.741129
0.776815
1.342506
2.804709
4.963656
7.122835
7.256105
6.675753
4.602238
1.738678
-0.046026
-0.843856
-0.120642
1.094294
2.025754
2.716453
4.947530
6.933874
7.403639
6.576380
4.020683
1.005271
-1.260079
-1.654356
-0.512192
0.207451
1.085110
2.327450
4.525056
6.146563
6.282898
5.843775
3.551377
1.268379
-0.488577
-1.089304
-0.181086
0.950378
1.378181
2.522425
4.721567
6.339989
7.347528
5.860281
3.606133
1.291653
-0.896925
-2.051933
-0.996076
0.187482
1.211180
2.621407
4.605516
6.735439
7.525911
6.455404
4.055885
1.152830
-0.810076
-1.291559
0.416119
1.342964
1.599099
2.925784
4.757938
6.034479
6.894453
6.013578
3.534096
1.576833
-0.478507
-0.773975
-0.591033
0.775372
1.787127
3.143013
5.194479
6.954218
6.890079
6.095961
4.042394
2.112207
-0.113779
-1.171427
-0.696893
1.124723
1.768811
2.693725
4.866332
6.852678
7.526415
6.378523
4.313077
1.568973
-0.600682
-1.233521
0.010671
0.884268
2.055214
2.922904
4.957247
6.430696
7.500578
5.862703
4.043041
1.316364
-0.522900
-1.465216
-1.073507
-0.050406
0.896004
2.070812
4.466258
6.757578
7.001822
6.357250
3.791022
1.349822
-0.948221
-1.257277
-0.371837
0.855530
1.467729
2.347424
4.248479
6.341587
7.067228
5.550686
3.478708
1.120310
-1.406420
-2.082603
-1.566258
-0.858091
0.375554
1.375116
3.417172
5.953272
6.846498
5.373457
3.777757
1.183239
-1.143934
-1.394553
-0.840756
0.375051
1.700499
2.991525
4.906908
6.613882
7.488634
6.240618
4.417557
1.190248
-1.449200
-2.037273
-1.421839
0.315618
1.027111
2.561153
4.639640
6.350403
6.882250
6.125580
3.565077
0.363271
-1.856261
-2.493811
-1.395053
0.297829
1.149007
2.139733
4.287327
6.567188
7.062834
6.489267
3.781662
0.989933
-0.900589
-1.440285
-0.513942
0.156634
1.062488
2.463677
4.856820
7.307896
7.583311
6.008379
4.082067
0.985127
-1.176849
-1.086848
-0.442285
0.876560
1.421939
2.682795
5.071856
6.698656
7.329180
6.454714
3.717973
1.674462
0.044713
-0.918315
-0.316848
0.226975
1.094558
2.331841
4.102843
6.135427
6.475622
5.930216
3.937723
1.544672
-0.544120
-1.244973
-0.724793
0.961775
1.834812
2.694461
4.568522
6.399454
6.965498
6.097609
3.656829
0.799633
-1.671483
-2.780316
-1.868417
-0.679888
0.297332
2.126428
3.644481
5.557724
6.795948
6.424524
3.616461
0.292734
-1.428743
-1.836979
-1.203902
0.448517
1.901389
2.621611
4.089333
6.274862
6.317415
5.253902
3.424728
0.944341
-1.227091
-1.657618
-0.662836
0.326052
1.616871
2.105881
4.007064
5.445051
6.693327
5.584852
3.581311
0.932850
-1.688014
-2.300900
-1.471852
-0.160705
0.512362
1.612996
3.971030
5.855959
6.132151
5.409830
2.958197
1.083335
-0.622675
-1.138174
-0.508535
0.225809
1.386028
2.524185
4.459542
6.309935
6.675995
5.773718
3.446449
1.187485
-0.951903
-1.630348
-0.297301
0.580225
1.053070
2.218446
4.104241
6.904325
6.868425
5.794073
3.530609
1.050286
-0.452659
-1.024182
-0.487121
0.801659
2.157619
2.962911
4.628446
6.548307
7.255711
6.232300
3.986744
0.951301
-1.292970
-2.046436
-1.055304
0.403522
1.157683
2.109073
4.162264
6.125231
7.245308
5.671432
3.242193
0.634965
-1.638050
-2.207645
-1.537872
-0.209751
0.920426
1.814590
4.023532
6.696117
7.137516
6.498976
4.070375
1.438898
-0.612571
-0.988876
0.076810
0.772648
1.582990
2.341702
4.648005
6.457228
6.813639
6.029301
3.112375
0.547709
-1.231272
-1.744583
-0.927523
0.373498
0.928437
2.349618
4.289925
6.297171
6.997187
5.915243
3.724466
1.469654
-0.987128
-0.994242
0.498442
1.215565
1.572759
2.668829
4.118426
6.341669
7.045359
6.029051
3.512221
0.546651
-1.137887
-1.444304
-0.820672
0.552248
1.413623
1.916054
4.204062
6.295111
