5.219707
4.697515
2.779091
0.242283
-2.258516
-2.789290
-1.722447
-0.604567
-0.060608
1.095983
3.698674
5.064505
5.796082
4.702906
2.935215
0.130160
-2.088612
-2.678019
-2.034797
-0.841881
-0.147790
1.309121
3.614911
5.594418
6.492937
5.233505
2.953076
0.240630
-1.451979
-1.983620
-1.157315
0.296556
0.711731
1.819180
3.829269
6.009846
6.502869
5.741749
2.938835
0.527748
-1.618384
-2.512105
-0.709440
0.092699
1.279507
2.179529
4.167702
6.188629
6.283077
5.061005
2.865149
0.108591
-1.756400
-2.609171
-1.427752
-0.154115
0.488851
1.741735
3.812517
6.083546
6.244293
5.023827
2.824572
0.624829
-1.749629
-2.644001
-1.825519
-0.147081
0.886049
2.156410
4.322370
6.592106
7.252066
5.677299
2.928981
-0.330173
-2.279195
-2.695502
-2.145533
-0.514920
0.694033
1.616492
3.897427
5.988380
6.385983
4.963543
2.882718
-0.052351
-2.105612
-3.301802
-2.584998
-1.387681
0.116470
1.518611
3.543966
5.414074
5.716644
4.958115
3.254652
0.239962
-2.639938
-3.334434
-2.177483
-0.268332
0.328194
1.425384
3.506759
5.552807
6.232822
5.555069
3.196219
0.479072
-2.213024
-2.627241
-2.048076
-0.673001
0.779318
1.787956
4.040938
6.071655
6.889273
5.622124
3.440880
0.574617
-1.087331
-1.728311
-0.620948
0.302955
0.630215
1.920671
3.475872
5.923344
6.487663
5.457071
3.227589
0.545476
-1.979670
-2.811183
-1.183774
0.036782
1.271360
1.967434
4.258268
6.168421
6.774994
5.575434
3.171097
0.313099
-1.772062
-2.031506
-1.630424
-0.306386
0.539767
1.325402
3.542720
5.745651
6.579262
5.225538
2.725986
-0.577383
-2.591951
-2.968818
-2.267088
-0.772147
0.065100
1.654574
3.245634
5.167315
5.989641
4.315178
1.767473
-1.069539
-3.189243
-3.771008
-2.647457
-1.271399
-0.245255
0.836141
2.496905
4.453029
4.966368
3.906826
1.808445
-0.777688
-2.912049
-3.140920
-2.352418
-0.417420
0.452666
0.967891
2.569820
4.785171
5.528116
4.843744
2.290306
-0.694417
-3.049851
-3.934448
-2.968125
-1.636559
-0.008604
1.146105
2.850148
4.662271
5.267256
4.605862
2.392235
-0.088657
-1.954185
-3.041059
-1.894866
-0.551540
0.946304
1.845689
3.076012
4.873148
5.519865
4.608028
2.433278
0.099742
-1.803446
-2.361459
-2.276151
-0.245506
0.835211
1.388288
3.186996
5.284771
5.526718
4.552547
2.433460
-0.415194
-2.095207
-2.716001
-1.438243
-0.501902
0.781352
1.500997
3.629627
5.722271
5.946247
4.616099
3.278646
0.608404
-1.517244
-1.874618
-2.187412
-0.847884
0.487550
1.889589
4.208873
6.068188
6.323250
5.106695
3.203819
0.617380
-1.514925
-2.848631
-1.764482
-0.213601
0.687698
1.150661
3.063211
6.164150
6.686327
5.836243
3.368220
0.413240
-1.942234
-3.189730
-2.331252
-0.253306
0.933652
1.661227
3.253175
5.644314
6.203403
5.242420
3.388933
0.667260
-1.323212
-2.039162
-1.311664
-0.018868
0.626965
1.912892
3.763724
6.153645
6.531677
5.607651
2.962472
-0.410692
-2.298558
-2.786340
-2.255922
-0.643136
0.889050
1.391722
2.989594
4.808592
5.758816
4.687232
2.455596
0.063962
-1.822977
-2.238203
-1.986405
-0.852178
0.449130
1.790422
3.269833
5.355024
5.778503
5.124310
2.861640
0.007595
-2.334020
-3.035212
-2.337744
-0.999571
-0.130611
1.083569
3.105670
5.370792
6.242237
4.896240
2.807012
0.508392
-2.160468
-3.417886
-2.539797
-1.100152
0.490193
1.009651
3.239634
5.676317
6.539108
5.548645
3.237974
0.531206
-1.816969
-2.822201
-1.878489
-0.805331
0.142220
1.485265
3.603590
5.913305
6.773457
5.598984
3.090601
0.069453
-1.888788
-2.371709
-1.764812
-0.610940
0.438071
1.459517
3.304406
5.537243
6.409607
5.483772
3.172543
0.636618
-1.929509
-2.811456
-1.491081
-0.585135
0.425576
1.213455
3.602749
5.558903
6.261913
5.085629
2.961092
0.478336
-2.154746
-2.962113
-1.454653
-0.606892
-0.231087
1.093996
3.183351
5.484409
5.808304
4.779024
2.678500
-0.019156
-2.347122
-2.969816
-2.390038
-0.805965
-0.008213
1.010025
2.478487
4.600580
5.404091
4.538954
2.246080
-0.352375
-1.948273
-3.210683
-2.243589
-1.095294
-0.445511
0.913543
3.102057
4.737703
5.305834
4.338283
2.074690
-0.879473
-2.554677
-2.937406
-2.277185
-1.062960
-0.305629
0.561104
2.804926
4.817574
5.249748
4.380038
2.305607
-0.598413
-2.972902
-3.049750
-2.133526
-0.659902
-0.016957
0.938360
2.507695
4.743363
6.187960
4.420882
2.172767
-0.377349
-2.442537
-3.532164
-2.804294
-1.690480
-0.881639
0.232794
2.116631
4.513303
5.451889
4.308667
2.335659
-0.140159
-1.914817
-3.222804
-2.539256
-0.793871
0.420006
1.081207
3.066747
5.099731
5.564766
4.645421
2.216013
-0.385239
-2.109567
-3.021416
-2.446761
-0.942520
-0.327716
0.971543
2.828177
5.133663
5.233313
4.190397
1.843191
-1.123499
-2.888604
-3.817921
-3.143065
-1.278729
-0.135411
0.601561
2.572972
4.688313
4.872635
4.414663
1.903034
-0.324698
-2.031534
-2.665732
-2.070831
-0.806751
-0.193350
0.646858
2.507183
4.372803
5.031876
4.140486
2.337366
-0.556146
-3.078775
-3.653921
-2.605451
-1.123524
-0.558414
0.492567
1.698502
3.606651
4.707402
3.907076
1.283503
-1.649860
-3.491203
-3.974594
-3.230096
-1.308172
-0.629924
0.445883
2.178358
4.022074
4.871037
3.899089
1.668430
-0.954441
-2.986885
-3.901761
-2.886181
-1.258914
-0.551963
0.392429
1.965831
3.723489
4.782550
3.423712
1.239923
-1.034021
-3.393057
-3.938960
-3.455400
-1.640316
-0.434128
0.390348
1.441202
4.101918
5.351742
3.914012
1.545589
-0.786929
-2.296494
-2.789875
-2.442356
-1.032683
0.310927
1.049823
2.278855
4.009092
4.906248
4.695437
2.344626
-0.419765
-3.088437
-3.682151
-2.755531
-0.984597
-0.059456
1.225909
2.737727
4.666174
5.653849
4.831648
2.174052
-0.788757
-2.950983
-3.247528
-2.392247
-1.078451
-0.139725
0.823189
2.315486
4.629064
5.420567
3.874537
1.666899
-1.211778
-3.191714
-3.893805
-3.542768
-2.042518
-0.556492
0.044672
1.856821
2.979877
3.944313
2.889400
0.395108
-2.006833
-3.928060
-4.174459
-3.287054
-1.587822
0.003847
1.367019
2.166079
3.858035
4.684200
3.836781
1.799719
-0.970265
-3.001278
-4.144135
-3.303940
-1.484630
-0.380534
1.264806
2.717199
4.198212
4.852875
3.546762
1.577255
-1.281232
-3.160039
-4.543925
-3.449401
-1.622236
-0.518539
0.251528
2.167616
4.710359
5.100298
3.750298
1.302720
-1.178808
-2.786815
-3.709273
-2.872109
-1.689467
-0.515818
0.138363
1.498843
3.809560
4.611917
3.601895
1.442726
-0.920280
-3.118828
-3.513877
-2.826289
-1.770908
0.020482
1.398274
2.137010
3.918935
4.381523
3.738213
1.466453
-1.251199
-3.395185
-4.093770
-3.241055
-1.557223
-0.517117
0.913295
2.459466
4.401290
4.967461
4.070262
2.202574
-0.425634
-2.030165
-2.321172
-1.820107
-0.488924
-0.030272
0.215204
1.937659
3.772360
4.510974
3.676066
1.524516
-1.269350
-3.147531
-3.835035
-2.978569
-1.773219
-0.851088
0.025491
1.722937
3.857027
4.686152
3.696618
0.992101
-1.492884
-3.405841
-3.899135
-2.709234
-1.146025
-0.473550
0.836230
1.998247
3.924775
4.329581
3.897346
1.474079
-1.149703
-2.811777
-3.563110
-2.284229
-0.745708
-0.961581
0.332824
1.754721
3.704659
4.054025
3.123968
1.085081
-1.712323
-3.846723
-4.266750
-2.994902
-1.906002
-0.841532
0.204608
1.314822
3.042148
3.839079
3.263805
1.494727
-1.103745
-3.239285
-3.792029
-2.741169
-1.759742
-0.763018
0.288002
1.669900
3.046189
3.777302
3.334664
1.055187
-1.797061
-4.012620
-4.759319
-3.928847
-1.844672
-0.733420
0.195086
1.998664
3.889816
4.521654
4.037467
1.115515
-1.547664
-3.626580
-4.154822
-2.717291
-1.165009
-0.675611
-0.090436
2.093362
3.815351
4.429163
4.049994
1.744376
-1.426361
-3.611368
-4.416257
-3.358926
-1.265577
-0.260157
-0.003242
1.176723
3.173544
3.846011
2.486043
0.269920
-1.933074
-3.651678
-4.374737
-4.015126
-2.131865
-0.741370
0.021426
1.246149
2.846728
3.257364
2.090094
0.243944
-2.155569
-4.191236
-4.213140
-2.889402
-1.598257
-0.229922
0.422151
1.877380
2.968667
3.624727
3.019211
0.769480
-1.506379
-3.894107
-4.481503
-3.808393
-2.208773
-1.529983
-0.186411
1.740955
3.384980
4.354403
3.736516
1.396018
-1.044162
-3.215374
-3.495883
-2.554878
-1.167555
-0.322438
0.164352
1.620900
3.518797
4.349042
3.446045
1.711595
-1.067042
-3.572839
-4.321556
-3.208870
-1.394598
-0.678432
-0.098890
1.665510
3.372172
4.515006
3.799517
1.734955
-0.935732
-3.122896
-4.196898
-2.896985
-1.962458
-0.636782
0.280939
1.535873
3.296845
4.548027
3.266192
1.116245
-1.583890
-3.586789
-4.083825
-3.166025
-1.485785
0.108641
0.200345
1.254836
3.099214
3.810158
3.667038
1.130907
-1.202595
-3.291950
-3.135385
-2.789430
-1.363409
-0.454165
0.205628
1.720516
3.342366
4.004825
3.427507
1.180582
-1.480594
-3.175974
-3.407084
-2.724525
-1.693190
-0.199593
0.570405
2.352887
4.267649
4.565120
3.289723
1.007500
-1.839508
-3.886494
-4.301805
-3.537744
-1.760794
-0.749934
0.149576
1.408298
3.012088
3.654369
3.119897
0.707606
-2.110511
-3.853749
-5.088751
-4.370811
-2.351254
-1.073723
-0.269119
1.835225
3.519557
4.500473
3.474275
1.358869
-1.339488
-2.830252
-2.859803
-2.487187
-1.083773
-0.041979
0.152540
1.845160
3.438092
4.132340
3.224549
1.048481
-1.703645
-3.550554
-3.781213
-2.532482
-1.093960
-0.160656
0.143491
1.991013
3.282962
3.714434
2.881289
0.818853
-2.355821
-4.506107
-5.039507
-3.654056
-2.130854
-0.911037
-0.142835
1.035513
2.781497
4.188890
3.193055
1.017177
-2.135405
-4.497792
-4.921212
-4.643962
-2.740498
-1.551752
-0.220592
1.211591
2.531861
3.388908
2.457176
0.064480
-2.215647
-4.613828
-5.282276
-3.854338
-2.193595
-1.271496
-0.341268
0.857343
2.304871
2.873713
2.037673
0.035863
-2.261478
-4.871522
-5.399228
-4.498683
-2.350144
-1.372337
0.249820
1.246801
2.554590
2.773893
1.747439
-0.483847
-2.825535
-5.022500
-5.431340
-4.601952
-2.347011
-1.604154
-0.504613
0.828110
2.468613
2.753263
2.188390
-0.122206
-2.749163
-4.896449
-5.020911
-3.972982
-2.964874
-1.948210
-0.729316
0.355206
2.371267
2.441548
1.388081
-0.707664
-3.588490
-6.073133
-5.928050
-4.755380
-3.498080
-1.984770
-1.465455
-0.044180
1.336241
2.225198
1.153275
-0.975482
-3.022389
-4.866401
-5.269815
-4.239838
-2.229967
-1.545140
-0.876977
0.966008
2.212516
2.212934
1.907989
-0.123635
-2.612978
-4.647652
-4.866269
-3.328132
-0.960096
0.151892
0.151488
1.422377
3.132191
3.473065
2.370344
-0.259173
-3.009533
-4.956361
-5.269957
-4.244534
-2.387218
-0.883215
-0.465768
0.678689
2.166474
3.180957
2.118290
-0.104457
-2.831331
-4.436661
-4.317229
-3.048657
-2.342197
-1.512117
-0.542867
0.969109
2.379267
3.174207
1.988955
0.036201
-2.811079
-5.021437
-5.710564
-4.320726
-1.894726
-0.805336
-0.384569
0.489204
2.067144
3.130202
3.033537
0.451270
-1.494009
-3.157286
-3.076388
-2.080519
-1.158268
-0.338726
0.414072
1.436941
3.067974
3.575234
2.948340
0.552385
-2.215640
-4.009372
-4.292050
-3.508360
-1.763115
-0.548409
-0.079742
1.039327
2.524414
3.059968
2.496604
0.319988
-2.234911
-4.363515
-5.431222
-3.957596
-1.870426
-1.029619
-0.146492
0.824994
2.729627
3.469869
2.580984
0.156874
-2.368885
-4.287734
-4.644279
-3.880618
-2.186649
-1.309937
-0.488982
0.325914
2.030033
2.472734
1.562786
-0.453274
-3.017385
-5.249649
-5.935815
-4.905674
-3.244249
-2.275742
-1.615713
0.094573
1.308744
2.526598
1.846017
-0.568196
-2.556851
-4.283243
-4.312262
-2.753984
-0.720818
-0.096422
-0.213083
1.148369
2.084631
2.697932
1.384098
-0.711049
-3.119032
-4.897745
-5.632855
-4.901016
-3.031587
-1.609541
-0.914230
0.042500
1.815847
2.074258
0.716544
-1.214019
-3.278803
-5.256975
-5.923390
-5.051858
-2.798527
-1.118464
-1.176811
0.127055
1.194895
1.950777
0.510174
-1.509489
-3.866937
-5.845750
-6.332102
-4.360577
-2.952236
-1.457314
-0.945935
0.037917
0.840899
1.404228
0.805159
-0.598039
-2.550751
-4.327511
-4.703164
-3.288326
-1.607231
-0.917999
-0.024655
0.675394
2.144225
2.234463
1.277781
-0.588834
-2.916507
-4.811769
-4.722590
-3.517762
-2.070557
-1.370827
-0.488987
0.683613
2.836143
3.360538
2.388565
-0.230797
-3.075019
-5.066980
-5.362362
-4.563181
-2.284695
-1.329191
-0.694513
0.299530
1.696635
1.730268
1.263827
-0.731563
-3.310470
-4.537515
-4.389790
-3.546227
-1.830769
-0.938860
-0.660088
0.531823
2.169021
2.566505
1.652196
-0.549170
-2.973230
-4.775001
-5.174994
-4.193302
-2.511724
-1.747081
-1.101542
0.571166
1.536176
1.972034
1.296794
-0.834631
-2.908894
-4.326768
-4.260820
-4.023167
-2.491488
-1.538768
-0.466006
0.828468
1.949225
2.398475
1.432732
-0.539695
-2.402057
-3.826142
-4.168157
-2.873171
-1.349907
-0.531952
0.061815
1.431023
2.580588
2.731274
1.967049
-0.195373
-2.601860
-4.121551
-4.581197
-3.898162
-1.813271
-0.705759
-0.150290
0.892482
2.082277
2.213301
1.517341
-0.782950
-3.172227
-5.410398
-6.075467
-5.221168
-2.936811
-1.523989
-0.971745
0.437532
2.267182
2.316834
0.677087
-1.620309
-4.153192
-5.802339
-6.700253
-4.970726
-3.013638
-2.135978
-1.248573
0.464489
1.533118
1.844334
0.039216
-1.624194
-3.936853
-5.800285
-5.988738
-5.054612
-2.273893
-1.115902
-0.662278
0.305592
1.972466
1.702982
0.461542
-0.991153
-3.170932
-4.858737
-5.633086
-4.650433
-3.614748
-2.107926
-0.723994
0.509284
1.376537
1.854420
0.576792
-1.492034
-3.694804
-5.046130
-5.516696
-4.281786
-2.958443
-1.544945
-0.623850
0.396577
1.906194
2.150948
1.735515
-0.370080
-2.526633
-4.313833
-5.007387
-4.391525
-2.412971
-0.994165
-0.380781
1.054132
2.243137
1.985598
0.990814
-0.824661
-3.338712
-5.128957
-4.828662
-3.348263
-1.372004
-0.920984
-0.576697
0.484347
1.999775
2.275774
1.154395
-1.542470
-3.949787
-6.029348
-6.248286
-4.497374
-2.168005
-1.111397
-0.314740
0.632369
1.689792
1.617826
0.370059
-1.634047
-3.362271
-5.140569
-6.039526
-4.582038
-2.981598
-2.092913
-0.723030
0.352878
1.247146
1.442556
0.698442
-1.032179
-3.096817
-4.347085
-4.988270
-4.001356
-2.631479
-1.421410
-0.473204
0.482409
2.104561
2.645499
1.583615
-0.723524
-2.614617
-4.040036
-4.614054
-3.757753
-2.046244
-1.148390
-0.316509
0.961788
2.683014
2.460522
1.096714
-1.232403
-3.283261
-4.758562
-4.678861
-3.785828
-2.469872
-1.318308
-0.640459
0.584002
1.795124
2.185370
1.158069
-0.582028
-2.956623
-4.731739
-4.500274
-3.211882
-1.338921
-0.531374
-0.653632
0.566785
2.084004
1.690098
0.787991
-0.947850
-3.043196
-4.493254
-5.090662
-3.842102
-1.889734
-0.860855
-0.451242
0.441832
1.754807
2.308524
0.994872
-1.302993
-3.108477
-4.539029
-4.916603
-4.131397
-2.154902
-1.832390
-0.725573
0.262771
1.136657
1.213243
-0.084872
-1.726998
-3.951827
-5.475707
-5.760559
-4.568289
-2.271532
-1.016079
-0.206423
0.555186
1.373386
1.618498
0.615287
-1.687825
-3.393970
-4.548734
-4.899200
-4.450805
-2.322815
-1.388395
-0.408380
0.448397
1.364470
1.464223
0.689130
-0.957873
-3.341331
-5.299572
-6.217186
-4.834720
-2.720562
-1.307997
-1.222733
-0.127627
0.933117
1.103986
0.241852
-1.828594
-4.190579
-5.745765
-6.366241
-5.508133
-3.383320
-2.042620
-1.830380
-0.272788
0.840565
0.824553
0.038708
-2.181442
-4.474024
-5.972536
-6.076970
-4.967175
-2.561321
-1.441914
-0.959056
-0.429699
1.080528
1.188285
0.100544
-2.014117
-4.151612
-5.609963
-6.369975
-4.557821
-2.882469
-1.677025
-1.074078
-0.081834
0.868234
1.136821
0.135734
-2.080512
-4.647922
-6.001347
-6.419291
-5.248646
-3.964659
-2.304699
-0.722182
-0.116902
0.301604
0.599710
-0.648935
-2.787277
-4.899381
-6.353760
-6.408998
-5.287221
-3.707483
-2.386684
-1.546672
-0.671372
0.654119
1.146914
-0.393937
-1.953728
-3.851052
-5.417423
-5.831324
-4.687389
-2.962130
-1.681864
-1.238640
0.210653
0.812019
0.526371
0.000852
-1.697069
-4.272902
-5.626179
-6.111169
-4.428192
-2.292128
-1.499464
-0.903898
-0.006266
0.657919
1.172465
0.087994
-2.288486
-4.497592
-6.177673
-6.278477
-4.820453
-3.007477
-1.530941
-1.334606
-0.441526
0.835355
1.466519
-0.220892
-2.188848
-4.218724
-5.979137
-6.292089
-5.060921
-3.286901
-1.992085
-1.386261
-0.446118
0.581115
0.911901
-0.112493
-1.936407
-4.307572
-5.754758
-5.771122
-4.434059
-2.359594
-1.186422
-1.202074
-0.452588
0.859574
1.786492
0.641756
-1.595594
-3.865227
-5.492149
-6.094762
-4.742504
-2.636156
-1.390322
-0.961657
0.140192
1.412119
1.983190
0.095454
-1.806813
-4.302156
-6.238557
-6.759734
-5.778508
-3.933701
-2.493294
-2.311563
-0.982186
-0.196533
-0.344198
-0.922444
-2.464984
-4.522446
-5.391627
-5.796013
-4.100351
-2.226151
-1.827259
-1.624016
-0.394588
0.145370
0.190578
-0.518572
-2.447936
-4.696333
-5.851443
-6.315077
-5.514254
-2.949202
-1.945248
-1.043118
-0.140187
0.546227
0.370614
0.000887
-2.104030
-4.616325
-5.768660
-5.146205
-4.904965
-3.341711
-1.939514
-1.871430
-0.639024
0.216903
0.678155
-0.623307
-2.503262
-4.733335
-6.720995
-6.780788
-5.007229
-3.834833
-2.565216
-1.993989
-1.192307
0.094745
0.225897
-0.758927
-2.807158
-4.945774
-6.602562
-6.604982
-5.687969
-4.315798
-2.521034
-2.021154
-0.822600
-0.517118
-0.360175
-1.383944
-3.391328
-5.449787
-6.633718
-6.799706
-5.468998
-3.499323
-2.532747
-1.843206
-1.206207
-0.038296
-0.356988
-1.464776
-3.231317
-5.567330
-7.027604
-7.220062
-6.231383
-3.902077
-2.634867
-1.913012
-0.595577
0.159163
-0.304682
-1.081085
-3.057068
-5.354028
-7.003232
-6.145924
-5.619225
-3.699820
-1.929808
-1.417111
-0.707978
-0.453332
-0.186959
-1.818650
-3.817854
-5.849504
-7.161427
-7.048712
-5.453481
-3.987057
-2.791870
-2.209063
-1.203911
0.051746
-0.092134
-1.149135
-2.914423
-5.157164
-6.566195
-6.410656
-5.363903
-3.853731
-2.268038
-1.454841
-1.099781
0.322402
0.159583
-1.352231
-2.992253
-5.078032
-6.984276
-7.083832
-5.886470
-4.090937
-2.640661
-2.242051
-1.214828
0.148174
1.076724
-0.218955
-2.773675
-5.144486
-7.009310
-6.827395
-5.832213
-3.671997
-2.309921
-1.649243
-0.776043
-0.195542
-0.384801
-1.293537
-2.962291
-5.186773
-6.844873
-6.676607
-5.337882
-3.632360
-2.209246
-1.726712
-0.837252
0.179942
0.248537
-0.825123
-2.970377
-5.315251
-6.988280
-7.204543
-5.724487
-3.552958
-2.453285
-1.886830
-0.911242
0.478434
0.002174
-0.568597
-2.816866
-5.414495
-6.899296
-6.675679
-5.164040
-2.948669
-2.362270
-2.085362
-1.099074
-0.169420
0.403554
-1.022508
-2.766146
-4.566271
-5.763377
-5.850104
-5.329310
-3.205584
-2.588860
-2.164682
-0.860112
0.130344
-0.009645
-0.600307
-2.180613
-4.446569
-5.549683
-6.069727
-4.818741
-3.422401
-2.459419
-1.814502
-0.494239
0.215527
-0.019637
-0.708420
-2.688687
-5.015684
-6.136445
-7.283133
-6.053956
-3.680000
-2.233181
-1.408891
-0.354007
0.496578
0.776582
-0.300721
-2.774207
-4.855590
-6.259100
-6.416853
-5.147904
-3.299242
-1.907179
-1.198214
-0.199738
0.509822
0.872222
-0.480206
-2.284948
-4.356556
-6.016057
-6.300224
-5.326292
-3.273840
-1.965836
-1.249282
-0.291335
0.447057
0.188254
-0.857738
-2.676884
-4.869169
-6.201608
-6.514711
-5.665879
-3.679731
-1.838636
-1.709916
-0.580781
0.539315
0.995907
0.230000
-1.701660
-3.423766
-5.146062
-5.638811
-4.787275
-2.417416
-1.459255
-0.520051
0.167301
1.877749
2.145077
0.249345
-1.576424
-4.260280
-5.980039
-6.754313
-5.556133
-3.236629
-2.382318
-1.280311
0.125056
0.930667
0.707452
0.300475
-2.526319
-4.833755
-6.103801
-6.332556
-5.006437
-3.370085
-2.598915
-2.032335
-1.010217
0.346505
0.450433
-0.585373
-2.943885
-5.396819
-6.808696
-7.599683
-6.101420
-4.490992
-2.992000
-2.065588
-0.775727
0.149675
0.453805
-0.519737
-2.314736
-4.285036
-5.707515
-6.309433
-5.209785
-3.271599
-2.302013
-1.792156
-1.183305
-0.030788
0.061930
-0.839399
-2.553639
-4.984267
-7.235400
-7.256790
-6.401896
-4.437138
-2.832651
-2.469208
-1.233450
-0.095848
-0.382237
-1.420792
-3.366539
-5.827745
-7.007364
-6.707808
-6.333454
-4.429174
-3.284557
-2.923790
-1.652429
-0.822230
-0.807076
-1.139629
-3.402298
-5.408317
-7.201821
-7.361300
-6.170274
-4.217670
-2.936360
-2.577768
-0.980074
0.200350
0.169978
-1.383767
-3.543370
-5.641705
-6.517467
-7.237341
-6.163215
-3.931410
-2.759746
-1.898658
-0.890591
0.115614
0.677006
-0.530566
-2.852806
-5.087355
-6.369924
-6.571553
-5.166274
-3.472134
-2.387589
-1.410543
-1.128213
-0.068411
0.008335
-1.226779
-2.751543
-4.489649
-5.645997
-5.981519
-5.194554
-3.495800
-2.582894
-1.633514
-0.450924
0.590536
0.495651
-0.572903
-2.509266
-5.278598
-6.729234
-7.525436
-5.988853
-4.247890
-2.768385
-2.238812
-0.495933
-0.061220
-0.421685
-1.409521
-3.620651
-5.590025
-6.820199
-6.532969
-5.994339
-4.226313
-2.500088
-1.441093
-1.088190
-0.104825
0.202028
-1.107229
-2.697916
-5.000453
-6.006877
-5.691999
-5.148157
-3.600946
-2.507049
-1.135672
0.079498
0.395715
0.972024
-0.293567
-2.361228
-4.628353
-6.233439
-6.118500
-5.329952
-3.159454
-1.761969
-1.305990
-0.387985
1.188653
0.397509
-0.660418
-2.701288
-4.999000
-6.620945
-6.845220
-5.324151
-3.756901
-3.430683
-2.200435
-1.429443
-0.312307
-0.057947
-0.864878
-3.323978
-6.021996
-7.875481
-8.000680
-6.986504
-5.056886
-4.032720
-3.166665
-2.222616
-1.058256
-0.749994
-1.799499
-3.509412
-5.739687
-7.250381
-7.403820
-5.838752
-3.839739
-2.707999
-2.632052
-1.639316
-0.721307
-0.505190
-1.678337
-3.854958
-6.418183
-7.443234
-7.364919
-6.049230
-4.215764
-2.828990
-2.008888
-1.107824
-0.546145
-0.311597
-1.230198
-3.337973
-5.757636
-7.128825
-7.437389
-6.568102
-5.008000
-3.302691
-2.059324
-0.896566
-0.031671
-0.328638
-1.323538
-3.293571
-5.473605
-6.906028
-7.275005
-5.951420
-4.694499
-3.151350
-2.672543
-1.454402
-0.631655
-0.910042
-1.987333
-4.177181
-6.144166
-7.874711
-7.748960
-6.782781
-4.790919
-3.793358
-3.048599
-1.891253
-0.589688
-0.143475
-1.264059
-3.687204
-6.026782
-7.540835
-7.036471
-5.963753
-4.587056
-3.255195
-2.588244
-1.557494
-0.238454
-0.275507
-1.629078
-3.705964
-6.025068
-7.857670
-8.381886
-6.665506
-5.121243
-3.965643
-3.063593
-1.834089
-0.342932
-0.239906
-0.813970
-3.453128
-6.092091
-7.692406
-8.265504
-6.676735
-4.765131
-3.172742
-2.703787
-1.184127
-0.308182
-0.093683
-1.687098
-3.866475
-5.737213
-7.386714
-7.647515
-6.578123
-5.080032
-3.867886
-2.786757
-1.583115
-0.727709
-0.068286
-1.249205
-3.111731
-5.182408
-6.748606
-7.103398
-6.307185
-4.568801
-3.067331
-2.179035
-1.198474
-0.062416
-0.106031
-1.507868
-3.643649
-5.880575
-7.770825
-8.183454
-7.250629
-4.975078
-3.453761
-3.005371
-1.742945
-0.451399
-0.516367
-1.331995
-3.174836
-5.919941
-7.327378
-7.889965
-6.301633
-4.663123
-3.700765
-2.681719
-1.696781
-0.654445
-0.258448
-1.322371
-3.420432
-5.607419
-6.735137
-7.796874
-6.656816
-5.054818
-3.300841
-2.744493
-1.371399
-0.159795
0.155506
-1.296150
-3.611369
-6.295339
-8.084012
-8.077271
-6.370318
-4.760293
-2.948648
-2.258356
-1.290895
-0.185448
0.323549
-1.087480
-3.146164
-5.478346
-6.901918
-7.421638
-6.509539
-4.888515
-3.119511
-2.192567
-1.250439
-0.369727
-0.132232
-1.068748
-2.886436
-5.108922
-6.820800
-6.864556
-5.914226
-4.511012
-3.312055
-2.721553
-1.778499
-0.708675
-0.434060
-1.410660
-3.181086
-5.614997
-7.765628
-8.054721
-6.980943
-5.072832
-3.049988
-2.406001
-1.703677
-0.495287
-0.273983
-1.283646
-3.678580
-5.727481
-7.190244
-7.327084
-6.077024
-4.725964
-3.236667
-2.236166
-1.364575
-0.724417
-0.196834
-0.714617
-2.220849
-4.925310
-7.259056
-7.030951
-5.974509
-4.767629
-3.366768
-2.311027
-1.089291
0.360327
0.698227
-0.387232
-2.811901
-5.569828
-7.516027
-7.944510
-6.686976
-4.992144
-3.672925
-2.446157
-1.295365
-0.251442
-0.233179
-1.360018
-3.548259
-5.953957
-8.044295
-7.668036
-6.389437
-5.150183
-3.877277
-2.976376
-1.497072
-0.171119
0.644554
-0.024518
-1.857695
-4.342611
-6.688288
-7.130466
-6.116142
-4.190121
-2.529280
-1.286468
-0.165931
1.083912
0.756168
-0.340090
-2.461834
-5.080479
-7.200203
-7.614767
-6.502502
-4.694134
-2.872169
-2.077027
-1.019243
-0.198521
0.132131
-1.277353
-2.631626
-5.112131
-7.088968
-8.080894
-6.881288
-5.000611
-3.878636
-2.887650
-1.569320
0.023289
-0.078967
-1.068754
-2.796234
-5.318010
-7.473121
-7.932727
-6.810979
-5.588405
-4.188762
-3.477568
-2.148325
-0.724156
-0.180226
-0.877098
-3.180794
-5.395749
-7.495218
-7.599010
-7.124724
-4.862632
-3.629279
-2.647940
-1.354147
-0.059349
0.398245
-0.051592
-2.549227
-5.747860
-7.977692
-8.107147
-7.186152
-5.778652
-4.024607
-2.813385
-1.680346
0.483764
1.196842
0.113427
-3.047237
-5.878128
-8.401257
-8.329738
-6.999174
-5.359600
-4.287326
-3.565044
-1.971963
-1.165132
-0.336744
-1.179234
-3.298906
-6.129004
-7.832498
-8.245552
-7.036306
-5.964675
-4.288763
-2.978205
-1.814452
-0.240461
0.472022
-1.218296
-2.846833
-5.833404
-7.757611
-8.357847
-6.712708
-4.339477
-3.370437
-2.405002
-1.396270
-0.544912
0.079767
-1.184414
-3.133125
-5.803393
-7.769476
-7.835597
-6.759275
-5.584013
-3.909163
-2.526713
-1.349140
0.044540
0.920612
-0.585972
-2.659835
-5.632573
-8.135315
-8.132244
-7.452708
-5.880586
-3.904286
-2.899632
-1.597259
-0.227383
0.228373
-0.737133
-3.220849
-5.922924
-8.163651
-8.999657
-7.584168
-5.135478
-4.585711
-3.767200
-2.280510
-0.432949
0.752251
-0.330179
-2.770716
-5.201594
-7.109875
-7.409412
-6.473353
-4.818346
-3.634120
-2.094246
-0.977216
0.113276
0.612344
-0.227901
-2.693950
-5.414321
-7.432184
-8.121203
-7.404065
-5.965908
-4.164995
-2.695467
-1.320712
0.259247
0.053739
-1.054747
-3.114244
-5.364901
-7.371315
-7.828480
-6.978456
-5.618960
-4.295432
-3.905403
-2.309992
-0.798437
-0.454054
-1.250286
-3.071761
-5.407413
-7.021540
-7.397592
-6.641117
-5.155105
-3.682187
-2.517566
-0.911980
0.675435
0.380108
-0.744379
-2.918642
-5.612182
-7.968861
-8.873052
-7.364761
-5.354262
-4.099083
-3.181672
-1.748727
-0.460759
0.286554
-1.159437
-3.560376
-6.229725
-8.095783
-8.781111
-8.338820
-6.383128
-4.312059
-3.015155
-1.580829
-0.302958
0.465334
-1.025763
-3.062490
-5.820231
-7.393414
-7.419561
-6.436331
-5.228330
-3.660118
-2.202341
-0.917781
0.043148
-0.039164
-0.891623
-2.849316
-5.947580
-7.789116
-8.248595
-6.934285
-5.874242
-4.753438
-3.320387
-1.747928
0.058157
0.670139
-0.775930
-3.112395
-5.870427
-8.110449
-7.956226
-6.703642
-5.327563
-3.808572
-2.208759
-1.337830
0.251001
0.630894
-0.359598
-3.199454
-5.675664
-7.956828
-8.740194
-8.272025
-6.363415
-4.091411
-3.639546
-2.242809
-0.691028
-0.048464
-1.116212
-3.353276
-5.701413
-7.242537
-8.099385
-6.864506
-5.304196
-4.298765
-3.559989
-1.755112
-0.511028
0.185144
-0.875706
-3.537128
-5.856462
-7.977588
-8.798806
-7.860919
-5.407623
-4.347412
-3.216293
-1.615341
-0.123655
0.046636
-0.764620
-3.308765
-5.644199
-7.542513
-7.587325
-7.105832
-5.629126
-4.449608
-3.114008
-1.565535
-0.170553
-0.013172
-1.281656
-2.978512
-5.519904
-7.220627
-8.134007
-7.671760
-5.995465
-4.534156
-4.057390
-2.237985
-0.620857
0.393629
-1.028559
-3.400851
-5.626783
-7.579117
-8.197593
-6.655647
-5.317665
-3.901636
-3.434461
-1.105475
0.278237
0.717566
-0.109055
-1.815948
-4.328889
-6.372361
-6.654404
-5.978532
-5.022124
-4.092840
-3.304609
-1.777389
-0.384804
-0.102440
-1.195088
-3.363352
-5.923829
-8.466354
-8.740946
-7.265195
-5.705249
-4.601044
-3.754133
-2.149168
-0.587967
0.384341
-0.632431
-2.550209
-5.295226
-7.409247
-7.255010
-5.985139
-4.527371
-3.533113
-2.890430
-1.190413
0.108225
0.287001
-0.664274
-3.042147
-5.578940
-7.681636
-8.410526
-7.574562
-5.268901
-4.600722
-3.322586
-1.732140
-0.272614
0.760256
-0.229652
-3.221065
-5.656519
-7.973583
-8.614014
-7.279078
-5.262925
-3.899123
-3.187324
-1.836779
-0.290588
-0.031630
-1.332180
-3.378084
-6.000594
-8.136899
-8.447676
-7.584076
-5.966672
-4.567750
-3.624187
-2.291439
-0.982761
-0.005484
-0.666796
-3.065516
-5.510018
-7.884808
-8.120571
-7.095181
-5.059175
-3.504078
-2.667986
-1.167946
0.303684
0.462554
-0.998981
-3.091495
-6.155424
-8.056699
-8.777365
-7.633545
-5.697234
-4.033272
-3.154527
-1.800122
-0.169864
0.132067
-0.825524
-2.436619
-5.376676
-8.179831
-8.599083
-7.444011
-5.785313
-4.238011
-3.386748
-1.771721
0.024641
0.331005
-0.692595
-2.676436
-5.417342
-7.677841
-7.949339
-6.432376
-4.777011
-3.894367
-3.408869
-1.791464
-0.221311
0.524261
-0.672675
-2.619112
-5.231721
-7.168273
-8.144535
-7.409110
-5.730418
-4.353385
-3.351750
-1.222845
0.172157
0.464472
-0.172281
-2.304173
-5.025408
-7.561981
-8.277340
-6.853886
-5.012443
-3.786287
-2.532919
-1.172047
0.359305
1.366173
0.183706
-2.175441
-4.762043
-6.593860
-7.067865
-6.332198
-5.266934
-3.771129
-2.759235
-1.518267
0.064998
0.636021
-0.191485
-2.355408
-4.962403
-7.704694
-8.357040
-7.055767
-6.082590
-4.233168
-2.913441
-1.264591
0.247034
0.341768
-0.348886
-2.688270
-5.034807
-6.625923
-6.750020
-5.974275
-4.608885
-3.413107
-2.146221
-0.295000
0.852934
1.382570
-0.198285
-2.512734
-5.035640
-7.034117
-7.188843
-6.170683
-5.058486
-3.830982
-2.561870
-0.694762
0.471010
0.501007
-0.782243
-2.698338
-5.851560
-7.834676
-8.683456
-7.294586
-5.815203
-4.868069
-3.284376
-2.012411
-0.578923
0.043227
-0.075291
-2.404318
-5.089969
-7.470206
-7.962144
-6.463493
-4.647975
-3.524678
-2.660855
-1.140253
0.496927
0.825356
-0.135144
-2.480114
-5.359546
-7.478443
-8.375004
-7.105679
-5.609906
-4.216580
-3.207117
-1.351410
0.583170
1.079591
-0.511320
-2.636478
-5.569729
-7.561387
-8.189568
-7.262063
-6.450110
-5.264599
-3.921467
-2.091066
-0.337835
0.141367
-1.112396
-2.898077
-5.854700
-7.503961
-8.379211
-7.296325
-6.245334
-4.878419
-3.971095
-1.997579
-0.518515
-0.003206
-0.793161
-3.553685
-5.926577
-8.625257
-9.286646
-7.864562
-6.290343
-4.468721
-3.499352
-2.069609
-0.754964
0.174027
-0.235933
-2.684978
-4.724053
-7.373637
-8.153225
-7.155871
-5.520668
-4.702850
-3.349422
-1.708314
0.137341
0.556612
0.004967
-2.479422
-5.308291
-7.421079
-7.634615
-6.479020
-4.896529
-4.154958
-3.230778
-1.362373
0.660791
0.748991
-0.334065
-2.504366
-5.556945
-7.815315
-8.735181
-7.719254
-6.178468
-4.342586
-3.130649
-1.676552
0.026919
0.773649
0.180515
-2.051435
-4.139598
-6.393524
-7.091636
-6.738853
-5.326526
-3.750226
-2.591773
-0.851413
1.485933
1.482201
0.157633
-2.174185
-5.259561
-7.723053
-8.707260
-7.494935
-5.849356
-4.600919
-3.041556
-0.874542
0.894630
1.464939
0.400778
-2.425364
-4.892980
-6.894189
-7.711493
-7.019156
-5.190802
-3.709040
-2.399236
-1.149591
0.913237
1.209608
-0.200354
-1.980072
-4.324168
-6.605838
-7.388295
-6.477512
-4.768011
-4.081875
-2.553550
-1.224651
0.093377
0.655807
0.169109
-2.017404
-4.721998
-6.611529
-7.502050
-6.326325
-4.866842
-4.025415
-2.341655
-0.442242
1.463498
1.454045
0.245209
-2.094039
-4.699800
-6.689366
-7.455627
-6.126241
-5.192774
-3.530119
-2.765408
-1.164423
0.893919
1.405386
0.812835
-1.443974
-3.384909
-6.197525
-7.284436
-5.918966
-4.318320
-3.151644
-2.143695
-1.016827
0.900291
1.895334
0.614300
-1.444233
-3.865280
-6.077788
-6.578824
-5.994856
-4.305957
-3.288774
-1.836597
-0.355628
0.769211
1.681505
0.329584
-1.711040
-3.948153
-6.622762
-7.486535
-6.049430
-4.492077
-3.437434
-2.383330
-0.105655
1.522717
2.137956
1.207323
-1.056227
-3.998444
-6.590322
-7.195768
-6.297743
-4.667500
-3.132234
-1.717346
0.285307
2.340471
2.831158
1.095499
-1.475044
-3.845521
-6.114304
-6.771415
-6.066768
-4.452534
-3.458197
-2.303509
-1.034471
0.676208
0.981679
0.186142
-1.806407
-4.376690
-6.724500
-7.336374
-6.623237
-4.813869
-4.038314
-2.638780
-0.719490
0.649965
1.235604
0.628883
-1.636619
-4.403399
-6.873148
-7.593157
-6.420584
-5.515210
-4.408116
-2.878304
-1.057617
0.799236
1.148855
0.414238
-2.101912
-4.902277
-7.021088
-7.722318
-6.803639
-5.042549
-3.543970
-2.830552
-1.151842
0.686558
1.512344
0.914984
-2.249699
-5.164678
-7.441755
-7.740641
-6.744267
-5.526663
-4.168940
-3.189742
-1.224824
0.724777
1.324373
0.549248
-1.554844
-4.049610
-6.497336
-6.980683
-5.954737
-4.437817
-2.696077
-1.927530
0.016225
1.692131
2.242918
1.173353
-0.705263
-4.026582
-6.251034
-7.565826
-6.718999
-5.238653
-4.103218
-2.387313
-0.114859
1.344815
2.130530
0.912903
-1.404358
-3.956897
-6.336932
-7.258433
-6.361986
-5.041671
-3.575967
-2.642367
-0.951365
1.378435
1.611443
0.480125
-1.204563
-3.957387
-6.666383
-7.613406
-6.460333
-5.039723
-3.588970
-2.706582
-1.145826
0.646476
1.212208
0.967144
-1.244116
-4.167832
-6.609225
-8.008511
-7.327442
-5.322770
-3.605768
-2.367367
-0.209051
1.731966
2.434479
1.430176
-1.072010
-3.998509
-6.232810
-7.022345
-6.439553
-5.089361
-3.726464
-2.127770
-0.182199
1.547419
2.417003
1.461866
-1.439185
-3.803532
-6.175583
-7.300287
-6.454945
-4.846994
-3.994028
-2.846883
-0.494297
1.229699
2.301437
1.748605
-0.283150
-3.267362
-5.523861
-6.246409
-4.694041
-3.188727
-2.408112
-1.391750
0.118706
1.694139
2.457697
1.885042
-0.547989
-3.456475
-5.796893
-6.367199
-5.374271
-3.493428
-2.481148
-2.032677
-0.089092
1.844728
3.140633
1.617989
-0.779795
-3.466003
-5.722863
-6.197454
-5.848413
-4.613773
-3.948127
-2.139279
0.065614
2.429322
2.989016
2.180290
0.116358
-2.707075
-5.136302
-5.862944
-4.746566
-3.798217
-2.758582
-1.914273
-0.154642
2.222539
2.039280
0.949808
-1.486511
-4.090088
-6.694789
-7.379235
-6.081820
-4.662614
-3.706994
-2.520802
-0.752043
0.896273
1.478954
0.697058
-1.452588
-4.447997
-6.420879
-7.254938
-6.146250
-4.235410
-3.079657
-1.530468
-0.052698
1.528183
2.135447
1.493787
-1.024286
-3.410438
-5.522623
-6.521689
-5.733693
-4.310198
-2.754763
-1.210361
-0.074419
1.602304
2.291769
1.216763
-0.459887
-3.096317
-5.218821
-5.366758
-4.417474
-2.828128
-2.009992
-0.669958
0.408040
2.488590
2.656103
1.875719
-0.252061
-3.059525
-5.130214
-6.183981
-5.472846
-4.257899
-3.095510
-1.899226
-0.100914
1.704439
2.376860
1.484808
-0.419165
-3.111339
-5.442688
-6.374642
-5.669708
-4.232359
-2.943338
-1.708351
-0.029253
2.417963
3.573225
2.431474
-0.030220
-2.322217
-5.196724
-6.245269
-5.359954
-3.824599
-2.628334
-1.207864
1.373817
3.131958
3.792347
3.130058
0.615294
-2.399756
-4.884583
-5.434005
-4.053059
-2.720472
-1.690033
-0.479572
1.689572
3.297727
3.844053
3.358637
0.976608
-2.203051
-4.732784
-5.372568
-4.553329
-2.435672
-1.264962
-0.300912
1.348475
2.936773
3.701505
3.304813
0.567556
-1.979664
-4.105232
-4.471035
-2.737552
-1.444668
-0.731223
-0.445121
1.229451
2.983001
4.230311
3.357077
0.945423
-1.823600
-4.351662
-4.948681
-3.882165
-2.677333
-1.690917
-0.012529
1.988169
3.597224
4.497602
3.840428
1.339922
-1.453861
-3.563475
-4.550122
-3.539795
-2.226640
-1.303429
-0.133818
1.539106
3.897044
4.202868
3.439527
1.285566
-1.415245
-3.817644
-4.455840
-4.063527
-1.405006
-1.134832
-0.476969
1.107635
3.276280
3.860739
2.896738
1.326183
-1.590660
-3.982945
-4.405399
-3.853026
-2.424833
-1.350360
-0.459867
1.673155
3.887146
4.913509
3.446421
1.026276
-1.643748
-4.061076
-4.632284
-4.049955
-2.742823
-1.613094
-0.302079
1.733537
4.023044
4.630629
3.426331
1.419879
-1.546556
-4.076331
-4.202718
-3.387681
-1.845232
-1.259956
-0.678291
1.597310
3.711358
4.431206
3.657919
1.468145
-1.308905
-3.690586
-4.046722
-3.175364
-2.817735
-1.957118
-0.429910
1.400982
3.750263
4.497928
3.993259
1.415607
-1.087045
-3.458343
-4.271313
-3.255374
-1.909436
-0.989300
0.835552
2.697021
4.573811
5.607559
4.504511
2.144722
-0.818464
-2.839367
-3.931958
-2.900996
-1.601210
-0.900690
0.336483
2.373614
4.656804
5.287704
4.110291
1.768300
-0.756222
-2.935162
-4.307489
-3.255711
-1.477107
-0.569540
0.387973
2.141391
4.640350
5.240250
4.278116
1.922629
-0.054919
-2.516856
-3.745701
-3.265325
-2.039606
-0.839844
0.725892
2.945071
5.207375
5.294785
4.711701
1.949735
-0.757607
-2.943347
-3.657318
-2.446866
-1.317776
-0.659216
0.621466
2.295687
4.065665
4.778728
3.899033
1.617479
-0.530367
-3.009289
-3.777940
-2.993220
-1.289539
-0.044050
1.528893
2.739912
4.556259
5.219309
4.210534
1.815746
-0.943161
-2.738819
-3.241599
-3.002639
-1.806363
-0.370551
0.683681
3.222334
4.532962
5.103432
4.086166
2.224627
0.119002
-1.838998
-2.283525
-1.388627
-0.904621
0.231329
1.489072
3.049459
5.099140
6.181297
5.361094
3.347741
0.637685
-1.912352
-3.091702
-2.315781
-1.235414
-0.145453
1.554034
3.630966
6.142586
6.772772
5.291199
2.944763
0.316224
-1.534889
-2.123200
-1.499390
0.098310
1.086568
1.741326
3.534730
5.570305
7.038368
5.969559
3.533656
1.214128
-0.733160
-1.324324
-1.445632
0.037014
0.808503
2.002117
4.032948
5.923986
6.525284
5.232792
3.680619
0.889649
-0.936117
-1.956444
-1.260135
-0.153830
0.356742
1.551208
3.453330
5.345173
6.672777
5.534214
2.923198
0.467643
-1.807153
-1.962327
-1.133756
-0.555586
0.378449
1.915901
4.009745
5.947998
6.521618
5.815670
3.500545
0.824456
-0.794765
-1.501436
-1.091663
0.028896
0.680701
1.550364
3.524089
5.557655
5.905972
5.320263
3.008711
0.747488
-1.231137
-1.813072
-1.297244
0.043587
0.897381
2.016443
3.280864
5.569889
6.363882
5.496466
2.997042
0.143329
-2.232510
-3.369011
-1.926085
-0.570770
0.202652
1.387778
3.138699
4.903509
6.058979
5.234797
3.008546
0.557133
-1.372383
-1.555297
-0.729254
0.368767
0.669796
1.740837
3.502179
5.415789
6.184521
5.481949
3.162126
0.641852
-1.321670
-1.784692
-0.553905
0.296829
1.500603
2.365113
3.851871
5.662235
6.650551
5.857784
3.388672
0.511530
-1.121859
-1.376997
-0.146900
1.408356
1.526525
2.320045
4.048431
6.349796
6.182884
5.288013
3.293897
0.864316
-1.392467
-2.005852
-1.154610
0.600428
1.663282
2.671136
4.549020
7.079554
7.401787
6.201515
3.997597
1.404460
-0.369721
-1.150575
-0.350891
0.955286
1.742264
3.137225
4.843426
7.045650
7.228584
6.158089
4.386172
1.950437
0.211583
-0.500381
-0.004051
0.725872
2.044083
3.059049
4.384497
6.143837
6.505733
5.378658
4.092058
1.505204
-0.014871
-0.684305
-0.091789
1.312702
1.962276
2.864915
4.542703
6.188606
6.832645
5.656578
2.957898
0.647589
-1.362424
-1.849987
-1.207853
0.269560
1.017894
2.016108
4.016796
6.022804
6.388643
5.297203
3.239130
1.009001
-0.946472
-1.205671
-1.008552
0.359142
1.276624
2.138013
4.302068
6.218649
7.179955
6.152983
3.793675
1.475805
0.241755
-0.871004
-0.394619
0.950855
1.631174
2.668074
4.228980
6.368158
7.334929
6.427994
4.145054
1.792256
0.180974
-0.526004
0.095253
1.061987
1.547070
2.625310
4.316274
6.326145
7.528656
6.513824
4.083321
1.644643
-0.313749
-0.790471
0.145819
1.187372
1.653667
2.911327
5.027155
6.543701
6.884932
6.090260
4.115186
1.457766
-0.435010
-1.450380
-0.495569
0.473656
0.767044
2.099113
3.954337
6.413088
7.239994
6.494572
4.355220
2.088597
0.117031
-0.016896
0.372078
1.716455
2.353096
2.940794
4.598744
6.975494
7.705133
6.282227
4.334682
1.795725
-0.322070
-1.151073
-0.367161
0.789896
1.934605
2.546081
4.937565
7.154236
7.526796
6.248037
4.058880
1.397051
-0.371508
-0.861023
-0.305057
0.736116
1.797997
2.610703
4.290860
6.710182
7.098234
5.995169
3.909642
1.416697
-0.375468
-0.095825
0.752857
1.376024
2.123043
2.827914
4.605518
6.606487
6.994686
6.440266
4.108828
1.144521
-1.053186
-1.696942
-0.918489
0.425167
1.246254
2.359241
4.131471
6.205212
6.476437
5.669708
3.880050
1.588039
-0.341876
-0.249330
-0.147078
0.569870
1.565546
2.944835
4.644915
6.363537
7.403812
6.412884
4.534681
1.877256
-0.452156
-1.285954
0.314566
1.371641
1.772215
3.092148
5.035297
6.408829
7.343956
6.454636
4.232445
1.406730
-0.444070
-0.737813
-0.016356
1.213190
1.835489
2.699595
4.716925
6.838772
7.425289
6.478783
4.217576
1.838253
-0.466694
-1.230806
-0.288734
1.032238
2.012615
2.751595
4.800781
6.753212
7.961996
6.912722
4.678900
1.950603
-0.352567
-1.154664
0.324902
1.156147
1.771538
3.047738
4.874874
6.974712
8.636780
7.192917
5.228361
2.505874
0.227281
-0.709649
-0.165886
1.591312
2.110394
3.112945
5.562794
7.663765
8.038671
7.220942
4.930168
1.821303
-0.281040
-1.054877
0.077168
1.943586
1.994463
2.688382
4.977989
6.721977
7.837290
6.191797
4.351439
1.888649
-0.138114
-0.672617
0.232185
1.414700
1.375996
2.528845
4.045817
6.633865
7.318233
6.105860
4.173238
1.239846
-0.588415
-1.049477
-0.297018
1.177128
2.095676
2.700737
4.240109
6.572229
7.277409
6.448654
4.352139
1.862963
-0.015077
-0.973521
-0.223984
1.416464
1.875576
2.918674
4.240072
6.268356
7.620209
6.926847
3.982521
2.016480
0.362541
-0.259136
0.632463
1.857601
2.593218
2.928488
4.519339
6.475548
7.000858
6.422234
4.162502
1.328159
-1.006843
-1.416824
-0.105175
1.308397
1.700680
2.162531
3.999050
6.294418
7.310730
6.516945
4.253734
1.587491
-0.293756
-1.078544
0.265621
1.265892
2.064556
3.206525
4.390372
6.347515
7.148972
6.612766
4.461057
2.025821
0.031157
-0.345538
0.668999
1.335043
2.194653
3.259219
5.072275
7.090841
7.914492
7.140181
5.005272
1.735159
0.074938
-0.861117
-0.419774
0.985970
1.567453
2.734657
4.644359
7.062439
7.846170
6.713724
4.283805
1.685895
-0.491756
-1.510417
-0.483699
0.782843
1.270784
2.284443
4.267579
6.357357
6.266937
5.876034
4.032176
1.317614
-0.427163
-1.463069
-0.363352
1.336456
2.250963
3.082141
4.438473
6.485447
7.416874
6.238886
4.486907
2.183007
0.354721
-1.055467
0.046078
1.056026
1.907188
2.903272
4.644021
6.948385
7.228039
6.238808
3.544600
1.001925
-1.000693
-1.167017
-0.679807
0.440029
1.463436
3.060062
4.299715
5.816650
6.768764
5.660858
3.938478
0.977758
-1.401954
-1.292866
-0.403193
1.047478
1.714375
2.302423
4.248725
6.206982
6.666725
5.921410
3.646065
1.190230
-0.719631
-1.842154
-0.692293
0.754196
1.084164
2.060836
4.267450
6.648338
6.513103
5.463627
3.007072
1.074607
-0.678154
-1.196516
-0.284418
0.553366
1.128799
2.495831
4.284111
6.725653
7.154892
5.635471
3.363122
0.895630
-0.550903
-1.283631
-0.607719
0.604073
1.407740
2.504579
4.265535
6.598667
6.936062
5.849247
4.187208
2.263125
0.011537
-0.774932
-0.512372
1.155851
2.272348
3.041632
4.742337
6.223776
7.221281
5.917593
3.460559
1.977198
0.548481
0.029640
0.683874
1.196148
1.666447
2.902477
4.850109
6.673315
6.851280
6.001240
3.838981
0.960465
-0.840110
-1.537113
-0.496262
1.348057
1.741623
3.006508
4.983059
6.786022
7.407555
6.217171
4.133362
1.899990
-0.418547
-0.464338
-0.073875
0.762445
1.885132
2.631157
4.628458
6.285898
6.897007
5.886173
3.483000
1.531778
-0.601829
-1.484136
-0.654997
1.257992
1.890377
3.119802
4.442152
6.344154
6.358007
5.816933
3.611061
1.587962
-0.330701
-0.502035
0.380604
1.623657
2.108805
2.799293
4.197048
5.535938
6.775661
5.699652
3.610711
1.664084
-0.319389
-0.506520
0.397758
0.905216
1.959360
2.557260
4.394621
5.930660
6.390682
5.223759
3.162616
0.809672
-0.932050
-1.322291
-0.697994
1.089241
1.994350
2.737891
4.676994
6.628546
6.834837
5.809013
3.586709
0.340237
-1.644248
-1.838345
-1.040308
0.284395
1.170851
2.553220
4.196639
6.111227
6.872904
5.961681
4.166150
1.680886
-0.431705
-1.582208
-0.778563
0.163862
1.640688
2.240901
3.860675
6.316042
7.165527
6.084850
3.774787
0.940038
-0.776156
-1.142825
-0.646796
0.661276
1.281162
2.509511
4.836433
6.638256
7.176220
6.594028
4.483748
1.910196
0.061411
-0.074929
0.420515
1.174158
1.762745
2.644422
5.075748
6.805752
7.517448
6.186539
4.079326
1.748510
-0.469678
-0.581770
0.491259
1.977768
2.841793
3.757504
5.543236
7.072649
7.816727
6.304531
4.906158
2.020906
0.167646
-1.283325
-0.769468
0.935272
1.815437
3.142138
5.594513
6.869698
7.389675
6.297394
4.153083
1.201595
-0.615352
-0.963797
-0.205442
0.855316
1.424195
2.203754
4.400135
6.696846
7.542168
6.184921
4.091216
1.083310
-0.420817
0.027026
-0.365175
0.629467
1.567478
2.382541
3.880847
6.087849
7.134575
6.854870
4.149224
1.939399
-0.166562
-0.723037
-0.497402
0.399429
1.742472
2.690130
4.355732
6.800938
7.094418
6.114763
4.039310
1.729297
-0.333663
-0.802828
0.138077
1.061911
1.705570
2.750810
4.704430
6.420664
7.488979
6.277870
3.991366
1.234687
-0.660516
-0.939678
-0.557715
0.988588
1.732864
2.673080
4.390910
6.046976
6.582298
5.656933
3.290694
1.337718
-0.603655
-1.078075
-0.158434
0.762344
1.865013
2.186791
4.073494
6.709829
7.761255
6.328680
4.395775
1.831916
-0.743609
-1.417558
-0.903849
0.168139
1.300184
2.565735
4.522064
6.310072
6.907852
6.358583
4.094496
0.921123
-1.257528
-1.532682
-0.582559
0.650782
1.569206
2.764318
4.271243
6.836388
7.284931
6.146984
3.856915
1.074039
-0.897892
-1.657730
-0.708203
1.517212
1.993292
3.067924
4.929291
6.476948
7.051510
6.089140
3.877509
1.678769
-0.346334
-1.230101
-0.206200
1.211796
1.861782
2.811755
4.183327
6.533356
7.621325
6.560427
4.248831
1.745388
0.132225
-0.978344
-0.146372
0.582956
1.545343
2.980082
4.693857
6.363686
7.548937
6.755581
4.482510
1.415684
-0.304258
-1.108606
-0.419367
0.946573
1.928232
2.996745
5.189114
7.139692
7.934624
6.474869
4.466834
2.418074
0.271153
-1.012187
-0.130577
1.537683
2.176403
3.231340
4.711732
6.245663
6.903465
6.162174
4.748116
2.537208
0.052358
-0.986728
0.009033
1.074842
2.050621
3.445372
5.190529
6.803173
7.344763
6.335228
3.792602
1.681831
-0.320888
-0.785309
-0.192307
0.924459
1.882753
2.526210
5.067307
7.595802
7.356964
6.842773
4.594753
1.649454
-0.707431
-1.025764
-0.159775
1.415306
1.789408
2.789077
4.414370
6.714672
7.863068
6.779308
4.250067
1.542050
-0.171660
-0.874710
-0.774329
0.676632
1.231710
2.623522
4.679754
6.221760
6.647423
5.718067
3.831740
1.351745
-0.752712
-1.258554
-0.051714
1.118311
1.846622
2.588452
4.377860
6.450211
6.875593
5.705687
3.954525
1.445163
-0.709434
-1.068783
-0.312441
0.445017
1.876694
3.133164
4.330333
6.387749
7.071123
5.855839
4.311075
1.381596
-0.262967
-1.054612
-0.596503
0.174707
1.219216
2.911108
4.303774
6.265015
7.067621
5.882435
3.557337
1.121882
-0.804201
-1.213541
-0.114794
0.790230
1.215184
2.319634
4.205206
6.650417
7.631353
5.797770
3.990968
1.797321
-0.482917
-0.922091
0.007097
1.578867
1.824800
2.539560
4.537516
5.996078
7.000008
6.060091
3.962950
1.452483
-0.239699
-0.501244
0.126432
0.608253
1.304200
2.301378
4.175950
6.292171
7.060684
6.023350
3.769928
1.175408
-0.813846
-2.044194
-1.289427
0.207253
1.391299
2.219868
4.015889
6.025421
7.434731
6.352783
4.350415
1.806544
-0.334309
-0.202225
0.702330
2.087090
2.362911
2.700470
4.514891
6.857193
7.475029
6.897305
4.541166
2.084246
-0.027139
-1.321973
-0.647248
0.312319
1.244396
2.630294
4.604426
6.557806
7.233656
6.838326
4.020891
1.145537
-0.666823
-0.605947
-0.262968
0.545944
1.439027
2.391071
4.589168
6.541763
7.781034
6.341736
4.070331
1.312403
-0.849994
-1.708047
-0.971427
0.727818
1.066659
1.699527
3.851424
6.076599
6.969849
6.012789
3.390717
0.897174
-0.612866
-1.352482
-0.262936
1.042498
1.734653
2.429068
4.130349
6.215099
6.183395
5.502857
3.412495
1.027541
-0.999987
-1.866479
-0.888766
0.111643
0.908723
2.321659
4.538111
6.459629
7.037453
5.712503
3.774590
1.251546
-0.910980
-1.148189
-0.349962
0.331013
1.295671
2.168416
3.947318
5.799843
6.625416
5.974762
3.851578
1.049263
-1.038422
-1.883974
-0.776249
1.188442
1.542098
2.307088
4.393320
6.409431
7.241283
5.788073
3.475230
1.040376
-1.040923
-2.119400
-1.674696
-0.209468
0.677750
1.812060
3.751431
5.744835
6.678978
5.608850
3.623071
0.965903
-1.075749
-1.826257
-1.190867
-0.048884
0.739312
1.948983
4.449741
7.012390
7.557121
6.340326
3.872633
0.957950
-0.973131
-1.663459
-0.658551
1.042757
1.638760
2.271889
4.294992
6.328808
6.892359
5.653587
3.397418
1.207758
-0.619815
-1.502823
-1.113697
0.225777
1.657777
2.270797
4.272195
5.833965
6.860214
6.019638
3.609100
0.913154
-1.048490
-1.987164
-0.595327
0.926640
1.330506
1.945991
4.097005
6.503983
6.878990
5.530922
2.986932
0.372879
-1.665271
-2.510169
-1.640993
0.302942
1.020737
2.281452
3.835979
6.309025
6.493813
5.420231
3.270902
0.366786
-1.507768
-2.164698
-1.243607
0.178617
0.995921
2.215178
4.170100
6.337185
7.144268
5.865788
3.405601
1.098674
-1.044274
-1.598815
-0.789325
0.555103
1.505407
3.117169
4.495725
6.583574
7.859491
6.502293
4.005501
1.115101
-1.016264
-1.865416
-1.100458
0.109975
0.600412
1.811488
4.346634
6.809357
7.585651
6.814474
3.965050
1.458263
-0.315055
-1.205838
-0.556188
0.609978
1.703848
2.623437
4.629352
6.082205
6.546543
5.474350
3.997186
1.298706
-1.280532
-2.225614
-1.371908
0.245316
1.062641
2.537637
4.241581
5.657141
6.811550
5.612911
3.210206
0.722833
-1.297265
-1.157045
0.129284
1.201752
1.528299
2.804875
4.697155
6.210863
6.945480
5.880066
3.407592
1.010078
-0.999991
-1.542564
-0.549575
0.560534
1.495748
2.137493
4.116022
5.758488
6.799309
5.699696
3.872359
0.814797
-1.267949
-2.010708
-1.219615
-0.299826
0.954721
2.005515
4.067139
6.463825
6.834379
5.619610
3.783295
0.980552
-0.834795
-1.731638
-0.414985
0.777950
0.819011
1.290140
3.788577
6.844002
7.601210
6.198612
4.047170
1.501906
-1.278911
-2.081905
-1.236093
-0.139934
1.091791
2.058584
4.238511
6.653061
6.928001
6.191616
3.870073
1.307513
-0.614423
-1.454796
-0.326593
0.635559
1.115407
2.361088
4.327165
6.213284
6.833347
6.077381
3.906680
1.506245
-0.596697
-1.960957
-1.111856
0.099354
0.835507
2.031047
3.787772
5.471632
6.419226
5.668798
3.764084
1.545554
-0.082221
-1.267004
-0.679375
0.891201
1.340846
2.625813
4.561962
6.517969
6.625538
5.710131
3.716026
0.840453
-1.901881
-2.395050
-1.137731
-0.385121
0.488160
2.135896
4.331649
5.757809
6.724382
5.764835
3.315742
0.820776
-1.145431
-1.737283
-1.028868
0.475428
0.952952
1.769735
4.294236
6.076355
6.632080
4.998142
3.321167
0.898990
-0.883853
-2.205081
-1.613244
0.123497
0.819681
1.927216
3.800973
5.806602
6.466057
5.857199
3.545911
1.138116
-1.218469
-2.094103
-0.619585
0.861010
1.517104
2.108027
4.471803
6.074972
6.761953
5.568844
3.935409
1.089344
-1.085138
-0.895537
-0.116466
1.250473
1.637081
2.655385
4.268257
5.859722
6.679306
5.178555
3.294572
0.710585
-1.432200
-1.458274
-0.682240
0.285273
0.572310
1.618027
3.876774
5.340851
6.369328
5.841316
2.800006
0.251896
-0.712507
-1.512723
-0.681395
0.401951
1.632582
2.116084
4.117320
5.919704
6.488003
5.443867
3.530373
0.458560
-1.137716
-2.123841
-1.252504
0.381372
1.682171
2.076699
3.696444
5.610374
6.572323
5.508057
3.036994
1.200003
-1.117670
-2.189748
-1.272840
-0.008846
0.906313
2.155747
3.883320
6.756599
7.438347
5.119707
3.810911
1.059153
-1.469285
-1.960893
-0.794748
0.834379
1.755681
2.461934
4.344388
6.333807
7.030552
5.735249
3.829435
0.632874
-1.226984
-1.595791
-0.471545
0.386600
1.218273
2.573545
4.954559
6.674759
6.907761
5.693863
3.518977
0.611169
-1.515044
-2.104367
-1.024331
0.009323
0.939214
2.122983
4.196866
5.770599
6.226061
5.902945
4.053246
1.577052
-0.398769
-1.562750
-0.834262
0.552902
1.687008
3.289766
4.977951
6.662024
7.505903
5.981129
3.772261
1.005516
-1.073243
-1.732909
-0.823192
0.740637
1.173840
2.354264
4.449744
6.173058
6.826935
6.029242
3.781574
0.723163
-0.832752
-1.773379
-1.302937
0.320433
1.487903
2.225196
4.193015
6.510677
7.357071
6.001585
3.653098
0.634897
-1.349498
-1.952956
-0.778356
0.356182
1.013947
1.978126
3.899152
5.523407
5.764225
5.029392
3.511641
0.827951
-1.368125
-1.726728
-0.657878
0.143681
1.281978
1.801357
3.906852
6.313469
6.888020
5.956970
3.404706
0.856298
-1.166297
-2.139237
-1.148524
-0.212141
0.949925
1.810558
4.090750
5.844883
6.540020
5.890354
3.316562
0.637018
-1.059539
-1.707850
-1.261249
0.322775
1.555510
2.673352
4.219131
6.032038
6.472651
6.057976
3.943016
0.905179
-1.169827
-1.515619
-0.681644
0.731470
1.739525
2.569620
4.344031
6.089384
6.426205
5.419205
4.038492
1.534554
-0.489836
-1.343721
-0.656607
0.490995
1.069352
2.221787
4.454295
6.618465
6.882294
5.791512
3.650871
0.649168
-1.415381
-2.017459
-1.404186
0.339680
1.202502
2.140022
4.044188
5.925755
6.291420
5.170479
3.108248
0.393463
-1.619590
-2.399128
-1.564694
-0.169616
0.655627
1.720891
3.720882
5.847099
6.292429
5.177601
2.810335
-0.118932
-2.172912
-2.720539
-1.388620
0.112243
1.281889
2.241283
3.615681
5.240868
5.858505
5.524429
2.679338
0.133761
-1.557121
-2.416769
-2.184691
-0.617822
0.549557
1.676610
3.270264
5.349388
7.003117
5.236851
3.482025
0.871104
-0.815099
-1.697340
-0.670740
0.425388
1.216687
1.977650
4.000366
6.119122
6.427313
5.648113
3.314111
1.433448
-0.439775
-1.521400
-0.767228
0.247618
1.174153
2.803220
4.804932
6.023794
6.292088
5.285412
3.416825
0.642437
-1.313118
-2.039497
-1.713180
-0.611453
0.811163
1.737984
3.663880
5.889912
6.344582
5.996220
3.909676
1.479454
-0.492556
-1.246639
-0.552131
0.790518
1.844332
2.946273
4.515440
6.443756
7.016582
6.000824
3.231889
0.795566
-1.041326
-1.809171
-0.662382
0.566837
1.049860
2.250930
3.734738
5.580425
6.652967
5.977150
3.800504
1.425505
-0.492426
-1.363504
-0.590699
1.217304
1.803760
2.866826
4.400759
6.391106
7.297369
6.262592
4.278696
1.178145
-1.006596
-1.984031
-0.872654
0.530424
1.844379
2.324140
3.884442
6.385927
7.409773
6.000225
3.840817
1.414815
-0.537204
-1.365574
-0.501287
1.272402
1.923992
2.835003
4.408566
6.582720
7.435814
6.467346
4.698572
1.871414
-0.704653
-0.521139
0.507725
1.385815
1.566033
3.128253
5.188808
7.101364
7.935139
6.980093
4.031961
1.459946
-0.462034
-1.260049
0.584534
0.717094
1.319266
2.285933
4.720691
6.586327
6.854462
6.099842
3.989629
1.636375
-0.370639
-1.604834
-0.474607
0.544870
1.451104
2.048330
3.896070
5.880249
5.841339
4.965664
3.467270
0.678470
-1.028849
-1.639098
-0.633163
0.470545
1.193019
2.458105
4.638783
5.925274
6.329006
5.755625
3.811338
1.063627
-0.337993
-0.662799
-0.191262
0.924593
2.078081
2.740245
4.300392
6.278549
6.940666
5.902439
3.751034
0.986590
-1.452125
-2.165079
-1.442304
0.317478
1.603501
2.620489
4.035163
6.030048
6.418507
5.657904
3.357401
1.158762
-0.626195
-0.999427
-0.942719
0.033506
0.507171
1.634104
4.044405
6.144024
6.811569
5.876827
3.864676
0.960505
-1.031802
-1.762660
-1.558828
0.165380
0.685760
2.121788
4.460467
6.501766
7.234856
5.997608
3.907093
0.508633
-1.358017
-1.757644
-0.847348
-0.017730
1.021516
2.370089
4.061171
6.205265
6.613903
6.099730
3.454885
0.971430
-0.772374
-1.611474
-0.781658
0.896069
1.549516
2.199888
4.399484
6.615337
6.947527
6.197798
3.972300
1.619303
-0.935963
-1.762608
-1.234963
0.118299
0.704271
2.030040
3.955953
6.100737
6.443043
5.862671
3.994961
1.063495
-1.193583
-1.771825
-0.609424
0.710089
1.305628
2.570119
4.488129
6.679274
7.678169
6.628485
3.587131
0.670908
-1.354506
-2.112594
-1.290152
0.524652
1.210471
1.789049
4.357171
6.423304
7.236683
6.050243
3.618420
0.499930
-1.612954
-2.041576
-1.637202
-0.074554
1.259149
2.069867
3.817853
5.811964
6.782618
6.334805
3.100841
1.046962
-0.811077
-1.496453
-1.108457
0.390936
1.324306
1.884656
3.893699
5.675362
6.514439
5.514303
3.422560
1.264406
-1.185053
-1.601489
-0.297652
0.711838
1.405577
2.146891
4.100372
6.071232
6.648384
5.530403
3.069181
0.140533
-1.687210
-2.468766
-1.019768
0.196201
0.687289
1.611386
4.095023
6.027973
6.557613
5.712280
3.509794
1.085173
-1.192472
-1.878402
-1.073380
0.509979
1.082657
1.952160
3.882455
5.818693
6.534294
5.971579
3.552404
0.903216
-1.321626
-1.683285
-0.697398
0.636763
1.235423
2.370373
4.152751
6.544533
7.036873
6.392178
3.173228
0.865994
-0.523993
-1.174347
-0.758789
0.505276
1.411521
2.531722
4.529121
6.304276
6.447857
5.606476
3.332160
0.521455
-1.437965
-1.746443
-0.826829
0.727791
0.999970
1.958097
3.754890
6.172287
6.865396
5.855865
3.532578
0.993000
-1.087318
-1.442541
-0.586144
0.364141
1.089465
2.864807
4.306125
6.036400
6.933037
6.051685
3.433382
1.165112
-0.991217
-1.312801
-0.717369
0.332775
1.125722
2.051570
3.972076
5.959686
6.771791
5.682827
3.286242
0.984463
-0.858790
-2.154241
-1.374950
0.027646
0.926288
2.332348
4.303397
6.111122
7.616755
6.250202
3.600200
0.968314
-0.646381
-1.592126
-0.828001
0.456532
1.068117
2.098475
3.998391
6.218521
6.997440
6.225616
3.871989
1.636571
-0.745765
-1.337716
-0.705384
0.430134
1.225016
2.406002
4.521618
6.637634
6.755112
5.249722
3.710955
0.826516
-1.056767
-1.199881
-1.114180
0.025340
0.938260
2.274195
4.956388
6.978447
7.707630
6.120991
3.663577
0.773014
-1.075460
-1.532917
-0.578030
0.411139
0.755752
2.506824
4.600809
6.334824
7.888733
6.532360
4.312883
1.958832
-0.337588
-1.666119
-0.617099
0.006923
0.681689
2.424610
4.706715
6.675503
7.160421
6.041409
4.098886
1.110984
-1.054049
-0.866453
-0.606770
0.657034
1.369257
2.618291
5.434982
7.069372
7.407663
6.374847
3.818104
1.412838
-0.902371
-1.469981
-0.738394
0.503511
1.219837
2.413434
4.251589
6.141579
7.360485
6.198456
3.723400
1.187156
-1.123179
-2.291247
-1.169635
0.214428
1.157177
2.058206
3.817322
6.442131
6.779900
5.793112
3.338838
0.986334
-1.650836
-2.919879
-1.642476
0.132889
0.276539
1.508546
4.093399
5.970486
6.667049
5.472181
2.985581
0.403590
-1.842420
-2.605172
-1.561060
0.231285
0.783099
1.908490
4.101258
5.664228
6.259296
5.588120
3.210861
1.049142
-1.541883
-2.261115
-1.512306
-0.497725
-0.061076
1.547463
3.678564
6.235851
6.520653
5.833664
3.618724
1.113957
-1.535011
-2.079829
-1.143178
0.370640
0.861259
1.840297
4.032994
6.374924
6.776752
5.802151
3.856101
1.167640
-0.944080
-1.470125
-0.615161
0.607380
1.038367
2.439505
4.243240
6.116154
6.409929
5.564720
3.193360
0.569997
-1.280786
-1.181088
-0.340897
0.903608
0.975240
1.952054
3.649593
5.755581
6.876625
6.066570
4.409089
1.776138
-0.531036
-1.482700
-0.863449
0.461824
1.443864
3.148752
4.434579
6.694397
7.417809
6.409863
3.622962
0.828792
-1.203944
-1.200663
-0.629835
0.272936
1.590474
2.210533
4.111839
6.516659
6.749630
6.129581
3.833275
0.884175
-1.390617
-2.203105
-1.428237
0.170654
0.620342
1.296058
3.756765
6.294147
6.821037
5.648678
3.380136
0.631022
-1.828444
-2.026638
-1.938163
-0.707715
0.404940
1.976478
4.460922
6.377634
6.603527
5.986628
3.797350
1.287201
-0.859519
-0.855929
0.114098
1.116323
1.480553
2.099966
4.664209
7.200937
7.498335
6.172913
3.762876
0.842840
-1.138556
-2.255869
-1.063692
0.624046
1.088078
2.121517
4.532714
6.373888
7.355453
6.104256
3.617206
1.027916
-0.964787
-1.289575
-0.573183
0.681097
1.273994
2.068555
4.461029
6.516983
6.732677
5.820620
3.443788
0.614261
-1.601370
-2.746568
-1.718175
0.315420
0.524955
2.307746
3.651765
5.617538
6.384998
5.211948
2.941614
0.260295
-2.272573
-2.634547
-1.675719
-0.546857
0.516896
1.733981
3.585340
5.773485
6.368717
5.252966
2.918310
0.017374
-2.201664
-2.785607
-1.187107
-0.247586
0.119226
1.299570
3.251484
5.921745
6.647036
5.182102
3.136626
0.369450
-2.143752
-1.872864
-0.714121
-0.185023
0.909800
1.961963
3.941133
6.487373
7.178017
5.605894
3.016034
1.001462
-0.993213
-1.590713
-1.290867
0.312302
0.892758
1.774748
3.781836
6.012510
6.430534
5.684067
3.174558
0.540860
-1.356566
-2.529959
-1.864775
-0.500904
0.618807
2.115762
3.777365
5.831863
6.909824
5.520796
3.026851
0.333718
-1.743135
-2.390805
-1.618507
-0.549221
0.261619
1.522497
3.473206
5.822140
7.443298
6.445488
3.739267
0.754760
-1.607210
-2.082410
-0.888735
-0.014857
1.160246
1.863419
4.109626
6.041748
6.907375
5.454800
3.418450
0.651553
-1.716131
-2.040401
-1.595513
0.264124
1.314975
1.765178
3.519830
5.925758
