6.473795
6.270060
3.593375
1.221524
-1.312870
-1.717476
-0.977038
0.023126
0.969733
2.442183
4.385552
5.910212
6.677118
5.704006
3.297759
-0.143029
-2.156410
-2.887011
-2.014616
-0.409080
0.311900
1.622036
3.538374
5.766951
6.427713
5.029774
2.487904
0.495473
-1.680282
-2.932347
-2.335693
-0.660195
0.480689
1.663910
3.809224
5.623343
6.165623
4.953175
2.742912
0.232546
-2.177911
-3.212150
-2.319086
-0.648269
0.365129
2.157942
3.890062
5.557613
5.770964
4.404780
2.120104
-0.016676
-1.664718
-2.658671
-1.656533
-0.581662
0.284348
0.951161
3.137483
5.379354
6.425230
5.039309
2.801063
0.174781
-1.583246
-3.119512
-1.748297
-0.512679
0.468832
1.730914
3.853375
5.933683
6.441660
4.962667
2.426465
-0.071228
-2.138772
-2.604757
-2.355493
-0.479877
0.856068
1.969608
4.074937
5.708609
6.461424
5.393158
2.941668
0.490193
-1.639523
-2.632822
-1.351380
-0.497092
-0.063342
1.277437
3.596029
6.382759
7.106329
5.369154
3.330518
0.843308
-1.241034
-1.748580
-1.305797
0.101363
1.357259
2.237339
4.349143
5.937828
6.852028
5.661936
3.098560
0.581069
-1.316317
-1.781074
-0.988810
0.180938
1.087911
2.686440
4.469244
6.281216
6.910921
5.326708
2.883327
0.042944
-2.098587
-2.995901
-1.696666
0.172379
0.849370
1.779370
3.526587
5.794142
6.771353
6.150908
3.512333
0.629392
-1.656193
-2.440589
-1.910466
-0.082809
1.387487
2.034161
4.249681
5.893698
6.730299
5.427752
2.870570
-0.312692
-2.306054
-2.979261
-2.077158
-0.432322
0.409108
1.312984
3.355066
5.113665
6.415026
5.385084
2.838687
0.040880
-2.139558
-2.880610
-1.831678
-0.173596
0.518361
1.190343
3.543735
5.808264
6.593163
5.237555
2.810447
-0.060718
-2.248056
-2.934903
-1.599003
-0.194724
0.497827
1.340740
2.973332
5.100050
5.995356
4.938257
2.293895
-0.826437
-2.612182
-2.852321
-2.244056
-0.228497
0.401785
1.103635
3.119104
5.015388
5.961878
4.708696
1.942828
-0.361749
-1.974913
-2.706488
-2.511399
-0.628697
0.271401
1.069354
2.932827
5.286863
5.500048
4.388288
2.738832
0.190636
-1.468252
-2.390783
-1.605684
-0.216019
1.212322
1.574343
3.234745
5.536634
5.731514
4.938608
2.233119
-0.615372
-2.594191
-2.969279
-2.280266
-1.224476
-0.207876
1.029820
2.940435
5.369818
5.762434
4.266105
2.363885
-0.663662
-2.221117
-2.526386
-1.543104
0.133558
0.773905
1.784199
3.949519
5.564489
5.792242
4.552206
2.628524
0.705118
-2.150337
-2.790335
-2.551365
-1.117805
0.114925
1.082788
3.583119
5.872099
7.010054
5.367878
3.283658
0.242401
-1.756366
-2.204500
-1.213080
-0.492449
0.524465
1.977981
4.273187
5.909336
6.115669
5.228802
2.898997
0.579377
-1.878469
-2.886019
-2.243866
-0.789160
0.134831
1.185686
3.311582
5.462240
5.925104
4.528881
2.621711
-0.399305
-2.202934
-2.555711
-1.600251
0.142458
0.865936
1.264701
3.292810
5.169886
6.020884
4.701802
2.790112
0.179472
-1.786145
-2.152928
-1.299061
-0.523082
0.472583
1.126776
2.855932
5.273497
6.154587
5.513563
3.062343
0.220297
-1.984578
-2.830462
-2.010374
-0.304543
1.116270
2.273082
3.961155
5.734613
6.142246
4.846869
2.468232
-0.395544
-2.255354
-2.711390
-1.205310
-0.546052
0.752509
1.588229
3.342806
5.271896
5.832918
4.699226
2.094050
-0.497498
-2.588661
-2.661452
-1.966607
-0.475595
0.374421
1.262835
2.838125
4.363519
4.696576
3.798087
1.796605
-0.312253
-2.050956
-2.397840
-1.765301
-0.432377
0.482373
1.487132
3.107141
5.093512
6.010971
5.202044
2.828996
0.087362
-2.003274
-2.431262
-1.969067
-0.757520
0.366853
1.375733
3.515720
4.993830
6.005844
4.553544
2.105371
-0.708738
-2.704925
-3.505784
-2.446386
-0.878384
-0.077620
1.117747
3.354350
4.992138
5.530294
4.586479
2.141221
-1.018107
-2.804919
-3.146482
-1.976615
-0.557693
-0.013709
1.011698
2.580176
4.494823
5.026945
4.165814
2.074851
-0.630264
-2.732978
-4.166431
-3.053671
-0.996830
0.263307
0.987639
2.288677
4.288711
4.782376
3.729646
2.116239
-0.705749
-2.438134
-3.314326
-2.573503
-0.939397
0.164044
1.050394
2.512175
4.540367
5.192133
3.710776
1.617131
-1.147295
-3.339787
-3.768717
-3.294585
-1.848392
-0.671655
0.715370
2.870379
4.660872
5.189341
3.967994
1.975307
-1.039338
-3.502334
-3.927533
-2.820348
-1.290392
-0.377227
0.624091
1.746373
3.740890
4.657315
4.327646
2.253539
-0.667394
-2.732651
-3.050830
-2.525330
-0.820493
0.302323
0.667399
2.437625
3.999356
4.862368
3.929621
1.887355
-0.281520
-2.218620
-2.447544
-1.955924
-1.000787
-0.071291
1.588346
3.630930
5.155027
6.033701
5.050932
2.567874
-0.133633
-2.477919
-2.979230
-2.214820
-0.718163
0.709556
1.925896
3.530649
5.095026
5.982306
5.387743
2.904726
0.185282
-2.298553
-2.767729
-2.109097
-0.930843
-0.007045
1.248085
3.221024
5.290329
6.574457
5.262968
2.691336
-0.006208
-2.126537
-2.694389
-1.935785
-0.154316
0.510258
1.858970
3.204394
4.898130
5.744434
4.935499
2.657614
-0.035624
-2.117141
-2.944829
-2.535800
-1.321517
-0.533632
0.917119
2.731876
5.521837
5.959074
4.456229
2.641394
-0.430789
-2.338808
-3.113504
-2.589219
-0.986287
-0.048221
1.219605
2.722831
4.296058
5.475494
3.951930
1.785246
-0.607684
-3.131275
-3.716396
-2.787155
-1.459964
-0.860682
-0.043350
1.734870
3.777611
4.777700
4.045114
1.456379
-0.698900
-2.713711
-2.874405
-2.573911
-0.623762
0.050245
0.995261
2.846124
4.330997
4.939043
4.438737
2.307002
-0.621393
-2.485811
-3.388162
-1.941786
-0.837082
0.382911
1.076273
2.544089
3.885291
4.091865
3.650433
1.221171
-1.124710
-3.367508
-4.085958
-3.174266
-1.440699
-0.201685
0.652647
2.371232
4.239588
4.931479
3.728618
1.291975
-0.772736
-2.988167
-3.946167
-3.097248
-1.029139
0.091276
0.828902
2.598022
3.910573
4.864738
4.135846
1.693662
-0.821450
-2.473664
-3.151899
-1.539576
0.386610
0.968122
1.221327
2.695431
4.379101
5.028700
3.556311
1.566931
-0.903097
-3.040516
-3.776403
-2.923753
-1.028154
0.692019
2.017857
3.042340
4.287615
4.585787
3.591727
1.435740
-1.442386
-3.375797
-3.276250
-2.219458
-0.760910
-0.699620
-0.004910
1.662376
3.687128
4.194551
3.626585
1.267301
-1.778200
-4.228234
-4.643028
-3.514417
-1.287064
-0.462173
-0.143489
1.680223
3.270520
4.102381
3.148419
0.874852
-1.462121
-3.987268
-4.268782
-2.688622
-1.166747
-0.283971
0.084592
2.006900
3.355525
3.960461
3.242396
0.964458
-1.628659
-3.648813
-4.448496
-3.654900
-1.345827
-0.167695
0.359165
1.705307
3.310343
4.599528
3.613217
1.031694
-1.355876
-3.316056
-4.256407
-2.741509
-0.578514
0.256237
0.304320
1.672017
4.011269
4.711570
4.138083
1.617914
-0.773902
-2.957899
-3.936473
-2.931808
-1.392591
-0.330758
0.740258
2.949482
4.540982
4.687861
3.540590
1.444222
-1.454420
-3.673358
-3.924507
-3.000767
-1.357307
-0.727007
-0.144997
1.309476
3.299588
4.078696
3.005937
1.320195
-1.379589
-3.267351
-4.464347
-3.240232
-1.315935
-0.884161
0.153535
1.736587
3.344362
3.553905
3.103497
1.338717
-0.941324
-3.245067
-3.841868
-3.066231
-1.765136
-0.417250
0.489624
2.289118
3.302259
4.305890
3.740407
1.974940
-0.134424
-1.961331
-2.422947
-2.044643
-0.765924
0.024856
0.938969
3.057558
4.082146
4.640759
3.377398
1.569780
-1.099313
-3.308671
-4.144698
-3.134207
-1.579407
-0.811784
0.053750
2.001359
3.659225
4.644836
3.353700
1.372285
-1.812748
-3.615940
-3.483422
-2.395917
-0.766649
-0.207804
0.568811
1.765641
3.324992
4.304583
2.944430
0.501199
-1.592237
-3.301661
-3.833391
-3.109356
-1.431714
-1.128325
-0.050660
1.341518
3.081793
3.892111
2.671255
1.068704
-1.507727
-3.483428
-4.156876
-3.441367
-2.478932
-0.580952
0.567597
1.979194
3.471818
4.308888
3.186175
1.212611
-1.482244
-3.235219
-4.097044
-2.494819
-1.527556
-0.736820
0.279301
2.134925
3.531031
4.459515
2.982093
0.893073
-1.868551
-3.808578
-4.274118
-2.822543
-1.211914
-0.553905
0.476075
1.483541
2.888578
3.613942
3.178195
0.880054
-1.872353
-3.587801
-3.727273
-2.621346
-1.095119
-0.778261
0.498200
1.989785
3.667753
4.117441
3.038102
0.632611
-0.987088
-2.639128
-2.917820
-1.722809
-0.627844
0.251036
0.960507
2.002725
3.447385
3.825760
2.747068
0.780602
-1.811893
-3.448355
-3.171139
-2.643707
-1.165104
-0.034891
0.387477
1.517839
2.892875
4.124286
3.208991
0.794730
-1.788305
-3.676822
-4.641389
-3.878660
-2.261414
-1.233670
-0.072430
0.990934
3.211852
3.915250
3.326880
0.930745
-2.108011
-4.034014
-4.275442
-2.491011
-1.441626
-0.657368
0.495224
1.797810
3.275546
3.403942
2.304573
0.235151
-2.328816
-4.019613
-4.508857
-3.312242
-1.420383
-1.127012
-0.524215
0.930133
2.489466
3.209086
1.810774
-0.055307
-2.370416
-3.799293
-4.045876
-3.470317
-1.776304
-0.551507
0.057521
1.349323
2.996741
3.607093
2.359930
0.350370
-2.505678
-4.684839
-5.023418
-3.883887
-2.631940
-1.140869
-0.259932
1.197556
2.348553
3.378277
2.601679
0.207941
-2.634822
-3.906464
-4.747994
-4.050900
-2.419719
-1.036714
0.058022
1.302459
2.188861
3.118586
2.179956
0.272600
-2.116349
-4.341092
-5.306115
-4.912480
-3.323709
-1.483932
-0.079052
0.914333
2.401971
3.172329
2.282214
0.308609
-2.418647
-4.168775
-5.294255
-3.893066
-2.120056
-1.204092
-0.288393
0.979014
2.205823
3.321435
2.959603
0.342298
-2.229176
-4.584522
-4.806046
-3.505439
-1.786642
-0.820992
0.215666
1.321744
2.710305
3.283831
2.493954
0.417481
-2.306231
-4.508048
-4.738011
-3.932383
-2.168533
-0.639259
-0.055260
1.242560
3.047221
3.893541
2.705321
0.971411
-1.855974
-3.439918
-3.889923
-3.609452
-2.032367
-0.836397
-0.046553
1.635011
3.176236
3.871949
2.794368
0.775274
-2.066460
-3.438925
-4.011472
-3.326962
-1.399342
-0.871117
-0.592333
0.255120
1.708523
2.413322
2.331646
0.318805
-1.965652
-3.889404
-4.707334
-3.137593
-1.916264
-0.719625
0.143990
1.177560
2.476273
2.981138
1.896560
-0.241489
-2.510434
-4.548943
-5.802649
-4.325806
-2.738669
-1.681415
0.085989
1.065237
2.634867
2.672889
1.798025
-0.654284
-3.136836
-5.157662
-5.596133
-4.904119
-2.770531
-1.285868
-0.385057
0.472219
1.962360
2.416384
1.540928
-0.568221
-2.480495
-4.222796
-5.111982
-4.367573
-2.556632
-1.232748
-0.524219
0.457538
2.468035
2.891876
1.703407
0.008904
-2.665388
-4.385393
-5.464800
-4.218670
-2.419976
-0.892563
-0.078558
0.875161
2.078161
2.954181
1.672229
-0.009718
-2.827384
-5.145956
-5.670297
-4.026724
-2.062771
-1.428732
-0.499737
1.065554
2.497615
2.792465
1.990803
-0.389454
-2.502656
-4.504511
-5.364623
-4.052607
-2.615490
-1.775936
-0.851066
0.418603
1.758060
2.499230
1.372132
-0.319418
-2.947062
-4.248992
-4.274241
-4.073544
-2.299643
-1.413974
-0.738027
0.643968
2.585841
2.282854
1.386904
-0.644970
-3.010386
-5.068291
-5.834451
-4.872858
-2.477129
-1.504717
-0.507258
0.863740
2.260258
3.179834
1.866806
0.242725
-2.412907
-4.559487
-5.130158
-4.095119
-2.184246
-1.611590
-0.634459
1.081160
2.225272
3.148063
2.097595
0.100348
-1.958762
-3.312967
-4.136038
-2.592560
-1.590569
-0.883021
0.306081
1.386122
3.149906
3.444822
2.737969
0.799095
-1.911443
-4.008232
-4.323964
-3.348870
-2.057749
-0.838028
0.637678
1.816095
3.391995
3.376674
2.903161
0.660644
-1.801060
-3.510686
-3.646914
-2.129482
-0.695280
-0.148903
0.487196
2.128658
3.427280
3.507635
2.227116
0.416181
-2.037340
-4.120979
-4.502817
-3.804154
-2.208712
-0.741758
-0.649764
1.020116
2.835933
3.329951
2.281468
0.781881
-1.470240
-3.230683
-4.053380
-3.814013
-2.076849
-1.129822
-0.188833
1.085127
2.796751
3.096012
2.159751
0.010350
-2.606120
-4.434234
-5.031136
-3.551154
-2.021978
-0.879210
-0.006456
1.545874
3.062385
2.763355
1.620588
-0.241616
-2.511333
-4.032510
-4.529400
-3.940536
-2.323690
-1.054148
-0.517648
0.898037
2.558998
3.242597
1.945101
0.005886
-2.364831
-3.697585
-3.961052
-2.690645
-1.508217
-0.930189
-0.261108
1.005737
2.154552
2.538089
1.658353
-0.129198
-1.801580
-3.937313
-4.214050
-3.543925
-1.772385
-0.768539
0.019631
1.239172
2.591022
3.219124
2.064886
-0.164311
-2.931723
-4.575032
-4.689178
-4.471981
-2.712543
-1.267958
-0.800134
0.454756
2.451529
3.004729
1.858804
-0.015030
-2.632621
-4.295293
-4.763767
-3.277725
-1.583868
-0.554157
-0.522137
0.473482
1.734406
2.519228
1.710251
-0.540796
-2.847125
-4.875560
-4.448705
-3.790622
-2.198385
-1.222490
-0.702227
0.117333
1.278209
1.962966
1.790896
-0.110511
-2.315407
-3.990952
-4.507689
-3.932135
-1.973244
-0.688261
-0.651739
0.621949
2.175651
2.624455
1.357328
-0.671801
-3.315367
-5.184127
-5.510501
-3.765889
-2.454998
-1.315271
-0.274969
0.739675
1.960912
2.072070
1.803956
-0.739073
-3.154151
-4.854648
-5.411985
-5.030968
-2.732201
-0.859005
-0.679823
0.343009
2.099863
2.654942
1.567897
-0.564844
-3.052866
-4.844049
-5.759617
-4.726627
-2.649797
-1.595390
-0.834094
-0.236685
1.033613
1.680079
0.637670
-0.727113
-2.820256
-4.671862
-5.252040
-4.272397
-2.736258
-1.124454
-0.513493
0.678978
1.639927
2.252562
1.962894
0.153139
-2.225123
-3.719508
-3.199592
-2.509903
-1.683882
-0.826651
0.057818
0.887678
1.867931
1.997973
1.237110
-0.567848
-3.052446
-4.476525
-4.644149
-3.495935
-1.692850
-0.729700
-0.447145
0.397068
2.080594
2.376269
1.140619
-1.005021
-3.168715
-4.788783
-5.357758
-4.078503
-2.259281
-1.277128
-0.636328
0.768150
1.536107
2.191799
1.105900
-1.129576
-3.186004
-5.023158
-5.006814
-4.029175
-1.897518
-0.392374
-0.020094
1.001297
2.060706
2.148904
0.866216
-0.587377
-3.160446
-5.002987
-5.049351
-4.111554
-2.506250
-0.802185
-0.031894
0.790280
1.961539
2.801586
1.968938
-0.257686
-2.655250
-4.298823
-4.792203
-3.811421
-2.112919
-0.686909
-0.047340
0.852738
2.088136
2.272943
1.740264
-0.261149
-2.616994
-4.199250
-4.582767
-3.865648
-1.787716
-0.685678
-0.687344
0.561974
1.868458
2.320719
1.030118
-0.769666
-3.176468
-4.711569
-5.242653
-3.469542
-1.801531
-0.724508
-0.497687
0.949748
1.952335
2.405736
1.860768
-0.504838
-2.785842
-4.539954
-5.008615
-3.806902
-2.361645
-1.335867
-0.288210
0.707522
2.364832
2.558177
1.607136
-0.527358
-2.574674
-3.946123
-4.291690
-3.156633
-1.216110
0.120022
0.013159
0.892298
2.132332
2.881463
1.555424
-0.875750
-3.371340
-5.321309
-6.010407
-5.021069
-3.128752
-1.469854
-0.782184
0.257786
1.925046
1.726493
0.688171
-1.469517
-3.443551
-4.792329
-5.217372
-4.286518
-2.277340
-1.467463
-0.907625
0.259098
1.582038
1.679289
0.710412
-0.617631
-2.811878
-4.212145
-4.763502
-3.751989
-2.421144
-1.097265
0.233279
1.124693
2.222199
2.140629
0.853441
-1.085050
-3.425692
-4.621342
-4.338521
-3.404455
-1.482391
-0.537054
-0.410317
0.844416
2.458894
2.760964
1.172524
-1.091597
-3.519932
-5.429366
-5.462204
-4.607606
-2.364414
-1.422085
-0.595102
0.435548
1.336740
1.851341
0.596131
-1.686329
-3.910431
-5.437129
-6.315537
-4.362543
-2.126463
-1.484167
-1.212696
-0.193714
0.689890
0.923086
0.049394
-1.792375
-3.968762
-4.932486
-4.980633
-4.168531
-1.925041
-0.843681
-0.536495
0.427685
1.608366
2.612243
1.290203
-0.791895
-3.499724
-5.174405
-5.024239
-3.407745
-1.809103
-0.891439
0.028098
1.031195
1.744084
2.354483
1.341752
-1.112148
-3.957617
-5.157030
-5.458521
-3.884319
-1.888603
-0.521355
-0.569830
0.528246
1.985266
1.315154
0.370257
-1.631674
-3.588425
-5.406938
-5.919583
-4.862175
-2.808491
-1.106417
-0.790012
0.403844
1.387498
1.369443
-0.018517
-1.677158
-3.456368
-4.340194
-4.385626
-3.047459
-1.430277
-0.930233
-0.298358
1.004615
1.253632
1.117029
0.414269
-1.214016
-3.085476
-4.188621
-4.109127
-3.740698
-2.394697
-1.144199
0.085338
0.279067
1.616307
2.013907
1.073932
-1.074960
-3.624243
-5.211389
-5.597424
-4.907748
-2.627169
-0.969891
-0.519670
0.279930
1.532942
1.773959
0.806606
-1.338771
-3.889056
-5.736789
-5.592275
-4.787089
-2.187904
-1.107265
-1.276587
-0.253307
0.917945
0.991019
-0.263257
-2.107204
-4.152009
-5.966443
-5.765347
-4.819868
-3.050949
-2.014818
-1.194361
-0.096196
0.701420
0.723914
-0.044577
-2.066801
-3.899425
-5.920940
-5.682445
-4.452002
-2.605007
-1.285734
-1.085443
-0.372958
0.616988
1.215999
-0.620098
-2.379264
-4.766572
-6.335446
-6.682969
-4.938360
-2.814611
-2.030327
-1.250190
-0.133896
0.448710
0.792658
-0.412754
-2.248239
-4.029689
-5.414618
-5.599136
-4.748524
-2.599312
-1.742445
-1.439275
-0.681731
0.381017
0.642772
-0.286312
-2.025075
-3.884157
-5.278481
-4.781788
-3.714853
-2.477306
-1.486130
-0.885835
-0.074183
0.971037
1.073733
0.026562
-1.616776
-3.444482
-4.574250
-4.729171
-3.714083
-1.640793
-0.899490
-0.625226
0.543337
1.848481
1.578822
0.470473
-1.604487
-3.975872
-5.694306
-5.897604
-4.971219
-3.053715
-1.616449
-0.966797
0.223922
1.449895
1.583495
-0.112882
-2.160847
-4.036232
-5.461136
-5.620142
-4.469225
-2.250526
-0.634428
-0.716382
0.209378
0.996345
0.407048
-0.335958
-2.365700
-4.392370
-5.508381
-5.595500
-4.506824
-2.838547
-1.581335
-1.047488
0.196002
1.208481
1.142360
0.066548
-1.729218
-3.755975
-5.681958
-6.347534
-5.241306
-3.041157
-2.020906
-1.175382
-0.003297
0.837064
0.960041
0.007630
-2.030182
-4.329201
-5.809193
-5.429976
-4.355328
-2.934164
-1.656586
-0.927656
-0.103342
0.762840
0.773792
0.089146
-2.528391
-4.725887
-5.954417
-6.446098
-5.096863
-2.913509
-1.584824
-1.249701
-0.731262
0.482772
0.919625
0.075533
-1.493584
-3.648346
-5.077604
-5.244277
-3.574951
-2.188381
-0.485273
-0.245346
0.758796
1.321344
1.608590
0.097530
-1.659405
-3.886261
-5.091258
-5.395468
-4.631561
-2.090384
-0.841536
-0.824360
-0.193649
0.477445
1.180831
-0.289767
-2.216879
-4.625065
-6.343553
-6.683863
-5.102137
-2.934792
-2.306072
-1.424947
-0.541852
0.510674
0.595517
-0.297266
-2.330950
-3.980313
-5.694836
-5.726466
-4.772444
-2.281696
-2.035166
-1.638906
-0.327991
0.245283
0.764156
-0.722460
-2.678764
-4.023430
-5.571260
-5.490789
-4.464277
-2.744919
-1.519161
-1.289445
-0.293422
0.599702
0.956725
-0.030123
-2.110633
-4.312002
-5.490376
-5.909964
-5.265472
-3.179691
-1.754101
-1.205963
-0.294153
1.601883
1.557948
0.251217
-2.221184
-4.318380
-5.686440
-6.132102
-4.713852
-2.615438
-1.512476
-0.942237
-0.474148
0.556452
0.715230
-0.762785
-2.873815
-5.013808
-6.911184
-6.736865
-5.417551
-4.168573
-3.138951
-1.798041
-0.735371
0.671301
0.867946
0.325788
-1.976693
-3.736705
-5.473939
-5.942169
-4.348860
-2.725241
-1.849087
-0.924751
-0.042473
0.720794
0.851705
-0.569862
-2.887964
-5.066381
-7.104695
-7.006969
-6.409904
-3.777243
-2.566664
-1.380448
-0.463903
0.179588
0.620876
-0.778205
-2.569934
-5.136582
-6.412722
-6.659060
-5.133191
-3.795105
-2.346836
-1.746678
-0.557369
0.609020
0.511643
-0.563769
-2.248118
-4.506449
-5.960408
-5.808671
-4.795233
-2.304886
-1.502611
-0.902175
-0.758368
0.096115
0.281787
-0.779120
-2.776621
-4.898667
-6.453248
-6.778015
-5.381615
-3.651354
-2.123232
-0.869655
0.225513
0.750957
0.350728
-0.779482
-3.008154
-4.701530
-5.978373
-6.316806
-5.085836
-3.401648
-2.442078
-1.692122
-0.769438
0.340464
0.481350
-0.751194
-2.868408
-4.620462
-6.430196
-6.880855
-5.460816
-3.658302
-2.578016
-1.457912
-0.440869
0.275456
0.680451
-0.577858
-2.696021
-4.831464
-6.922887
-6.987611
-5.641246
-3.349829
-1.829952
-1.701722
-0.785033
0.064983
0.877217
-0.257942
-2.483796
-5.002747
-6.473763
-6.538626
-5.598664
-3.591724
-2.029160
-1.984446
-1.197309
-0.136112
0.223986
-0.688501
-2.775949
-5.267327
-6.773432
-7.098858
-5.878679
-4.735495
-3.096769
-1.921764
-0.844347
0.295194
-0.075524
-1.197319
-3.156284
-5.481652
-6.812431
-6.740814
-5.989137
-4.161495
-2.646168
-2.573721
-1.747180
-0.219256
0.070734
-1.384567
-2.804168
-4.838691
-6.661947
-6.617480
-5.078699
-2.743740
-2.264505
-1.507174
0.173978
0.888111
0.826154
-0.191902
-2.674042
-5.217724
-7.168817
-7.111651
-5.802425
-4.069256
-2.678913
-2.149437
-0.717834
0.802402
0.466103
-1.204190
-3.092463
-5.034577
-5.952716
-6.656620
-5.015395
-3.418139
-2.276419
-1.698621
-0.982656
-0.628704
-0.022431
-1.086957
-2.622728
-4.598457
-5.783258
-5.576221
-4.593186
-3.724699
-2.218557
-1.161271
-0.448814
0.560827
0.606060
-0.048925
-2.097496
-4.393210
-5.505086
-5.385164
-4.383755
-3.005032
-1.966003
-1.452184
0.001461
0.868290
0.563630
-0.514754
-2.693254
-5.165246
-7.093313
-6.937023
-5.611896
-4.157976
-2.823133
-2.230888
-1.561646
-0.609936
0.109191
-0.577969
-2.534755
-4.925834
-6.128020
-5.811510
-5.160173
-3.614788
-2.358884
-1.541340
-0.708636
-0.156220
-0.800658
-1.443768
-2.919054
-4.047059
-5.317697
-5.025477
-4.313360
-2.687754
-1.564707
-1.197664
-0.119514
0.519183
1.053621
0.211022
-1.931671
-4.557265
-6.460584
-6.368438
-4.950993
-3.351114
-2.238328
-1.466290
-0.031511
0.699407
0.425718
-0.699795
-2.750686
-4.864708
-6.831030
-6.356180
-5.314644
-4.150024
-3.055575
-2.329319
-1.098650
-0.188275
-0.189147
-1.179762
-3.623176
-5.574831
-7.030950
-7.209579
-5.884120
-4.458954
-2.815768
-1.856025
-0.679177
0.675405
0.495456
-1.623800
-3.637533
-6.068323
-7.750072
-8.085018
-5.817714
-4.569367
-3.103115
-2.317434
-1.289394
-0.525277
0.031601
-1.196285
-3.262021
-5.086641
-6.235102
-6.797753
-5.613154
-3.635845
-1.911772
-2.093043
-0.623971
0.492907
0.445698
-0.563982
-2.811443
-5.249799
-7.196705
-7.807196
-6.000146
-3.874090
-2.884161
-1.826473
-0.850508
-0.083391
-0.287046
-1.245162
-3.131669
-5.591747
-7.608996
-8.072455
-6.612227
-5.157259
-3.431224
-2.573669
-1.833288
-0.625307
-0.391027
-1.802805
-3.662461
-5.536315
-6.860184
-6.732434
-5.604757
-4.692372
-3.799791
-2.879580
-1.502681
0.015244
0.217302
-0.571775
-2.636182
-4.594680
-6.768956
-7.206577
-6.005737
-4.797859
-2.807716
-1.478058
-0.507873
0.476792
0.513552
-1.269274
-3.481521
-5.851055
-7.377602
-7.428931
-6.797585
-4.910874
-2.933000
-1.966340
-1.053397
-0.333189
-0.120457
-1.266944
-3.174235
-5.381434
-7.403976
-7.192220
-6.088559
-4.127823
-2.998775
-2.192977
-0.853454
-0.049359
0.445351
-0.474709
-3.054340
-5.511566
-7.275845
-7.039794
-6.222908
-4.104851
-2.885538
-2.227283
-1.237198
-0.303540
-0.293852
-1.234015
-3.659187
-5.742204
-7.694824
-7.699616
-6.325281
-4.188127
-3.422826
-2.506637
-1.268528
-0.345742
-0.724712
-1.751309
-3.788573
-5.734283
-6.899066
-7.127743
-6.247233
-4.622122
-3.340346
-2.899500
-1.703299
-0.350742
0.381361
-1.201498
-3.399493
-5.796429
-7.168468
-7.489376
-6.510543
-4.374622
-3.408046
-2.533634
-1.335449
-0.165944
-0.084427
-1.580050
-3.834019
-6.011069
-7.893903
-8.312846
-7.214804
-5.507874
-3.621850
-3.115041
-1.885428
-1.242167
-0.687326
-1.492129
-3.570295
-5.363436
-6.882463
-7.014547
-5.720690
-4.602530
-3.331930
-2.023534
-0.700905
0.238899
-0.197135
-0.934075
-3.231037
-5.490286
-6.973242
-7.759374
-5.746535
-4.482018
-3.350557
-2.334070
-1.067419
0.094491
0.429489
-0.876442
-3.348244
-5.783575
-7.731894
-7.738308
-6.606424
-5.232505
-3.700533
-2.996623
-1.325344
-0.280899
0.030669
-1.339678
-2.937651
-5.197089
-6.747997
-7.268290
-6.219394
-4.906553
-3.527946
-2.473820
-1.276935
-0.330585
-0.201086
-0.703926
-2.929127
-5.435556
-7.387814
-7.244939
-5.328588
-4.395240
-2.939615
-1.957241
-1.963453
-0.631073
-0.406071
-1.410703
-3.310454
-5.598105
-7.334924
-7.412604
-5.737483
-4.968855
-3.876456
-2.742166
-1.357286
-0.154699
0.259907
-1.012801
-2.955658
-4.818419
-7.111700
-7.482705
-6.682726
-4.715318
-3.231192
-2.405464
-1.445995
-0.316309
0.227596
-0.628821
-2.636543
-4.891195
-6.904167
-7.371048
-5.671329
-3.926576
-3.238056
-1.896377
-0.611811
1.237432
1.550167
-0.066135
-2.128466
-4.803679
-6.857048
-7.068916
-5.764436
-4.123879
-3.302629
-2.244535
-1.356322
-0.043814
-0.087669
-1.257839
-2.878002
-5.317122
-6.906083
-7.842285
-6.038793
-4.800660
-4.086102
-3.265119
-1.686372
-0.494643
0.285211
-0.447718
-2.666391
-5.110703
-6.741501
-6.690658
-5.899130
-4.540869
-3.604969
-2.755360
-2.025127
-0.335368
-0.037810
-0.973618
-3.250543
-5.691194
-7.955163
-8.401506
-7.675059
-5.789043
-4.100188
-3.114894
-1.990579
-0.891210
-0.884707
-1.991909
-3.720321
-6.529332
-8.438694
-8.998733
-7.312403
-4.852798
-3.784268
-3.458442
-1.655771
-0.913596
-0.835191
-1.547924
-3.817225
-6.174716
-8.079245
-8.417039
-6.866381
-5.808477
-4.422548
-2.967353
-1.944064
-0.340664
0.356212
-0.856108
-2.856237
-5.006986
-7.371321
-7.457761
-6.252486
-5.302613
-3.552274
-2.870133
-1.471799
-0.059078
0.583630
-0.423885
-3.014570
-5.325566
-7.451420
-7.612657
-6.315870
-3.622484
-3.158083
-2.627498
-1.078987
0.089243
1.059456
-0.636986
-2.869583
-5.522603
-7.548772
-7.659685
-6.101189
-4.184745
-3.041343
-2.536265
-1.647421
-0.169773
-0.459988
-1.279915
-3.714716
-6.151608
-8.322538
-8.496225
-6.994996
-5.011976
-3.838202
-2.667305
-1.877506
-0.872713
-0.139862
-0.754318
-3.134493
-5.791003
-7.710789
-8.095700
-6.488689
-4.955035
-3.780688
-2.566345
-1.027386
0.275633
0.542523
-0.439070
-2.811632
-5.517591
-7.829709
-8.446445
-7.135626
-5.661464
-4.928336
-3.445668
-1.907897
-0.743677
-0.629530
-1.570950
-3.577028
-5.732201
-7.736051
-8.087954
-6.369763
-4.659289
-2.862527
-2.361464
-1.661429
-0.182779
-0.001316
-0.702061
-2.766307
-5.448118
-7.317530
-7.994714
-6.925335
-5.040265
-3.794661
-2.884185
-1.336358
0.381760
0.368262
-0.424082
-3.264042
-5.907374
-7.683895
-7.750317
-6.700078
-5.243859
-3.646288
-2.811648
-1.186429
-0.025481
0.383258
-0.751591
-3.086393
-5.748946
-7.592410
-8.553925
-7.807093
-5.813936
-4.701611
-3.748926
-2.131491
-0.511490
0.256874
-1.362974
-2.955727
-5.230742
-7.139368
-7.413332
-6.637963
-4.463622
-3.558476
-2.742859
-1.465910
-0.270552
0.337402
-0.764896
-2.792549
-5.197226
-7.297424
-7.707850
-6.412910
-5.332321
-4.081881
-3.036912
-1.485986
0.280729
0.737241
-1.157249
-3.288810
-5.551245
-7.402763
-7.774812
-7.383038
-5.501756
-3.421242
-2.398875
-1.452653
-0.232752
-0.040749
-0.982041
-3.558301
-6.337514
-8.278759
-8.375941
-7.126098
-5.366089
-4.145030
-2.946785
-1.538687
-0.365185
-0.019036
-1.149303
-3.419291
-5.766676
-7.606673
-7.853096
-6.787859
-4.945082
-4.362247
-3.261232
-1.430465
-0.103945
0.259722
-0.878189
-3.216733
-5.896766
-7.837088
-8.839144
-7.438770
-5.299159
-4.437122
-3.384756
-1.917471
-0.323655
0.425255
-0.944567
-3.370030
-5.920380
-7.809193
-8.892677
-7.853606
-6.563752
-4.901534
-3.782175
-2.289856
-0.850000
-0.460494
-1.252953
-3.662868
-6.613729
-8.232824
-8.137964
-7.180673
-5.815407
-4.340170
-3.028019
-2.132597
-0.683880
-0.096890
-1.200838
-2.872907
-5.329195
-6.867201
-7.907722
-6.741115
-5.052729
-3.477529
-2.506386
-1.431244
0.330345
1.149659
-0.431770
-2.805379
-5.533625
-7.382524
-8.322721
-7.144213
-5.153651
-3.997601
-2.720099
-1.317202
0.173884
0.799452
-0.487110
-2.889835
-5.314588
-7.472762
-8.235985
-7.025944
-5.490261
-3.909920
-3.117392
-2.087740
-0.453947
-0.013654
-0.325890
-3.371978
-5.776718
-7.882334
-8.413141
-7.598357
-5.858830
-4.320245
-3.566780
-1.814850
-0.152321
0.572359
-0.540158
-2.704730
-5.570398
-7.543786
-7.911965
-6.499304
-5.166732
-3.685083
-2.334150
-0.710474
-0.070566
0.044435
-0.638288
-3.250385
-5.738110
-7.818717
-8.181243
-7.036197
-4.932367
-3.918800
-3.264723
-1.869125
-0.171856
0.161350
-1.534377
-3.795335
-6.229913
-8.036418
-8.489328
-7.266627
-5.747695
-4.404547
-3.138120
-2.156029
-0.516450
0.290575
-0.543868
-2.832260
-5.331422
-7.469632
-7.985928
-7.341271
-5.642289
-4.142811
-3.129996
-1.555336
-0.185528
0.008859
-0.835274
-3.104644
-5.685079
-7.810945
-8.741892
-7.861039
-6.030061
-4.761966
-3.358894
-1.501625
0.395351
0.566008
-0.542682
-3.080566
-5.925395
-8.047592
-8.659041
-7.990625
-6.428073
-4.457548
-3.135313
-1.625470
-0.257454
0.033541
-0.781795
-3.105408
-6.236694
-8.056522
-8.930639
-7.632428
-5.907054
-4.868530
-3.964391
-2.013224
-0.529818
0.330311
-0.751244
-2.624561
-5.651241
-7.484603
-8.357723
-7.355100
-5.894874
-5.072052
-3.565635
-1.560687
-0.368279
0.131177
-0.782814
-3.053918
-5.984115
-7.944716
-8.972453
-7.789446
-6.017350
-4.004240
-2.982161
-2.014538
-0.022198
0.744802
-1.090715
-3.112754
-5.275275
-7.497588
-8.053406
-7.715477
-6.299254
-4.706383
-2.815235
-1.398428
-0.182178
0.062275
-0.987628
-3.233545
-5.777342
-8.017458
-8.720345
-7.699898
-5.935452
-4.545999
-3.286779
-2.048749
-0.620805
0.228241
-0.422005
-2.801647
-5.628016
-7.501842
-8.095362
-7.289285
-5.296760
-3.325921
-2.636110
-1.373707
-0.067914
0.361969
-0.898870
-2.953956
-5.896204
-7.776270
-8.345201
-7.466428
-5.620275
-4.644361
-3.425672
-1.711708
-0.276875
0.450741
-0.517641
-2.563291
-4.979726
-7.440300
-8.471436
-7.613300
-5.985280
-4.377950
-2.700447
-1.177552
0.571918
0.922377
-0.199259
-2.489766
-5.258116
-7.369022
-8.355961
-6.516220
-5.566825
-4.430697
-3.046678
-1.532162
-0.037443
0.291956
-0.520811
-2.634541
-5.568597
-7.956086
-9.033275
-7.693024
-5.989306
-4.380854
-3.149714
-1.509165
0.041649
0.541420
-1.156622
-3.569471
-5.848904
-7.939118
-8.246671
-7.543692
-5.998940
-5.080583
-3.491127
-1.743711
-0.051001
0.654036
-0.796107
-2.831923
-5.152874
-7.306653
-7.621559
-5.502569
-4.864488
-3.924577
-2.889904
-1.343561
0.351273
0.793759
0.054443
-2.096649
-5.399116
-7.726300
-8.142679
-7.071394
-5.127100
-3.953867
-3.390686
-1.652071
0.075453
0.941856
0.027225
-2.739428
-5.349674
-7.399327
-8.305810
-7.927296
-6.007121
-4.400268
-3.285729
-0.852043
0.385435
1.074772
0.123057
-2.592255
-5.154776
-7.557728
-8.642765
-7.549701
-6.057056
-5.012692
-3.263082
-1.110017
0.398947
0.909605
0.011259
-2.766078
-5.332105
-7.376698
-7.716766
-6.886213
-5.340591
-3.950827
-2.626672
-1.526938
-0.100652
0.455124
-0.206133
-2.720068
-4.963525
-6.742686
-7.783136
-6.974429
-5.612070
-4.011311
-2.370692
-1.031896
0.722752
1.050503
-0.175712
-2.305700
-4.869546
-7.289375
-8.354380
-7.180180
-5.787289
-4.699021
-3.127954
-0.967931
0.455267
1.120745
-0.333080
-2.463539
-5.452213
-7.630826
-7.870007
-6.876327
-5.769541
-4.229041
-3.194065
-1.425989
0.268252
0.561642
-0.931438
-2.607115
-5.221571
-7.189887
-7.678287
-6.488672
-4.884266
-4.095077
-2.874073
-1.111048
0.801883
1.185269
-0.377522
-2.830750
-6.104608
-8.223265
-8.635015
-7.929908
-5.794590
-4.673388
-3.424829
-0.982338
0.349127
0.715289
-0.726938
-3.097631
-5.832406
-7.886360
-8.634712
-6.724006
-5.501463
-4.503768
-3.552476
-1.505627
0.338098
1.125797
-0.058243
-2.620378
-5.550373
-7.610733
-7.906169
-7.148868
-5.449133
-4.312136
-2.886322
-1.642312
0.318855
0.559081
-0.714980
-3.259234
-5.891154
-7.921483
-8.354124
-7.470291
-5.509166
-4.696698
-2.863537
-1.508612
0.100779
1.043558
-0.510803
-2.778016
-5.288885
-7.634801
-8.116164
-7.352331
-5.626463
-3.651782
-2.308709
-0.799208
1.027588
1.498288
0.718643
-1.508825
-4.179547
-6.377872
-6.434842
-5.483628
-5.236419
-3.963850
-2.247445
-0.539879
1.677055
2.183390
1.046413
-1.608263
-4.254171
-6.532161
-7.247211
-6.481040
-4.941281
-3.792738
-2.837971
-0.611044
1.435375
1.439621
0.613242
-1.413130
-4.322815
-7.003023
-7.942718
-7.249012
-6.254093
-3.782177
-2.614631
-0.388291
1.613090
1.876772
0.329536
-1.178083
-4.461219
-6.226760
-7.058095
-5.946182
-4.004005
-2.541485
-2.311501
-0.591795
0.909311
1.332265
-0.167302
-2.089125
-4.503742
-6.713541
-7.335973
-6.398801
-4.888769
-4.362735
-3.252835
-0.970118
1.394359
1.987022
1.148788
-1.087906
-3.704908
-6.184955
-7.213024
-6.000516
-4.648166
-3.510635
-2.102265
-0.129907
1.600235
2.035412
0.975070
-1.160210
-4.215030
-6.904996
-7.287180
-6.691693
-5.254580
-3.357865
-2.671273
-1.273323
1.100439
1.668163
0.973137
-1.356724
-4.322399
-5.946500
-5.825884
-5.411037
-4.605944
-3.339173
-2.048210
-0.581997
0.991890
1.746964
0.589950
-1.457921
-4.561899
-6.800059
-7.908620
-6.553768
-4.405400
-3.533393
-2.330070
-0.471533
1.336056
2.097261
0.970586
-1.761349
-4.326060
-6.564940
-8.054348
-7.246680
-5.498569
-4.109632
-2.645129
-0.869546
0.948684
1.468847
0.488346
-1.565897
-4.283151
-6.620088
-7.588165
-6.919883
-5.330437
-3.665639
-2.382253
-0.501007
1.427477
2.088065
1.270824
-1.335440
-3.877609
-6.294572
-6.882795
-5.810491
-3.793533
-2.711979
-1.323412
0.203382
1.561741
2.408873
0.746149
-1.664360
-4.240908
-6.185197
-7.178047
-5.847205
-4.665422
-3.665468
-2.494591
-0.781866
1.253181
2.189821
1.175310
-0.566223
-3.153296
-5.681429
-5.794904
-5.405413
-3.876220
-3.003876
-1.667775
0.399762
2.338032
2.954709
1.892046
-0.151836
-3.239690
-5.551644
-6.565482
-6.070371
-4.599368
-3.188755
-1.874427
0.141684
1.402291
2.362817
1.448503
-0.693106
-3.602540
-6.256425
-7.070370
-6.427946
-5.222309
-3.790910
-2.469170
-0.814025
1.314295
1.849161
0.689422
-1.312523
-4.134487
-6.642661
-7.744182
-6.972509
-5.703633
-4.212013
-2.576795
-0.819330
0.941687
1.529993
0.753578
-2.090313
-4.933231
-7.425173
-8.475232
-6.978096
-4.851418
-4.062537
-2.859512
-0.627960
1.441972
2.013515
0.994581
-1.443788
-4.522131
-6.884570
-7.542619
-6.947701
-5.166104
-3.147925
-1.954958
-0.359911
1.066261
2.043966
1.136322
-1.593540
-4.133320
-6.565031
-7.447348
-6.684027
-5.285058
-4.007444
-2.290380
-0.451462
1.260770
2.413311
0.968140
-1.324261
-4.627894
-6.841142
-7.582634
-6.651204
-4.888176
-3.723958
-2.415027
-0.565002
1.579145
2.168869
1.527945
-0.784538
-3.725456
-6.253748
-7.320495
-6.625926
-4.840854
-3.900461
-2.539411
-0.362650
1.319050
2.345190
1.579800
-0.458494
-3.267515
-5.619655
-6.104050
-5.527035
-4.301835
-2.433468
-1.795752
0.209821
2.130774
2.546604
1.583979
-0.216574
-3.319375
-5.907303
-6.566486
-6.172049
-4.562331
-3.143088
-1.904720
0.220875
2.225171
3.120651
2.211246
0.123257
-3.013493
-5.788629
-6.697353
-6.146126
-4.574634
-2.877759
-1.633429
0.198551
1.736549
2.659329
2.039997
-0.040913
-2.252676
-4.443512
-4.937248
-3.878685
-3.384830
-2.131803
-1.079377
0.898695
2.599690
3.097566
1.809198
-0.541901
-3.462502
-5.796625
-6.469338
-6.349787
-4.398498
-2.628136
-1.062667
0.922495
2.161461
2.967705
1.920146
-0.531197
-3.236558
-5.988094
-7.109506
-5.937856
-4.461439
-2.939817
-1.525620
0.328793
2.421345
2.605285
2.063816
-0.462385
-3.622106
-6.003689
-6.991756
-6.350241
-5.048322
-3.788793
-1.973875
0.173858
2.157265
2.489552
1.748461
0.047736
-2.960083
-5.609797
-6.386660
-5.689626
-4.355456
-3.306177
-1.665701
0.411055
2.112115
2.594833
1.813049
-0.425988
-3.344179
-5.260600
-6.041075
-5.465425
-3.670736
-2.528825
-1.298172
1.287968
2.378967
3.038121
1.762730
-0.351055
-3.282025
-5.444463
-6.163197
-4.620150
-3.572941
-2.551229
-1.175039
0.781386
2.761667
3.355270
2.332973
0.339045
-2.523525
-5.110926
-6.211535
-5.649063
-3.638280
-2.397509
-1.182132
0.841976
2.582344
3.987947
2.968628
1.144846
-2.094406
-4.244694
-5.597205
-4.463784
-3.612625
-1.848303
-0.280527
1.531019
3.648457
3.975414
3.106576
1.043747
-1.787972
-4.328449
-5.348718
-3.976721
-2.722541
-1.974054
-0.373222
1.593144
3.659831
4.374008
3.420420
1.318455
-1.576956
-4.353430
-4.802961
-4.023556
-2.968769
-2.594726
-1.310968
1.063090
3.336376
4.758923
3.637435
1.345797
-1.961448
-3.752891
-4.680431
-3.645611
-2.767749
-1.743130
-0.710806
1.399773
3.656510
4.206986
3.443440
1.131956
-1.579473
-3.616648
-4.593204
-3.918793
-3.158171
-2.211317
-1.185214
1.093863
3.169631
4.359555
3.099087
0.880732
-1.786018
-4.204093
-4.481297
-3.831327
-2.456961
-1.530717
-0.303641
2.036138
4.189737
4.343695
3.744732
1.431279
-1.579869
-4.259145
-5.373743
-3.959010
-2.802323
-1.754378
-0.696033
1.662658
3.852123
4.476095
3.871584
1.343666
-1.196321
-3.767445
-4.384023
-3.303064
-1.751191
-0.935452
0.503857
1.974518
3.530197
5.408262
4.740112
2.555538
-0.686419
-3.037437
-4.131596
-3.260441
-1.269323
-0.574949
0.196466
2.262995
4.764204
5.673841
5.280725
2.324204
-0.617502
-2.627912
-2.647558
-1.472784
-0.415528
0.208446
0.932358
2.979022
5.184519
6.098743
4.772231
2.708830
-0.513679
-2.985903
-4.229869
-3.636174
-1.878163
-0.746813
0.378980
2.233920
4.904179
5.597418
4.358421
1.875498
-1.294384
-3.342226
-3.579426
-3.293172
-1.845153
-0.537907
0.196600
2.041839
3.609568
4.690726
3.947104
2.080227
-0.797040
-3.238458
-3.822752
-3.107332
-1.896666
-1.243892
-0.068464
2.034858
4.446152
4.607319
3.756559
1.490353
-1.052187
-3.535372
-4.500190
-3.940912
-1.987140
-0.644155
0.990305
2.863917
4.589179
5.139595
4.658820
2.306891
-0.949402
-3.432876
-4.068976
-3.155130
-1.356647
-0.769785
0.503874
2.513590
4.483746
5.195595
4.846526
2.534662
-0.267421
-2.618188
-3.226562
-2.155988
-1.323385
-0.466908
0.643927
2.710062
4.810261
5.329123
4.871222
2.933589
0.051817
-2.165872
-2.975393
-2.182047
-0.741104
0.407870
1.054391
2.897264
5.092566
5.737093
4.677819
2.714972
-0.073600
-1.689041
-2.470755
-2.162200
-0.774009
0.262606
0.962440
3.359664
5.639427
6.241735
4.470998
2.632535
-0.030999
-2.232129
-2.566908
-2.076008
-0.933711
0.216634
1.400156
3.775075
5.741346
6.147184
4.871283
2.358166
-0.179022
-1.839813
-2.555165
-1.786335
0.010767
0.692644
1.470682
3.089498
5.666777
6.764391
5.532755
2.924950
0.531452
-1.793695
-1.904185
-1.563284
-0.063732
0.526345
1.545296
3.328097
4.916403
5.713533
4.766351
2.661492
-0.046907
-1.857154
-1.944130
-1.381387
-0.880618
-0.440856
0.877939
2.962002
5.105036
5.735415
4.486865
2.733816
0.412432
-1.706084
-1.955776
-1.411563
-0.582432
0.461850
1.331536
3.059983
5.222246
5.741468
4.888384
2.761660
0.131958
-1.289901
-2.765257
-1.988060
-0.402195
0.642384
1.151103
3.419058
5.434517
5.791239
4.810735
2.745586
0.130109
-1.546786
-2.420403
-1.875033
-0.559957
0.276441
1.594946
3.519617
5.939842
6.955280
5.730019
3.814955
1.363501
-1.038939
-1.627892
-0.759154
0.365210
1.048982
1.913653
3.765809
5.352068
6.088665
5.164530
3.191953
0.624828
-1.097118
-1.592621
-0.735543
0.591553
1.090725
1.765986
3.679282
5.534826
6.490232
5.482798
3.274636
0.753271
-1.045627
-2.163218
-1.199630
-0.191998
0.466371
1.814867
3.763777
5.714285
6.796598
5.246950
3.618017
1.168409
-0.444092
-1.294128
-1.450435
0.000751
0.786847
2.266146
3.842178
5.601915
5.990814
5.511030
3.425673
0.537726
-1.091702
-1.439399
-0.776483
0.048079
1.371943
2.898653
4.339396
5.948090
6.339516
5.461355
3.550982
1.329186
-0.931802
-1.013012
-0.261358
0.595022
1.147093
2.235165
4.199611
6.113829
7.336191
6.096197
4.169287
1.934527
0.162821
-0.653414
0.441395
1.288298
2.586058
2.913366
4.874115
7.048471
7.672571
6.672798
4.581356
2.059322
0.350879
0.005686
0.128519
1.275200
1.885244
2.779481
4.473359
6.957468
8.002686
6.489595
5.065271
2.209868
-0.121211
-1.167310
-0.382510
0.966799
1.708288
3.175409
4.620941
6.960295
7.726978
6.392315
3.861245
1.367536
-0.650970
-1.004758
-0.311718
0.364836
1.476376
2.603517
4.057517
6.124704
6.921644
6.031607
3.845632
1.318348
-0.368651
-0.520192
0.332520
1.621941
2.497559
2.852187
5.185514
6.890913
7.230061
6.575504
4.354395
1.837821
-0.070223
-0.987599
-0.636492
0.487453
1.008048
2.484749
4.541708
6.490141
7.445898
6.351057
4.323077
2.251128
0.357145
-0.814495
0.055758
1.483025
1.804392
2.552926
4.803437
7.083357
7.301754
6.741619
4.499109
1.552478
-0.373087
-0.937733
0.344337
1.228418
1.568094
2.773602
4.891283
7.144232
7.592596
6.467854
4.139833
1.885189
-0.144199
-1.026880
-0.451332
0.692444
1.200355
2.078815
3.798382
5.963001
6.635725
5.919863
3.580587
1.325195
-0.682471
-0.674745
0.189232
1.290926
1.176358
2.462342
4.709920
6.313578
7.420019
6.700613
4.195649
1.110476
-0.740205
-0.648691
-0.240049
1.053877
1.633801
2.526530
4.550130
5.748131
6.468073
5.800501
3.832903
1.514776
-0.515762
-1.228924
-0.736074
0.835590
1.796619
2.527248
4.062925
5.564054
6.727007
6.586033
4.676698
1.537022
-0.615165
-1.396626
-0.227690
0.997408
1.747313
2.721171
4.131050
6.341101
7.232641
6.528439
4.596972
1.904747
-0.140902
-0.563194
-0.334908
0.951288
1.846567
2.848693
4.509922
6.795454
7.093451
5.772091
3.477522
1.088663
-0.698271
-1.562249
-0.856035
0.567907
1.541298
2.531872
4.453956
5.964098
6.960234
6.456388
4.172397
1.737783
0.074321
-0.645761
-0.393650
1.151844
1.979492
3.171446
4.869638
6.623423
7.293428
6.204929
3.613130
1.221751
-1.021770
-1.822514
-0.913834
0.875677
2.229496
3.053583
4.873564
6.121256
6.893055
5.721994
3.985359
1.446062
-0.667520
-1.836326
-1.124827
0.379177
0.999697
2.759828
4.750618
6.602053
7.101355
6.657511
3.899930
1.396440
-0.179626
-0.815695
-0.222628
1.655760
2.364620
2.961694
4.503593
6.380291
7.024773
6.624500
3.976765
1.491444
-0.156049
-0.462570
0.091751
1.620243
1.699522
2.987708
4.872545
6.725460
7.734768
6.828493
4.882143
2.147818
-0.019240
-0.247256
0.520046
1.294209
2.331440
3.236248
5.202131
6.467329
7.019411
6.920404
4.438666
2.088731
-0.234714
-0.368423
0.380167
1.666695
1.752094
3.276426
5.111803
6.673372
7.317320
6.930464
4.831771
2.159571
0.379149
-0.237819
0.347448
1.474075
2.558023
3.321746
5.392332
7.278206
7.704317
6.983473
4.964769
2.504666
0.704275
0.275428
1.290413
2.330282
2.735088
2.817520
5.183519
7.487053
8.042374
7.254892
4.734683
2.222598
-0.239241
-0.521078
0.540028
0.967478
1.736752
2.976153
5.054110
7.301416
8.089834
7.149630
5.011633
3.131198
0.878038
0.000210
0.908535
1.732536
2.546112
3.879536
5.078669
6.613249
6.729494
6.818768
4.994555
2.351808
0.146357
-0.570168
-0.019602
0.771339
1.716742
3.103581
4.897530
6.742603
8.070089
6.677191
4.483002
2.276910
0.760468
-0.586630
-0.026787
0.938082
1.762194
3.380568
4.969452
6.769255
7.498127
6.960928
4.944815
2.202690
-0.089093
-1.169215
0.236252
0.883272
1.576125
2.764657
4.448201
6.415493
7.150045
6.465059
3.928097
1.531223
-0.158809
-0.636677
0.152670
1.482239
2.552017
2.541893
4.361318
6.897432
7.385046
6.235157
4.128783
1.178320
-0.289693
-0.594481
-0.115974
1.671061
1.869703
3.484365
4.792881
6.810038
7.287783
6.215555
3.972070
1.055082
-0.583810
-1.385424
-0.398458
0.794125
1.701342
2.596572
4.462736
6.478235
7.546389
6.306684
3.951724
1.381120
-0.819391
-1.535835
-0.751888
0.731928
1.252395
2.401003
4.540229
6.433016
7.314543
6.035101
3.336987
1.142828
-1.043848
-1.814287
-0.345068
0.754316
1.108982
2.080605
4.359852
6.438883
6.780798
6.274797
4.205339
1.581808
0.048224
-0.633234
-0.049728
1.247494
1.847900
2.540421
4.539981
6.689919
7.779032
7.049128
4.852262
2.047059
0.093048
-0.979939
-0.277610
1.044889
2.199207
2.524282
4.871180
7.220850
7.882574
6.841898
4.113064
1.624594
-0.137664
-1.206269
-0.513727
0.850298
1.802286
2.795581
5.027121
6.972429
7.852734
6.595142
5.059433
2.463644
0.592390
-0.171214
0.248444
1.120241
1.399949
2.915747
4.827692
6.807426
7.478128
6.715994
4.324023
2.240855
-0.148987
-0.773811
0.137447
1.082924
1.690481
3.156264
4.945715
7.074472
7.991640
6.577913
4.214165
1.741833
0.131057
-0.773314
-0.014086
1.048796
1.676106
2.968492
5.054358
7.100491
7.277788
6.209166
4.082581
1.525757
-0.558603
-1.226503
-0.340625
1.019114
1.237044
2.501521
4.448034
6.764414
7.283876
5.892767
4.080190
1.695198
0.037081
-0.519906
0.187311
1.406361
1.371146
2.299761
4.185018
5.955149
6.623789
6.011929
3.879988
1.489826
-0.471614
-1.186723
-1.081001
0.477089
1.375845
2.747011
3.991238
6.024088
6.297005
6.447680
3.498646
1.414617
-0.486811
-0.441669
-0.172291
0.715887
1.129276
2.115015
3.988174
5.485624
6.326094
5.557444
4.124628
2.167026
-0.462867
-1.023285
0.258675
0.978687
1.293681
2.443792
4.272754
6.853262
6.847349
5.930082
4.129899
1.906730
-0.412349
-1.671344
-1.018212
0.302898
1.645696
2.805749
4.665987
6.589285
7.076139
6.601437
4.041117
1.482982
-0.664613
-0.920314
-0.156437
1.098738
1.892954
2.634530
4.662774
6.655298
7.111130
6.427744
3.931664
1.129744
-0.568940
-1.852477
-1.017175
0.393166
1.163938
2.589439
4.281205
5.982389
6.523499
5.923573
3.413735
0.473090
-0.921440
-1.800507
-0.147562
0.581127
1.074733
2.415442
4.460579
6.119390
7.330103
6.238161
4.193050
1.762891
-0.113510
-0.220081
1.141504
1.557413
2.141308
2.641377
4.896790
7.266432
7.371132
6.458750
4.184308
1.494895
-0.147256
-0.337125
0.267170
1.260059
1.727368
2.671723
4.805336
6.838146
7.751415
6.668962
4.294877
1.541864
-0.230357
-0.926673
-0.113343
1.226482
1.456391
2.389687
4.601192
6.993832
7.322439
5.688282
3.928522
1.566393
-0.358291
-1.243028
-0.817476
0.574469
1.858398
2.706950
4.229207
6.210701
6.477911
5.878160
3.906722
1.748254
-0.429664
-1.017208
-0.140192
1.077236
1.797148
2.735120
4.695280
6.625763
7.503637
6.652113
4.331328
1.931372
-0.134611
-0.330367
0.246078
1.745605
2.047495
3.113226
5.170998
6.815197
7.721304
7.045050
4.574327
1.982887
-0.311365
-1.034016
-0.642390
0.524065
1.412526
2.712529
4.703018
6.656948
7.166082
5.976519
3.909690
0.990723
-1.329728
-1.552567
-0.594717
0.475014
1.730801
2.890739
4.584005
6.653830
7.561121
6.649694
4.094196
0.921564
-0.871648
-1.083128
-0.095650
0.503428
1.774672
2.679700
4.467668
6.542219
6.647791
5.611532
3.545904
1.385418
-0.628000
-0.933987
0.199339
1.144199
1.630211
2.204934
4.553984
6.329916
6.507318
5.808783
3.796628
1.476558
-0.312759
-1.082626
-0.514946
0.523724
1.040315
2.245294
4.280865
6.452410
6.916836
6.362349
4.061011
1.795276
-0.459551
-0.671393
0.057331
0.334970
1.128191
2.292403
4.491043
6.149378
6.432322
5.741106
4.423323
1.747993
-0.064822
-0.468236
-0.197947
1.492792
2.119370
3.492595
4.649406
6.916162
7.833456
6.444664
4.395995
1.826801
-0.370616
-1.075998
-0.738064
1.267895
1.649614
2.750171
5.196226
6.772146
7.689470
7.157469
4.259387
1.643522
-0.415023
-1.286587
-0.776467
0.483643
1.652418
2.727525
4.921728
6.777231
7.183599
6.214975
3.932272
1.129719
-0.978556
-2.127758
-1.036556
0.787617
1.053840
2.093680
4.181531
6.277937
6.999273
6.468775
4.468069
1.399309
-0.762057
-1.185070
-0.537066
0.275942
0.939922
2.415892
4.672029
6.519667
7.196850
6.591593
3.928593
1.242642
-0.508107
-0.913578
-0.202239
1.130852
2.365574
2.917041
4.981983
6.687981
7.217232
6.601965
3.715566
1.502839
-0.179455
-0.743731
-0.520555
0.337635
1.564972
2.707556
4.438622
6.105291
6.238947
5.830879
3.469445
0.803347
-0.716623
-1.252670
-0.366508
0.405756
1.140809
2.420777
4.623919
6.621906
7.198656
5.980028
3.900691
1.598825
-1.042250
-1.680820
-1.144428
-0.386564
0.605876
2.094308
4.346098
6.169359
6.891163
5.784124
3.135041
0.955780
-0.515250
-1.187920
-1.331982
0.244005
1.522544
2.360748
4.295794
6.225412
6.890720
6.174496
4.673222
1.852960
0.277956
-0.493038
0.459389
1.077934
1.796894
2.787273
4.955355
6.874331
7.273287
6.122450
4.167295
1.762817
-0.377984
-1.659123
-0.831686
0.399857
1.423969
2.595113
4.936213
6.662088
7.200994
6.326944
4.336446
1.598945
-1.058819
-1.502169
-0.485282
0.833561
1.518952
2.902932
4.319045
6.233629
7.088839
6.378536
3.916417
1.605629
-0.719236
-1.398325
-0.517186
0.352955
1.173102
2.201810
4.409946
6.115122
7.049341
6.565882
4.328697
1.736840
0.032818
-1.006280
-0.330430
0.978968
1.892061
2.051287
4.300002
6.545156
7.847692
6.992346
4.277987
1.458362
-0.770177
-1.402415
-0.733500
0.729322
1.485291
2.790450
4.523537
6.865973
7.650490
7.422764
4.172011
1.686698
-0.262951
-0.411102
0.208969
1.193947
1.523459
2.706154
4.745224
6.588186
7.105665
6.406429
4.083761
0.991134
-0.561234
-0.407044
0.508186
1.322754
2.081949
2.867445
4.710207
6.339247
7.158463
6.473116
3.881960
1.331058
-1.052581
-1.205446
-0.888356
-0.488890
0.417113
1.778761
4.389288
6.248095
6.641172
6.487467
4.318880
1.659708
-0.203520
-1.201986
-0.662386
0.433294
1.671516
2.868131
4.929125
6.571787
7.678474
6.164045
3.975914
1.361454
-0.724337
-1.505935
-0.764626
0.514271
1.041670
2.779753
4.691756
6.597486
6.921715
5.610598
3.883985
1.302661
-0.482697
-1.060713
-0.506306
0.646090
1.432269
2.257141
4.407988
6.071737
6.921473
5.496077
3.143473
1.185627
-0.882714
-1.724064
-1.879588
0.019312
1.356910
2.966367
4.286529
6.600317
7.415661
6.023092
3.293751
0.937582
-1.199090
-1.439767
-0.639485
0.665356
1.491055
2.399972
4.603497
6.313395
6.465237
5.509012
2.977714
0.571215
-1.574296
-2.293267
-1.599970
-0.042002
1.037158
2.450262
4.041813
5.837477
6.488420
5.252375
3.066591
0.962751
-0.794579
-1.386442
-1.114380
0.169199
0.869148
1.965557
3.684903
5.825052
6.520336
5.332323
3.169052
0.799319
-1.344350
-1.677835
-0.803548
0.165716
0.780991
1.727990
4.091284
5.832800
6.317499
5.949509
3.504893
0.702581
-1.115910
-1.659819
-1.202917
0.082746
0.752768
2.255880
4.415408
6.487076
6.855742
5.958323
3.531520
0.761456
-1.338205
-1.872913
-0.405539
0.499413
1.547427
2.769307
4.370580
6.392426
7.074409
5.824881
3.799335
1.257808
-1.070906
-2.331448
-1.514159
-0.012936
1.183093
2.567908
4.311567
6.536947
7.506598
6.358469
4.000588
1.430143
-0.804802
-1.120816
-0.305835
0.807928
1.397832
2.460796
4.460163
6.492964
7.667070
6.533255
4.246532
1.068178
-1.328591
-1.808656
-1.268861
0.173512
1.180577
2.287956
4.293999
6.528042
7.516588
6.676121
3.972941
1.414264
-0.626380
-0.915692
-0.179502
0.790386
1.828890
3.428010
5.139738
6.780779
7.617178
6.080721
3.964348
1.546952
-1.110030
-2.543892
-1.880176
0.079014
0.893964
2.025949
4.195892
6.373213
6.883253
6.253796
3.706087
0.958051
-0.640894
-1.048374
0.086088
1.096090
1.353517
2.065137
4.727486
6.986835
7.364737
6.533051
4.066611
1.223872
-1.041444
-1.264526
-0.419261
0.618250
1.111722
2.496196
4.018314
6.167154
6.808390
6.064180
3.693688
1.269462
-0.788907
-1.188039
-0.877710
-0.045676
1.200598
2.684301
4.606078
6.929382
6.792269
6.048365
3.896993
1.151297
-0.670089
-1.519536
-0.573845
0.290867
1.233112
2.698705
4.858072
6.565294
6.585497
5.940889
3.476470
0.850066
-0.746901
-1.511467
-0.536040
1.041323
0.918567
2.239343
4.208277
6.045679
6.997660
5.693420
3.724613
1.093925
-0.584943
-1.030523
-0.220601
0.832918
1.220370
1.861498
3.342334
5.507698
5.855932
5.562254
3.795822
0.901200
-1.296621
-2.225384
-1.348992
-0.172424
0.675947
1.768273
3.535341
5.227013
6.252068
6.087114
3.247353
0.731016
-1.677396
-2.143359
-1.153024
-0.090230
0.934309
1.978745
3.855457
5.243134
6.882280
5.863075
2.906887
0.619101
-1.444222
-1.716078
-1.053478
-0.275277
0.905486
1.575026
3.466176
5.921936
6.664667
5.423082
3.008016
0.528594
-1.319489
-2.128970
-1.031744
0.181824
0.721417
1.418509
3.477353
5.723886
6.133005
5.699135
3.261028
0.291713
-1.411222
-2.534463
-2.041258
-0.319784
0.709480
1.668813
3.803560
5.842299
6.545677
5.584185
3.542702
0.676385
-1.628785
-2.671180
-1.936747
-0.266433
0.803570
1.904931
4.322811
6.412073
6.872498
5.525972
3.478113
1.659558
-0.551319
-1.594130
-1.054432
0.675339
1.354523
1.926662
3.808450
6.316998
6.441408
5.244564
3.182655
0.569106
-1.080778
-1.649837
-1.196998
0.312532
0.559045
1.644784
3.864280
6.053251
7.034327
5.478004
3.447641
0.859532
-0.896204
-1.232195
-0.689860
1.066572
2.096521
2.480991
4.540082
6.937927
7.591505
6.357725
3.790005
0.859385
-1.437235
-2.090343
-1.223692
-0.273952
0.944983
2.106304
4.221687
6.119146
6.401421
5.024549
3.243068
0.911449
-0.825830
-1.092489
-0.827341
0.293200
1.632272
2.654867
4.071268
5.595680
6.380926
6.143353
3.810207
1.054471
-1.323846
-1.544776
-1.234406
0.181126
1.010831
2.213998
4.083791
6.676235
7.666426
6.489004
3.835219
1.354792
-0.731423
-1.456917
-0.368958
1.015282
0.796699
1.771953
3.887985
6.475561
6.796820
5.867804
3.870689
1.012219
-1.153783
-1.269193
-0.112321
1.127468
1.535980
2.202254
4.589224
6.577055
7.862383
6.395506
3.810525
1.126418
-1.278355
-2.066674
-1.215830
0.267754
1.648352
2.487948
4.424508
6.180769
7.089083
5.792742
3.431828
0.433884
-1.452443
-2.048822
-1.548744
-0.390376
0.950004
2.804003
5.055792
6.651705
7.622129
6.981674
4.044273
1.277188
-1.091127
-1.470133
-0.980150
0.489447
1.912600
2.347361
4.710943
6.379686
6.948122
5.615555
3.469439
0.803947
-1.153346
-1.705635
-1.211307
0.726706
1.782040
2.781797
4.708515
6.545645
7.276674
5.480234
3.628801
0.926002
-0.686563
-1.284288
-0.580881
0.443062
1.646183
2.584481
4.845563
6.510057
7.057028
6.369261
3.713509
1.056400
-0.836547
-2.009573
-1.329151
-0.262093
0.399487
1.852063
4.011772
6.411562
6.989080
6.120787
3.125186
0.220537
-1.837486
-2.415726
-1.650241
-0.719841
0.357876
1.346445
3.596358
5.786070
6.563299
5.174522
3.489478
0.642227
-1.499193
-2.010935
-0.613803
0.064441
0.821605
1.674956
3.917755
6.224033
7.325239
5.976517
3.317155
0.508725
-1.683138
-2.682598
-1.825325
-0.185668
0.661994
1.919345
4.065771
6.491175
7.394377
6.171236
3.735747
0.979528
-1.082700
-1.690888
-1.392439
0.038855
1.065735
2.175656
4.176768
5.685259
5.817869
5.327024
3.731970
1.179419
-0.762781
-0.862191
-0.533804
0.311945
0.763699
1.525601
3.760526
5.819094
6.305719
6.168264
4.324493
1.781884
-0.781739
-1.704766
-0.699946
0.740017
1.222816
2.292570
4.311617
6.800112
6.964212
5.981344
3.786708
1.545533
-0.768758
-1.643121
-0.957932
0.429165
1.182460
2.214252
4.483282
6.115843
7.182741
6.315939
3.998258
1.376022
-1.367440
-1.850049
-0.909942
0.035752
0.689113
1.906714
3.974627
5.959002
6.973749
5.940485
3.521886
1.448118
-0.987477
-1.595304
-1.111357
0.050911
0.458603
1.810450
4.128073
5.674440
6.376650
5.259062
3.442651
0.470739
-1.505960
-2.090977
-1.149345
0.392294
1.348909
2.025282
3.622230
5.663137
6.296492
5.729509
3.313933
0.590246
-1.047109
-2.026242
-0.894875
0.466743
1.441915
2.617516
3.942077
5.500383
6.325855
5.195196
3.089770
0.571479
-1.089079
-1.952021
-1.188882
0.208988
0.662488
1.729723
3.464294
6.040815
6.973597
5.881399
3.788167
1.112617
-0.188490
0.269175
0.430819
1.170250
1.388137
2.280901
4.472274
6.444256
6.995146
5.574839
3.826749
1.392604
-0.881462
-1.821466
-1.316702
0.002461
1.190894
2.422768
4.440169
6.604336
6.959423
6.152559
4.081987
1.313612
-0.901875
-1.304029
-0.455650
0.645817
1.472275
2.449555
4.527464
6.640268
7.226784
6.686722
3.555337
1.134848
-1.158111
-1.503514
0.188854
0.937443
1.880911
2.938988
4.649236
6.534624
6.726332
6.033613
3.679910
0.769156
-1.458401
-1.724060
-0.796820
0.836407
1.352462
2.624995
4.228533
6.247852
6.625216
5.890242
3.877645
0.647189
-1.100087
-1.964995
-1.030890
0.726038
1.119195
2.070450
3.516236
5.615076
6.380339
4.889921
2.607202
0.353471
-1.708916
-1.956679
-1.160902
0.274874
1.127621
2.057851
4.202087
5.143419
6.337856
5.420725
3.210251
0.572680
-1.800635
-1.945784
-1.091673
-0.021748
0.937019
2.144258
3.930010
5.905878
6.649752
5.801542
3.485876
0.491101
-1.815347
-2.139291
-1.625096
-0.343431
0.637113
1.910099
3.979814
5.892740
6.342304
5.245859
3.202450
0.576660
-1.459218
-1.871846
-1.385932
0.528326
1.360512
2.031710
3.637139
5.864159
6.880753
5.588041
3.255380
0.590352
-1.524890
-2.379726
-0.901280
0.295412
1.493567
2.362614
4.019279
6.195391
6.665024
5.643744
3.535343
1.129770
-0.523612
-0.710922
-0.192954
0.805717
0.929551
1.922803
4.630409
6.993521
7.435518
6.370008
4.397133
1.525046
-0.846613
-1.049182
-0.641518
0.299970
0.905575
2.422988
4.829968
7.442102
7.913500
6.881952
3.841903
0.706528
-1.311796
-2.470577
-0.868968
0.387445
1.115252
2.184743
4.877501
6.961138
6.858515
5.706125
3.481931
0.295967
-1.489238
-1.916627
-1.739015
-0.582093
0.532333
2.253690
3.562615
5.467344
6.909788
5.174898
2.680840
0.226717
-1.610464
-2.378794
-1.181087
-0.024037
0.177465
1.367384
3.399713
5.809669
6.546434
6.160597
4.176899
1.304288
-0.782451
-1.425744
-0.597037
0.822878
1.588812
2.663329
4.520185
6.747129
7.382074
6.310522
3.821257
0.702987
-1.159477
-1.999874
-1.321169
0.144905
1.304370
2.244263
4.309978
6.676546
6.804258
5.776657
3.771565
1.025523
-1.148648
-1.290954
-0.582092
0.721704
0.881804
2.325011
4.271959
6.446650
6.988867
6.689978
4.160995
1.406578
-0.576569
-1.469815
-0.498335
0.221214
1.191625
2.117910
4.310158
6.375414
6.412117
5.588896
3.767718
1.212381
-0.824481
-1.036251
0.011906
1.192841
1.560446
2.333634
4.788795
7.020113
7.220936
6.130816
3.887927
1.275078
-1.198057
-1.743751
-0.814843
0.296413
0.919134
2.330478
4.292171
6.207281
6.667097
5.359695
3.809609
1.147244
-0.745811
-1.883433
-0.840700
0.932756
1.048884
2.291508
4.811392
7.119724
7.463362
6.608215
4.094407
1.071072
-1.157331
-2.177926
-1.129846
-0.320035
0.606572
1.412782
3.991647
5.781567
6.329096
5.418943
2.888449
0.179237
-1.694365
-2.414824
-1.272189
0.617500
1.525516
1.790895
3.442868
5.643734
6.230722
5.091856
2.996158
0.324074
-1.839037
-2.078726
-1.163013
0.398729
1.151931
2.318089
3.928049
6.072239
6.596678
5.614571
3.486398
0.957626
-1.346764
-1.533158
-0.829138
0.530399
1.313999
2.491003
4.209453
6.623075
7.159620
5.670630
3.267862
0.696925
-1.201863
-1.757980
-0.356949
0.440460
1.796318
3.151933
4.361588
5.965557
6.947977
5.792322
3.620835
1.138791
-1.169932
-1.590223
-1.381710
-0.186930
0.530119
1.455356
3.730180
5.999681
6.554729
5.959551
3.803107
1.069576
-1.331011
-1.876793
-0.470895
0.240754
1.222204
2.077007
4.266541
6.448629
7.296021
5.746414
3.424458
0.837505
-1.073519
-1.784122
-1.159212
-0.319695
0.985708
1.810410
3.975105
5.897411
6.636873
5.515764
3.181215
0.665617
-1.752187
-2.610846
-2.130033
-0.648291
0.233123
1.671897
3.463675
5.395180
5.817741
4.981159
2.619801
0.220404
-1.738172
-2.247562
-1.774489
0.107126
1.176929
1.729053
2.653158
5.357231
6.135767
4.758651
2.617022
-0.302295
-2.006957
-2.690848
-1.502828
0.064415
0.589771
1.920282
3.825415
5.980593
6.544401
5.489145
3.004388
0.573152
-1.746913
-2.314878
-1.168649
0.357456
0.937689
2.274101
4.044919
6.267555
6.522627
5.299532
3.136960
0.527165
-1.917704
-2.326026
-1.532219
-0.341820
0.378208
1.606636
3.654350
5.342974
6.669867
5.626955
3.830410
1.460466
-1.185499
-1.780106
-1.084973
0.194967
0.571877
1.993506
4.566424
6.213669
6.910955
5.977774
3.650202
1.288773
0.029535
-1.156186
-0.248931
0.805651
1.789993
2.856899
4.118753
6.413446
7.302763
5.936014
3.697588
0.998873
-1.293054
-1.542952
-0.804852
0.298586
1.199734
2.613516
5.194960
6.953836
7.141029
5.684566
3.646145
0.700398
-1.477272
-2.165243
-1.703664
-0.310873
0.567403
1.506659
3.538802
5.820673
6.311632
6.056337
3.865800
1.448071
-0.923820
-1.592392
-1.300725
-0.046842
0.614304
2.070566
4.327111
6.617197
7.400236
6.386160
4.231551
1.474855
-0.855940
-1.115998
-0.374937
1.032198
0.939748
2.088578
4.190229
6.262098
6.809574
6.071320
3.395372
0.844085
-1.503569
-2.590269
-1.369047
0.193745
1.057679
2.302762
4.218690
6.716215
7.009398
5.940416
3.633256
0.713586
-1.395134
-2.067492
-1.188276
-0.262794
1.018070
1.963311
4.206434
6.236942
7.003031
6.055431
3.739254
0.837080
-1.018653
-0.792428
0.059565
1.132891
1.640602
2.498230
3.892653
6.094414
6.121687
5.647833
3.960277
1.078366
-0.762691
-1.279772
-1.177064
0.160087
1.168983
2.171596
3.834886
5.676842
6.158199
5.646793
3.156202
0.045703
-1.613515
-2.287920
-1.788972
-0.189831
0.555805
1.348581
3.385830
5.925766
6.544613
5.283905
3.136956
0.904714
-1.030605
-1.736481
-1.093548
0.258266
0.792649
1.924043
3.567856
5.543627
