5.833909
4.816110
2.833826
0.446552
-1.580056
-2.248497
-1.501418
0.281088
0.802086
1.682419
3.521050
5.845265
6.356347
5.688197
3.379998
0.536262
-1.767283
-1.798083
-1.416566
-0.565861
0.845503
1.987715
4.706407
6.552348
6.371110
5.695916
2.928794
0.111826
-1.642436
-2.434280
-1.833635
-0.529199
-0.078646
1.510402
3.832147
5.828893
6.780713
5.664186
2.927075
0.085393
-2.025346
-2.653488
-1.793306
-0.589403
0.507768
2.009122
3.834292
4.993875
5.728608
4.078980
2.091879
-0.337344
-2.297613
-3.127000
-1.804233
-0.753893
0.285524
1.576498
3.444003
5.544824
6.389256
5.637212
3.382383
0.432871
-1.749199
-2.044428
-1.815018
-0.603484
0.779734
1.456615
3.216209
5.450282
6.964599
5.426108
2.922839
0.198190
-2.250689
-3.291381
-2.099244
-1.305932
0.013557
1.719581
3.693290
6.280404
6.759839
5.567183
3.156418
-0.498374
-2.275660
-2.647835
-1.486296
-0.159675
0.336623
1.671167
3.405506
5.433621
6.495528
5.904868
3.245555
0.293379
-1.747254
-2.042296
-1.494732
-0.294414
-0.097033
1.272563
3.690817
5.493924
6.119582
5.129317
2.847003
0.052052
-2.410243
-3.539779
-2.268721
-0.372519
0.248115
1.054679
3.262816
5.755427
6.153584
5.188672
3.007655
0.420085
-1.640138
-1.752454
-0.984594
0.449922
0.995915
2.668482
4.565487
6.451932
7.012773
5.753829
2.954438
0.147585
-1.888696
-2.889627
-2.146490
-0.859653
0.646467
2.338733
4.439175
6.201020
6.409135
5.573133
2.990062
0.221694
-1.774768
-2.114140
-1.403549
-0.053638
0.904464
2.203672
4.257255
5.849072
6.285914
5.475242
3.304856
0.689191
-2.176371
-3.257299
-2.054423
-0.631906
0.545675
2.332029
4.800445
6.619979
6.287587
4.925673
2.286138
-0.196403
-2.122103
-2.910175
-2.684122
-1.251980
-0.493320
0.689153
3.008459
4.827104
5.882146
5.019584
3.205928
0.337844
-2.394105
-3.486879
-2.567780
-1.025869
0.263599
1.436509
3.461123
5.579720
6.465083
5.139531
2.458492
-0.344040
-2.582912
-3.284934
-2.738199
-0.913913
0.028229
1.425933
3.464483
5.716907
6.525018
4.879725
2.912271
0.362437
-1.991924
-2.891559
-2.173813
-0.896679
-0.227210
1.616006
3.357954
5.069348
5.829415
5.172818
2.296753
-0.917116
-2.963956
-3.263415
-2.691130
-1.577423
-0.688369
0.959772
2.748233
4.600414
5.202224
4.129860
1.911572
-0.504624
-2.886848
-3.712525
-2.797000
-1.429110
-0.081750
0.980316
2.801056
4.634926
5.519656
4.801717
2.202044
-0.722226
-2.481710
-3.286436
-2.507257
-0.999354
0.057216
0.671362
2.225053
4.472898
5.651273
4.406746
2.538844
-0.475551
-2.613038
-3.012560
-1.910160
-0.664576
0.243015
0.661222
2.276574
4.430775
4.643651
3.788651
1.841872
-0.624794
-2.358309
-2.628289
-2.328815
-1.011658
0.486048
0.974180
2.509257
4.567980
5.401395
4.470205
2.441141
0.059794
-2.277668
-3.072572
-2.050270
-0.633452
0.753263
1.352649
3.351926
5.517444
5.901864
4.816535
2.436790
-0.411092
-2.159907
-2.984811
-2.456234
-0.561696
0.142346
0.769399
3.530695
5.450334
5.640904
4.762465
2.430663
-0.612123
-2.519034
-2.857746
-1.782348
-0.235236
0.240191
1.576928
4.101440
5.723016
5.774905
4.559111
1.831702
-0.506956
-1.536530
-1.976363
-1.823370
-0.646897
0.298555
1.073554
3.108500
4.681432
5.410094
3.913942
2.333956
-0.499754
-2.538408
-2.526473
-2.808680
-1.095963
-0.061677
0.878898
2.604428
4.723752
5.204431
4.179391
1.674003
-0.819386
-3.064841
-3.852515
-2.963331
-1.273930
0.132198
1.114511
2.607491
4.848790
5.330865
4.378615
2.224430
0.004276
-2.555665
-2.945456
-2.010001
-0.863331
0.153342
1.450899
2.814928
4.867707
5.815801
4.307923
1.901220
-0.472844
-2.732828
-3.528136
-2.669605
-1.274932
0.037341
1.283854
3.035933
4.829103
5.737256
5.005273
2.768634
-0.069970
-1.718144
-2.023665
-1.879389
-0.865965
-0.057012
1.003281
3.022976
5.393048
5.798306
4.630564
2.802781
-0.390624
-2.281857
-2.338451
-1.289594
-0.088782
0.631751
1.010148
2.844857
4.858747
5.362123
4.321346
2.070448
-0.505905
-2.889134
-3.476954
-2.108033
-0.539886
-0.068541
0.774809
2.548414
4.359490
5.377572
3.982752
1.689001
-1.268943
-3.234036
-3.517488
-2.820250
-1.373504
-0.097386
0.721101
2.024626
3.757957
5.584462
5.250445
2.563418
0.310179
-1.646018
-1.942708
-2.029984
-1.100626
0.165846
1.383638
2.682167
4.934251
5.756722
4.483655
2.263365
-0.563161
-2.470725
-2.950189
-1.871063
-0.485948
0.024928
0.674236
2.402778
4.487074
5.281278
4.642489
2.139875
-0.184034
-2.798307
-3.661119
-2.633487
-0.895432
-0.098706
1.524226
3.082909
4.482327
5.099084
4.475617
1.821107
-0.969908
-3.420990
-4.136891
-2.986259
-1.437160
-0.229964
1.209819
2.844760
4.441431
4.851594
4.358727
2.399641
0.152285
-2.396049
-3.376146
-2.710581
-1.461707
-0.462020
0.686974
3.014675
4.421406
5.332170
3.874131
1.501552
-1.171739
-3.108950
-3.754230
-2.319082
-1.060046
-0.173181
0.363466
1.798058
3.772709
4.528441
3.972972
1.636581
-1.293540
-3.518147
-3.667944
-2.093057
-1.047015
0.218769
0.666806
2.297792
4.044460
4.615272
3.965403
1.451205
-0.706582
-3.303485
-3.672904
-2.920547
-1.900607
-0.439688
0.119012
2.058798
4.351186
4.858989
3.476083
1.574988
-1.052108
-2.780985
-3.479678
-2.460743
-1.451034
-0.584137
0.388856
2.063767
4.522402
4.621593
3.472709
1.617450
-1.191437
-3.476995
-3.988952
-3.670619
-2.067391
-0.815926
0.165153
2.173818
3.482179
4.528362
3.474352
1.274462
-1.094204
-3.374616
-3.734488
-2.336880
-1.412656
-0.770488
0.966323
2.460463
3.956499
4.483614
3.539248
1.202510
-1.465181
-3.635449
-3.999023
-3.027438
-1.481079
-0.129165
0.532836
2.095545
3.739395
4.386788
3.670443
1.874298
-0.986568
-3.047473
-3.257166
-1.912154
-0.663442
0.153261
0.407618
2.032166
4.192932
4.357464
3.265956
1.744403
-1.008749
-2.843447
-3.735437
-2.883492
-1.466835
-0.020494
0.739906
2.637666
4.361734
4.777827
3.945881
1.385980
-1.373456
-3.687057
-4.033256
-3.031080
-2.449847
-0.840904
0.399397
1.931169
4.100108
5.126643
4.231993
2.266842
-0.384222
-2.273557
-2.919147
-2.338677
-1.329469
-0.093773
1.148652
3.086646
4.961041
5.884866
4.449614
1.634405
-1.343742
-3.680461
-3.888800
-2.470159
-1.056199
-0.008675
1.022917
2.243640
3.806889
4.031816
3.709811
1.905983
-0.923777
-3.423804
-4.073936
-2.892111
-1.659563
-1.013822
0.269721
1.871822
3.352740
4.061018
3.235050
1.351807
-1.443839
-3.563690
-4.560596
-3.533748
-2.543513
-1.371660
-0.530275
1.279333
3.408978
4.001309
2.689824
0.437907
-1.964155
-4.061319
-4.748836
-3.826977
-2.202856
-0.881450
-0.083584
1.004217
2.712319
3.654198
2.705380
0.568110
-2.070599
-4.382837
-4.813435
-3.945088
-2.282372
-1.145337
-0.564795
0.986844
2.931910
3.933962
2.799118
0.736072
-2.079715
-4.270035
-5.254983
-4.274834
-2.715437
-1.662379
-0.666056
0.960112
2.471541
3.333105
2.270687
0.276267
-1.923156
-3.483720
-3.725281
-2.989168
-1.275414
-0.574262
0.221097
1.679004
3.528522
3.926603
3.598010
0.982139
-1.515864
-2.851230
-3.432584
-2.984329
-1.788171
-0.753143
0.607427
2.410102
3.703180
4.535644
3.920842
1.280046
-1.175251
-3.404807
-3.966910
-2.499161
-0.934930
-0.206409
0.296498
1.820150
3.574661
4.625832
4.329201
1.381118
-1.579880
-3.582531
-3.799811
-3.038877
-1.125623
-0.743602
0.122878
1.711507
3.123536
3.779817
3.186618
0.505711
-1.951512
-3.811031
-4.626258
-4.151945
-2.101110
-0.894324
-0.094343
1.649887
3.340215
3.937063
2.750258
1.073921
-1.237421
-3.485159
-4.337105
-3.968998
-2.420335
-1.124807
0.119862
1.684719
3.131223
3.920394
2.744825
0.813190
-1.366134
-2.854028
-2.855744
-2.326681
-0.706203
-0.201477
0.130873
1.641585
3.487347
3.820016
3.337696
0.894349
-1.201699
-3.464478
-3.761052
-3.276808
-2.058119
-1.131722
-0.121432
1.196895
3.124301
4.280231
3.118871
1.046704
-1.509398
-3.229985
-4.306931
-3.248639
-2.250669
-0.875389
0.818379
2.323500
3.453078
3.979285
2.857527
0.820039
-1.499236
-3.639773
-4.391022
-3.527864
-2.209675
-1.105394
0.206944
1.294100
3.053464
3.931667
2.608154
0.178411
-1.763300
-3.390347
-3.561044
-3.292730
-2.251920
-0.892905
0.122909
1.696445
3.205284
3.420518
2.599666
0.789163
-1.437152
-3.645454
-4.315111
-3.465984
-2.277975
-0.954262
-0.298189
1.179980
2.823766
3.506329
2.873565
0.581553
-1.797219
-3.833667
-4.546733
-3.483748
-1.788121
-0.765043
-0.051558
1.556067
3.549181
4.305703
3.072985
0.688977
-1.935781
-4.173099
-5.058417
-4.158473
-2.384192
-1.125129
0.202840
1.389834
2.845500
3.638015
2.091364
0.367613
-2.554813
-4.941348
-5.349122
-3.779412
-2.835236
-1.700373
-0.866760
0.564406
1.817467
2.350285
2.361343
0.291813
-1.961132
-4.046463
-4.724583
-3.757771
-2.340307
-1.040591
0.066836
1.360390
2.591393
3.603088
2.699746
0.507647
-1.975820
-4.077001
-4.753091
-3.206218
-1.673291
-0.658154
0.033874
1.377811
3.100098
3.728115
2.403502
0.451556
-2.209733
-4.103374
-4.894015
-3.430346
-1.530629
-0.775706
-0.046367
1.227837
2.087145
2.648060
2.024254
0.034631
-2.858390
-5.040404
-5.589527
-4.416593
-2.466310
-1.016193
0.156259
1.119630
2.228308
2.997449
2.408579
0.479074
-1.982295
-4.110000
-4.330643
-3.254591
-1.728034
-0.935931
-0.396790
1.013244
2.812231
3.812489
2.691262
0.636477
-2.251123
-4.208626
-4.834234
-3.621113
-1.697846
-0.579270
-0.046869
1.354078
2.782681
4.008791
2.538225
0.610697
-1.702869
-3.673138
-5.066856
-3.937457
-2.539922
-1.440640
0.088091
1.762297
2.968145
3.834257
2.791013
0.646040
-2.061466
-3.974202
-4.371385
-2.926225
-1.123248
-0.014415
0.408438
1.074647
2.710364
3.070448
2.000977
-0.118348
-2.476069
-4.417903
-4.361596
-3.793537
-1.832452
-0.747037
-0.518667
0.495523
2.071643
3.078454
2.449656
0.293956
-2.341107
-4.317982
-4.257808
-3.606262
-2.318557
-1.235599
-0.680935
1.091546
2.220514
2.653467
1.754922
-0.189559
-2.500746
-4.431004
-4.506917
-3.091778
-1.689126
-0.811499
-0.383097
1.081213
2.427080
2.540277
1.591993
-0.496434
-3.128109
-4.819199
-5.242606
-3.818450
-2.206933
-1.011488
0.149971
0.950898
2.324405
2.832749
2.639017
0.912713
-1.916363
-3.782041
-4.588984
-3.472164
-1.572244
-0.442084
-0.157631
1.320953
2.794333
3.114793
2.285774
-0.414114
-2.724311
-4.363194
-5.008845
-3.837771
-2.241530
-1.168455
-0.273144
0.939219
2.148118
2.789763
1.860457
0.046314
-2.692663
-4.801241
-5.218165
-4.138271
-1.838933
-0.802010
-0.404503
0.965554
2.580789
2.924053
1.675212
-0.219925
-2.773499
-4.601145
-5.557579
-4.640729
-3.025834
-1.899759
-0.920132
0.310620
1.665557
2.548367
2.106072
-0.105287
-2.412262
-3.618603
-4.366698
-3.635921
-2.096381
-1.112171
-0.688221
0.857442
1.872242
2.766608
2.088076
-0.147077
-2.674158
-4.731771
-5.109277
-3.900847
-2.084109
-1.044850
-0.352707
0.828426
2.226223
2.819527
2.002131
-0.075445
-2.049874
-4.066073
-4.107030
-3.051876
-1.636537
-0.634685
-0.410220
1.628559
3.400798
3.682935
2.805160
0.699052
-2.183162
-4.332306
-4.280369
-3.011201
-1.582631
-0.410235
-0.070265
0.896804
2.752229
3.607431
2.781473
0.877945
-1.085430
-3.322459
-4.308952
-3.251448
-1.709540
-0.391757
0.083999
1.004016
2.409431
2.747974
1.751449
0.156054
-2.175039
-4.477155
-5.210775
-4.076229
-2.441300
-1.003816
-0.320736
0.929854
2.569963
3.615564
3.174878
1.173943
-1.677665
-3.457098
-4.359258
-2.985297
-1.141923
0.148505
0.721691
1.532420
2.942325
4.085251
2.520638
0.110428
-2.452401
-4.404330
-5.333066
-4.435211
-2.703570
-1.468691
-0.444815
0.736776
2.472577
2.509983
1.978840
-0.116037
-2.747298
-4.656234
-5.708187
-4.739770
-2.712914
-1.583568
-0.810491
0.588820
1.785748
2.615215
2.206148
-0.389616
-2.847015
-5.132912
-5.574503
-5.164530
-3.068702
-1.440415
-1.128731
0.432942
1.939951
2.294093
1.124137
-0.873384
-3.039218
-4.770760
-5.134376
-3.942642
-2.078275
-1.006272
-0.686355
0.645185
1.792084
1.862060
1.280147
-0.700449
-2.948977
-4.957171
-4.908933
-4.051190
-2.415895
-1.496543
-1.009315
0.143847
1.522483
1.612030
0.882896
-1.042170
-3.305088
-4.761766
-5.720832
-4.939476
-2.929322
-1.421559
-0.317588
0.539334
1.372758
2.184067
1.151690
-0.601824
-2.433716
-4.169143
-4.281913
-3.871575
-1.911973
-1.023959
-0.629148
0.894820
2.578630
3.225267
2.545864
0.351408
-2.233315
-4.164932
-4.577887
-3.366229
-1.674258
-0.729804
-0.414985
1.143241
2.605562
3.092549
2.056247
-0.161597
-2.455637
-4.595584
-5.015765
-3.815471
-2.017797
-0.724132
-0.663822
0.443457
2.122264
2.745008
2.012547
-0.077887
-2.729603
-4.526792
-4.837471
-3.816851
-2.286414
-1.079295
-0.355577
0.608298
1.878274
2.091422
1.415825
-0.658449
-3.072446
-4.681664
-5.168079
-3.718514
-1.538520
-0.557034
-0.257417
0.692128
2.067476
1.944434
1.535733
-0.303861
-2.905213
-4.611011
-4.862163
-3.832947
-2.386327
-1.216689
-0.675921
0.641276
1.965019
2.416011
1.460669
-0.677423
-3.212896
-5.025392
-5.638457
-4.890105
-3.247918
-1.875342
-1.302633
0.234182
1.652681
2.156233
0.905279
-1.065413
-3.462108
-5.092365
-5.428473
-4.030855
-2.390105
-1.260037
-0.666686
0.590509
1.851492
2.045369
1.218521
-0.954906
-3.350936
-5.412447
-5.865413
-4.580965
-2.449899
-1.260354
-0.873774
0.442883
1.317266
2.453207
1.559452
-0.461694
-2.843813
-4.740623
-4.679654
-3.250089
-1.858201
-1.296130
-0.493151
0.381067
1.543432
1.742485
0.864843
-1.093152
-3.562705
-5.559177
-5.574454
-4.286501
-2.313657
-1.303117
-0.913889
0.388069
1.766355
2.657886
1.036821
-0.903226
-3.196320
-4.716681
-4.705247
-3.159848
-1.869710
-1.122455
-0.923002
-0.008545
1.364204
1.390362
0.656718
-1.124285
-3.349997
-4.876361
-5.065120
-3.571839
-2.308702
-1.436542
-0.896824
0.230629
1.077729
0.948967
-0.001033
-1.908426
-3.969413
-5.681095
-5.911330
-4.551400
-2.648770
-1.993629
-1.157089
-0.097806
0.896568
1.289563
0.152297
-1.560066
-3.094121
-5.098175
-5.254244
-4.569991
-2.661410
-1.333121
-0.707910
0.393490
1.553562
1.938135
0.853214
-1.184832
-3.689639
-5.013058
-5.553200
-4.840383
-3.070966
-1.323628
-0.799746
0.733917
2.279006
2.058248
0.886947
-1.463725
-3.375410
-5.211613
-5.228686
-4.888269
-3.004882
-1.681411
-0.915361
0.408292
1.627931
1.988098
1.015095
-1.193605
-3.356312
-5.406306
-6.151137
-4.979565
-2.813584
-1.578546
-1.151401
0.162395
1.049633
1.534150
0.302529
-1.485353
-4.198114
-5.685980
-5.863532
-4.730272
-2.625558
-1.938832
-1.518012
-0.449028
1.205054
1.386332
0.568722
-1.404934
-3.683183
-5.681885
-5.845550
-5.100155
-3.193683
-1.999333
-0.888710
0.413671
1.343753
1.518180
0.853553
-0.988274
-3.319123
-5.053858
-5.521688
-4.000785
-2.111171
-0.948524
-0.728363
0.118121
1.544497
1.350769
0.464400
-1.434067
-3.868921
-5.385556
-5.816503
-4.739994
-2.705977
-1.727145
-1.318653
-0.060780
0.863158
1.159145
-0.107913
-1.843174
-3.649615
-5.138755
-5.539838
-4.820906
-2.789998
-1.146203
-1.117586
-0.059335
0.870698
1.243292
0.036223
-1.717174
-3.943189
-5.879344
-6.106021
-4.170621
-2.467664
-2.018767
-1.166644
0.026249
1.105560
1.719487
0.384965
-1.546211
-4.014742
-4.895203
-5.268656
-4.490790
-2.463683
-1.560136
-1.672932
-0.337132
1.003418
0.847428
0.251718
-1.800772
-4.317892
-5.857779
-6.296216
-4.886054
-3.056918
-1.646873
-1.433974
-0.444571
0.565223
0.636186
0.125507
-1.951382
-3.712336
-4.752964
-5.244540
-3.074857
-1.759112
-1.033929
-0.571636
0.722411
1.640592
1.672609
0.809994
-1.056231
-3.356305
-4.676406
-5.154864
-4.233331
-2.604800
-0.791322
-0.719729
0.169834
1.498742
1.777479
0.610936
-1.339980
-3.395345
-4.779557
-4.907290
-3.633719
-1.813552
-1.386128
-1.319082
-0.433797
1.343699
1.397210
0.509705
-1.439932
-3.570957
-5.413150
-5.554254
-4.106542
-1.926444
-0.861478
-0.813745
-0.098574
0.781967
0.948291
-0.101824
-2.097194
-4.053486
-5.419061
-5.039831
-4.108088
-2.236848
-1.344913
-0.797666
0.175510
1.154572
1.690341
0.447173
-1.609248
-3.942430
-6.078332
-6.181398
-5.127951
-2.785245
-1.503766
-0.775416
-0.109178
0.708796
0.989708
-0.214471
-2.134896
-4.293072
-5.882527
-6.084302
-4.835984
-3.512404
-1.510232
-1.204858
0.178072
1.093583
0.986259
-0.113109
-1.835477
-3.868492
-4.991438
-5.063026
-3.662049
-2.033914
-1.817145
-1.130378
-0.054506
0.657503
0.763221
0.378091
-1.593209
-3.736114
-5.093053
-4.996360
-4.321898
-3.149636
-1.760707
-1.041914
0.482021
1.372549
1.498431
0.253934
-1.963150
-3.974226
-5.882394
-6.263905
-4.725751
-2.765067
-1.558890
-1.172541
-0.319777
1.177856
2.013975
0.546601
-2.039076
-4.243250
-5.802213
-6.033179
-4.678426
-3.176633
-1.779279
-1.325498
-0.546930
0.730620
0.787751
-0.719791
-2.467571
-4.904319
-6.760503
-7.347794
-5.895191
-4.411786
-2.208411
-1.749893
-0.422089
0.455324
0.434039
-0.472408
-2.166865
-4.201401
-5.975495
-6.555324
-5.650610
-3.399013
-1.863780
-1.297306
-0.607860
0.363508
1.007763
-0.141183
-2.020826
-4.405881
-6.092292
-6.208374
-5.167818
-3.054620
-1.944369
-1.193267
-0.174927
1.426772
0.993338
-0.063436
-1.879926
-4.532335
-5.960601
-5.850182
-4.527900
-3.160773
-1.680911
-0.879747
-0.140448
1.162314
1.252784
-0.051587
-2.109279
-4.048135
-6.059072
-5.851244
-4.499015
-2.809037
-1.678246
-1.482892
-0.010748
0.415890
0.428630
-0.911971
-2.462661
-4.549708
-6.186177
-6.104832
-4.961228
-3.459443
-1.859740
-0.981394
-0.726573
0.622647
0.273845
-0.726040
-2.045495
-4.398609
-5.934631
-5.934341
-5.163154
-3.192109
-2.082578
-1.535273
-0.918060
0.156243
0.322564
-1.080089
-2.585650
-4.135015
-5.225753
-5.368964
-4.464396
-2.569530
-1.526179
-1.417667
-0.516299
0.105074
0.228792
-0.799637
-2.824216
-4.847519
-6.048486
-6.566046
-5.714500
-3.445868
-1.681567
-1.226003
-0.491252
0.383430
0.325979
-0.721986
-2.185987
-4.593437
-6.145093
-6.127826
-4.680079
-2.998591
-1.926124
-1.324838
-0.451094
0.533166
0.550868
-1.011223
-3.140191
-5.363354
-7.352779
-7.334867
-6.288783
-4.397716
-2.507314
-1.806112
-0.957790
0.125496
0.087082
-0.962870
-2.490386
-4.477736
-5.378655
-6.017351
-4.959828
-3.175622
-1.678273
-0.969053
-0.508965
0.727057
0.786173
-0.445620
-2.759399
-4.988313
-6.518839
-6.211257
-5.111754
-3.511436
-1.737351
-1.435101
-0.228924
-0.174582
0.027186
-0.624262
-2.838758
-4.975329
-6.473158
-6.492450
-5.325993
-3.125752
-1.742986
-1.697708
-0.490582
0.035037
-0.358476
-1.052663
-3.194465
-5.234605
-6.566942
-6.744416
-6.059208
-4.972188
-3.176318
-2.001215
-1.157955
-0.405739
-0.314891
-1.308995
-3.432601
-5.336056
-6.789029
-6.776666
-5.880857
-3.660909
-2.477046
-1.537794
-0.634107
0.477254
0.321116
-0.585980
-2.963816
-5.363738
-7.100695
-7.478046
-6.046376
-4.051188
-2.660478
-1.518619
-0.655527
-0.482447
-0.523374
-1.352170
-3.447351
-5.584021
-6.628543
-6.366034
-4.946342
-3.774938
-2.558295
-1.559378
-0.698336
0.236682
0.188777
-0.280797
-2.156004
-4.398177
-5.632046
-6.057390
-4.899766
-2.753278
-2.279895
-1.371157
-0.365553
0.444047
0.782297
-0.895769
-2.799395
-4.816945
-6.658468
-7.685405
-6.927980
-4.455543
-3.009286
-2.279579
-0.847613
-0.046092
0.072654
-0.943218
-3.425995
-5.528830
-7.490972
-6.930740
-5.768442
-4.424775
-2.991529
-2.263731
-1.351339
-0.416035
-0.001618
-1.269550
-3.186556
-5.311615
-6.681054
-6.811312
-5.395493
-3.580831
-2.550057
-1.794909
-0.841887
0.200237
0.323290
-0.577926
-2.534309
-4.823185
-6.679820
-6.438269
-5.258974
-3.661727
-2.086549
-1.937232
-1.216338
0.175039
0.212097
-0.839764
-3.083940
-5.595775
-6.673888
-6.544479
-5.042887
-3.434442
-1.934608
-2.216572
-1.358183
-0.848290
-0.709593
-2.059280
-3.627290
-5.812376
-7.499743
-7.395139
-6.318216
-5.081697
-3.333131
-2.321541
-1.454119
-0.947112
-0.762071
-1.535731
-3.257638
-4.939558
-6.509129
-7.311632
-6.054445
-4.334134
-2.888636
-2.492697
-0.648502
0.356600
0.881557
-1.451377
-3.354688
-5.211969
-6.970483
-7.292451
-6.396631
-4.140916
-2.751737
-1.899489
-0.916478
-0.018113
-0.011991
-1.128083
-3.192202
-5.380704
-7.226594
-8.037940
-6.623838
-4.831618
-3.777319
-2.001202
-0.999529
-0.213098
-0.265051
-1.342183
-3.213901
-4.982047
-6.654816
-6.832680
-5.914932
-4.209924
-2.877345
-1.759873
-0.746112
0.198593
-0.087555
-1.462667
-3.550014
-5.941720
-7.853786
-8.677876
-7.086321
-4.642192
-3.560205
-2.113873
-1.276089
-0.994823
-0.817018
-1.611615
-3.951192
-6.069807
-7.354847
-7.272200
-6.967647
-4.650145
-2.802111
-2.271955
-0.890589
0.394396
-0.080761
-1.699927
-3.721793
-5.632539
-6.935987
-6.599908
-4.901067
-3.339660
-2.354274
-1.557261
-0.692651
-0.169351
0.056715
-1.522901
-3.283389
-5.134130
-6.662214
-6.749509
-5.652925
-3.710755
-2.345956
-2.247856
-0.770772
0.603308
0.423680
-1.240470
-3.300577
-6.174093
-7.299551
-6.679221
-5.409323
-4.114713
-3.250405
-1.645665
-0.612992
-0.230514
0.088994
-1.447854
-3.396370
-5.617141
-6.564106
-6.718219
-5.347148
-4.051492
-3.048142
-1.892981
-1.167541
-0.204995
-0.467710
-1.354313
-3.558527
-5.800869
-7.312904
-7.313507
-6.292403
-4.281566
-3.329430
-1.871022
-1.388882
-0.883340
-0.091901
-1.279944
-3.554816
-5.711607
-7.109632
-6.656009
-5.706920
-4.004123
-2.568440
-2.413496
-1.600334
-0.479665
-0.332213
-1.536014
-3.462445
-6.067945
-7.623679
-7.974008
-6.552365
-4.916079
-3.541117
-3.021108
-1.797311
-0.766657
-0.884591
-1.534494
-3.519538
-5.530319
-7.141695
-6.964407
-6.173419
-4.431410
-3.446342
-3.031076
-1.209373
-0.361820
-0.201507
-1.525099
-3.403218
-6.006291
-7.905216
-8.152417
-7.025542
-4.759940
-3.135966
-2.367537
-1.262081
-0.253428
-0.383925
-1.517816
-3.544058
-5.574037
-7.227622
-8.040193
-7.206648
-5.115528
-4.047975
-2.865097
-2.108556
-1.449288
-1.159354
-2.195113
-3.984479
-6.918754
-8.830587
-8.392577
-7.185983
-4.689773
-3.667951
-2.677099
-2.150563
-1.106756
-1.021212
-1.649426
-3.972455
-6.408549
-8.181467
-8.422693
-7.055760
-4.696568
-3.429936
-3.187362
-1.591770
-0.603988
-0.148326
-1.437425
-3.805295
-5.901211
-7.732973
-7.657611
-5.945733
-4.530296
-3.303738
-2.309821
-1.444268
-0.587121
-0.553514
-1.692114
-3.476131
-5.478066
-6.921496
-6.834332
-5.453201
-3.748713
-2.767607
-2.433809
-1.116204
-0.092932
-0.313510
-1.196668
-3.181704
-5.201977
-6.447897
-6.484703
-5.462709
-3.296445
-2.436950
-2.165868
-0.833932
0.218430
0.366372
-1.183953
-3.479026
-6.047181
-7.547348
-7.203200
-5.920796
-4.185958
-3.060357
-2.405143
-1.581189
-0.577180
-0.806039
-1.627630
-3.922010
-6.731012
-8.426315
-8.851737
-7.825209
-5.929424
-4.783771
-3.686941
-2.215847
-1.087903
-1.155585
-1.944674
-4.198555
-6.407391
-7.801040
-8.598556
-7.159679
-4.685983
-2.955438
-2.556684
-1.460773
-0.842125
-0.708747
-1.986911
-4.132624
-6.707283
-8.440233
-8.402205
-6.866098
-5.036469
-4.100174
-3.636415
-2.332195
-1.065867
-0.959414
-1.995454
-3.556395
-5.584903
-6.976851
-8.037047
-7.365810
-5.501575
-3.700178
-2.706660
-1.469585
-0.506796
-0.235915
-1.087707
-3.198380
-5.805350
-7.394476
-7.914823
-6.715094
-4.990682
-3.537008
-2.079641
-0.713807
-0.031892
-0.341495
-1.463393
-3.580271
-5.860595
-8.066830
-8.560554
-7.421144
-5.938639
-5.034817
-3.318302
-1.512108
-0.534039
-0.655534
-1.126348
-3.282527
-5.980564
-7.480690
-7.496952
-6.233768
-4.645319
-3.376868
-2.898931
-1.474856
-0.116826
0.353118
-0.440099
-1.710874
-4.638440
-6.645969
-7.021122
-6.042389
-4.331891
-3.080853
-2.420963
-0.734098
0.705231
0.686102
-0.153180
-2.250509
-5.165764
-7.371602
-7.762149
-6.544400
-4.568197
-3.496728
-2.415887
-0.883629
0.792240
0.950784
-0.431079
-2.398145
-5.520741
-7.241898
-7.970698
-6.697613
-5.322418
-3.884147
-3.068545
-1.058144
0.395809
1.136695
-0.116805
-2.406825
-5.127555
-7.605266
-7.897889
-6.664808
-4.928140
-3.369013
-2.391980
-1.313540
0.019757
-0.401532
-1.314233
-3.198419
-5.886834
-7.145153
-6.534077
-6.171792
-4.378289
-3.502269
-3.104019
-1.741290
-0.055167
1.140326
-0.272074
-2.517480
-5.479360
-7.330837
-7.364144
-6.706488
-5.156382
-4.294157
-3.006746
-1.132801
0.367755
0.802224
-0.541512
-2.811862
-5.772422
-7.501234
-7.572069
-6.143718
-4.214504
-3.047106
-2.872590
-1.429196
-0.394879
0.171552
-0.884295
-3.191972
-5.848966
-7.719550
-8.258884
-7.114606
-4.374836
-3.377576
-2.345840
-1.340875
-0.876145
-0.403600
-1.262511
-3.282144
-5.837048
-8.037158
-8.349645
-7.243429
-5.675585
-4.542701
-3.226052
-2.059847
-0.837157
-0.359356
-0.988946
-2.820381
-5.619639
-7.408431
-8.166583
-7.772238
-5.742107
-4.090278
-3.189751
-1.334305
-0.684945
-0.718076
-1.523717
-3.541143
-5.754121
-7.743769
-8.189213
-6.447296
-4.727955
-4.497763
-3.298571
-1.955584
-0.646136
-0.364290
-0.936685
-3.354135
-5.972595
-7.916019
-8.194948
-6.904040
-5.030033
-3.250079
-2.712286
-1.952846
-0.481772
0.208076
-1.116593
-3.108214
-5.430996
-7.591440
-8.064326
-6.585052
-5.223211
-3.850384
-2.898518
-1.732884
-0.500409
-0.000356
-0.802341
-3.156218
-5.408317
-7.305353
-7.991652
-7.196600
-5.263463
-3.255000
-2.831963
-1.521437
-0.183548
0.211280
-1.137634
-3.366383
-5.947072
-7.371024
-8.146735
-6.824636
-4.993031
-3.530169
-3.076303
-1.822833
-0.350378
-0.566915
-0.948682
-2.956653
-4.942644
-7.305449
-7.804127
-6.460693
-5.292445
-4.102234
-2.858263
-1.008380
0.282660
0.571306
-0.316026
-2.696313
-5.640778
-7.691860
-7.982255
-6.498130
-4.773867
-3.388105
-2.217793
-0.900711
0.136418
0.142491
-0.544644
-2.483680
-5.219121
-6.767987
-6.998100
-6.336784
-4.602627
-3.026770
-2.379281
-1.468147
-0.126948
0.374380
-0.345881
-2.388563
-5.671588
-7.633340
-8.133957
-6.996634
-5.480889
-4.053092
-3.543660
-1.594523
-0.616693
0.002624
-0.951017
-3.210982
-5.485473
-7.188100
-7.640047
-6.079620
-4.200846
-3.573893
-2.869237
-1.279838
0.105960
0.543763
0.113482
-2.110625
-4.877615
-6.719303
-7.479573
-6.441837
-4.899780
-3.563387
-2.410687
-0.641603
0.315221
0.850875
-0.102204
-2.544989
-5.360867
-7.617295
-7.642500
-6.427421
-5.110254
-3.555415
-2.137026
-0.912595
0.052697
0.699714
-0.438117
-2.607530
-5.711343
-7.689428
-7.958489
-6.211729
-4.311394
-3.441357
-3.239244
-1.999497
-0.691413
-0.177228
-0.997233
-3.085411
-5.257416
-7.362702
-7.817651
-7.339087
-5.682246
-4.476369
-3.761766
-2.394468
-0.543523
-0.071719
-0.562077
-2.723525
-5.655928
-7.315469
-8.063100
-6.862465
-4.871166
-3.390645
-2.776168
-1.487160
-0.525720
0.068614
-0.653563
-2.759994
-5.717148
-7.260826
-7.747679
-6.815386
-5.017045
-4.083607
-3.192958
-1.783206
-0.386697
0.658790
-0.315907
-2.942304
-5.420933
-7.628013
-8.019303
-6.787143
-4.809982
-3.520803
-2.886925
-1.927361
-0.384818
-0.571858
-1.509442
-3.275455
-5.853467
-7.557668
-8.493308
-6.587643
-5.062472
-4.014544
-3.100864
-1.684655
-0.450727
-0.201939
-0.572740
-2.490229
-5.252021
-6.957071
-7.535297
-6.528838
-5.121201
-3.765293
-2.851217
-1.333153
-0.090629
0.464753
-0.564248
-2.462487
-4.687239
-6.324705
-6.788021
-6.240545
-5.812019
-4.457764
-2.934776
-1.556684
0.153764
1.004735
-0.480905
-2.355983
-5.246783
-6.990472
-6.941596
-6.277803
-4.534262
-3.257124
-2.761165
-1.925488
-0.233130
-0.049090
-0.909900
-2.872022
-5.545272
-7.361301
-7.797178
-7.181803
-5.898036
-4.281314
-3.464073
-1.347608
0.412668
0.284240
-0.952347
-3.086647
-5.958693
-7.781021
-8.704910
-7.605505
-5.574104
-4.580353
-3.960160
-2.614640
-0.526216
0.231696
-0.914451
-3.640165
-6.679145
-8.066334
-8.735334
-7.627146
-6.087569
-4.732027
-3.713181
-2.739990
-1.424572
-0.049422
-1.373096
-3.843056
-6.256979
-8.285849
-8.348932
-6.952577
-5.633794
-4.336155
-2.885612
-1.815488
-0.097493
0.023184
-0.665473
-3.093474
-6.194949
-8.173134
-8.562776
-7.617942
-6.395837
-4.882151
-3.397405
-1.914189
0.046083
1.010068
-0.333442
-2.413205
-5.020111
-7.180404
-8.041376
-6.804827
-4.944329
-3.449187
-2.806957
-1.436236
0.200770
1.000013
-0.022597
-2.308982
-4.686149
-7.187436
-8.157103
-7.454159
-5.329954
-3.621552
-2.372322
-1.150034
0.722652
0.576885
-0.375667
-2.992438
-5.565121
-7.760676
-8.025261
-7.668718
-5.757983
-4.761256
-3.337073
-1.917533
-0.714869
0.205277
-0.686961
-2.588893
-5.391389
-7.159034
-7.834306
-6.916389
-5.012113
-4.058437
-3.325386
-1.844383
0.241591
1.188399
0.141206
-1.849441
-4.873199
-6.747088
-7.673178
-6.905783
-5.492936
-4.027489
-2.588578
-0.941245
0.976907
1.816684
0.081708
-2.412080
-4.268385
-6.215791
-7.280255
-6.610170
-4.307253
-3.343611
-2.472251
-0.558007
0.724662
1.041149
0.081277
-2.226232
-4.619466
-6.957185
-7.716861
-5.977747
-4.426787
-3.402589
-2.598363
-1.078336
0.242047
0.934897
-0.143737
-2.417779
-4.759223
-7.067688
-7.238314
-5.581057
-4.560692
-3.452654
-2.603660
-1.239621
0.409467
1.690146
1.118289
-0.814585
-3.703823
-5.779306
-6.220760
-6.013309
-4.539914
-2.797400
-2.024355
-0.497420
0.818326
1.427838
0.634141
-1.607375
-4.331343
-6.600111
-7.523116
-6.538655
-5.008584
-3.555351
-2.777079
-0.470724
0.892705
1.607364
0.481589
-1.909243
-4.168111
-6.360168
-6.707113
-5.207409
-4.133143
-3.279119
-2.346421
-0.505445
1.172896
1.589437
0.909174
-1.600202
-4.225084
-6.323277
-6.325213
-5.426661
-4.282591
-2.947792
-2.303037
-0.891898
1.280476
2.190970
0.968355
-1.079574
-3.796810
-6.202699
-6.822499
-5.733088
-4.554420
-3.523061
-2.071448
-0.541001
1.058395
2.365720
1.478353
-1.013103
-4.065490
-6.461152
-6.241760
-5.587174
-3.507802
-2.666296
-2.455087
-0.938926
0.544435
1.152749
0.527184
-1.891919
-4.464354
-6.493876
-6.903317
-6.121295
-4.704378
-3.233157
-1.703394
-0.781644
1.261874
1.712024
0.388818
-1.994555
-4.228506
-6.259251
-6.848878
-6.460870
-5.318850
-4.015124
-2.784696
-1.101229
0.167005
0.690305
0.336929
-2.445626
-4.976046
-7.265112
-7.571768
-6.982412
-5.208606
-4.244983
-2.537415
-0.772349
0.997278
1.196964
-0.174167
-2.793708
-5.567623
-7.538005
-8.581617
-6.667027
-5.602195
-4.307150
-2.622657
-1.393271
-0.128536
0.597798
0.048112
-2.260301
-4.672592
-6.706108
-7.483203
-6.515205
-4.792591
-3.725515
-2.931910
-1.238178
1.083586
1.543751
0.484441
-1.974486
-4.756946
-6.847359
-7.040537
-6.321470
-4.479701
-3.097050
-1.929176
-0.224046
0.535514
1.378251
0.440042
-1.664879
-4.124971
-6.328950
-7.270954
-6.113754
-4.621670
-3.783347
-2.765980
0.143272
1.711410
2.257117
1.162829
-0.943899
-3.609515
-5.795406
-6.772177
-6.487984
-5.373425
-3.909300
-2.373598
-1.131701
1.051572
1.959375
0.908635
-0.967225
-3.991459
-6.529791
-7.575491
-6.541565
-5.215325
-3.681103
-2.306481
-0.718189
0.404597
1.557481
0.795869
-1.132255
-4.328677
-6.242193
-6.475814
-5.470632
-4.406831
-4.132673
-2.542850
-0.917391
0.963348
1.950124
0.995212
-1.493183
-4.082185
-6.205937
-6.314909
-5.894734
-4.248204
-3.035968
-2.229249
-0.380983
1.637855
1.843631
1.079906
-1.332713
-3.922515
-6.477815
-7.326725
-6.123448
-4.333830
-2.952058
-2.171362
-0.268101
1.525088
1.849580
0.394473
-1.977897
-4.599420
-6.763733
-6.835754
-5.848867
-4.526296
-3.584558
-2.228598
-0.371894
1.462487
2.074067
1.201064
-0.887486
-3.666210
-6.004692
-6.631801
-5.154469
-3.891903
-2.936051
-2.079477
-0.195251
1.569230
2.101357
0.900128
-1.248157
-3.798375
-5.911790
-6.818579
-5.572792
-4.093483
-2.800516
-2.093690
-0.317318
1.547910
2.245471
1.257333
-0.758313
-3.556643
-6.019596
-6.841332
-6.200970
-4.020017
-2.964244
-1.924953
-0.267886
1.629693
1.721422
1.133214
-0.886655
-3.468840
-5.406128
-6.103784
-5.480099
-3.727646
-3.015599
-1.939492
-0.040256
1.569814
2.006269
0.667254
-1.467635
-4.086316
-6.569388
-7.447392
-6.533416
-5.061872
-3.561943
-2.508415
-0.239357
1.376238
2.045299
0.370455
-1.360333
-3.886467
-6.523311
-7.765730
-7.558836
-5.450418
-3.801438
-2.939440
-1.246394
0.837937
1.835191
1.163411
-1.103703
-3.984597
-5.745659
-6.495328
-5.113524
-3.756741
-2.253057
-0.933146
0.126613
1.040217
2.055764
1.276339
-1.612945
-4.347289
-6.305472
-6.654367
-5.092648
-3.690907
-3.393704
-2.493040
-0.803135
1.561615
2.659024
1.388702
-0.508355
-3.572309
-6.008553
-6.800808
-5.990284
-4.383278
-3.262374
-1.923785
0.104146
1.981419
2.717419
1.616532
-0.605110
-3.616659
-5.776044
-5.744340
-5.206364
-3.798994
-3.057720
-1.775156
-0.642632
1.391318
1.972810
0.912801
-1.269031
-3.895873
-6.291456
-7.228393
-5.982546
-4.792449
-4.150043
-2.853747
-0.889543
0.709895
1.452862
0.874180
-1.199891
-3.739707
-6.413912
-6.649110
-5.326631
-4.010518
-2.925871
-1.490267
-0.223580
1.919217
2.433372
1.201032
-0.909611
-3.332274
-6.130470
-7.019389
-6.380631
-5.136082
-3.455808
-1.771642
0.459789
2.061939
3.024657
2.205935
-0.109241
-2.642148
-5.468066
-6.234816
-5.802529
-4.869078
-3.008545
-1.724673
0.372642
2.367183
2.490536
1.631665
-0.672112
-3.607689
-5.718102
-6.259566
-5.316614
-3.332000
-1.981153
-1.420466
0.028245
1.967807
2.690870
2.204167
-0.252941
-2.440495
-4.509107
-5.655725
-4.990715
-4.078424
-2.619183
-0.998701
0.385511
2.677170
3.369098
2.405721
0.133669
-2.372779
-4.950722
-5.793008
-4.450791
-2.678186
-1.870129
-1.341356
0.579779
2.267562
3.278527
2.567882
0.344428
-2.670098
-5.239931
-6.130892
-5.621264
-4.506935
-3.373234
-1.752245
0.889719
2.888011
3.465469
2.727168
0.324385
-2.139924
-4.515355
-5.503186
-4.983893
-3.752532
-2.387350
-1.060768
0.198688
2.058886
2.766315
2.544320
0.375236
-2.258632
-4.740973
-5.488349
-4.001027
-3.021294
-2.101253
-0.316441
1.203915
2.687371
3.455733
2.660240
1.026044
-1.965140
-4.179173
-4.728088
-3.984084
-2.658410
-1.901246
-0.857477
1.298618
3.727678
4.932111
3.680001
1.000240
-2.099103
-4.430136
-5.470655
-4.247811
-2.610812
-2.363962
-0.901194
1.259226
3.185291
4.266064
3.020435
0.714395
-1.607653
-4.346356
-5.197685
-4.382880
-2.529228
-1.899078
-0.752947
1.295218
3.235698
3.905343
2.861571
0.683467
-2.120496
-4.162807
-5.118964
-4.651958
-3.479022
-2.160907
-1.099331
1.061147
2.999992
4.040366
2.876328
0.940704
-1.641229
-3.961806
-4.774796
-3.926110
-2.586484
-1.793766
-0.400249
1.974100
3.747218
4.247011
3.146107
0.751637
-2.010959
-4.352984
-5.152084
-3.212550
-1.688582
-1.073652
-0.265493
0.963363
2.957373
4.149563
3.327315
0.880357
-2.094666
-4.337115
-4.279823
-3.618876
-1.921197
-1.014071
-0.084199
0.987008
2.903334
3.805031
3.267619
1.206889
-1.298400
-3.734154
-4.928585
-4.454613
-2.421942
-1.439175
0.047506
2.179731
4.281743
5.072473
3.758888
1.313270
-1.943839
-4.083760
-4.924426
-4.089099
-2.292073
-1.098684
-0.067567
1.937546
3.786931
4.928967
4.090358
1.956084
-0.887864
-3.205970
-4.026085
-3.238160
-1.832357
-0.961598
0.465907
1.935664
4.226282
5.162114
4.272075
2.066367
-1.126675
-3.285548
-3.860080
-3.725867
-2.040442
-1.101063
-0.239132
1.978906
4.297550
4.988547
4.116345
1.652586
-1.407015
-3.837420
-4.481057
-3.971012
-2.403616
-0.998464
0.322112
2.128046
4.451392
5.050448
4.382167
1.963008
-0.906434
-2.858302
-3.244503
-3.144637
-1.715505
-1.054175
-0.321936
1.827641
3.857606
4.612392
3.634515
1.738939
-0.657287
-2.518497
-3.562501
-3.499231
-2.089690
-1.383011
0.339588
2.512606
3.933181
4.000311
3.733834
1.435674
-1.307600
-3.628019
-4.454965
-3.729696
-1.968631
-0.804329
0.302711
1.803540
3.732564
4.876866
4.126678
1.719650
-0.756442
-3.026520
-3.297400
-2.465312
-1.384494
-0.491849
0.750752
2.810889
4.559223
5.178952
4.331409
2.226027
-0.647228
-2.613903
-3.076509
-1.199217
-0.368661
0.425610
1.110085
2.877047
4.659207
5.454267
4.453651
2.294542
0.009635
-1.651543
-1.786602
-1.200575
-0.121240
0.485932
1.580261
3.433265
4.620726
5.346841
4.515826
2.422740
0.533629
-1.284208
-2.286239
-1.288333
0.126657
0.985537
1.603034
3.016240
5.181642
5.712302
4.783692
2.822608
0.229718
-1.526487
-1.610645
-0.698388
-0.218280
0.690126
1.887814
3.419230
5.365277
6.612485
5.689591
3.611760
0.714110
-1.260324
-1.849333
-1.316490
0.024720
0.744573
1.953586
4.053580
6.051526
6.856639
5.431111
3.548874
0.827345
-1.042993
-1.642520
-0.852338
0.052964
0.883349
2.009321
4.109255
5.367204
6.128045
5.234288
2.958554
0.731732
-1.458445
-2.353192
-2.102997
-0.274348
0.803920
1.278753
2.896000
5.142320
5.870807
4.539752
2.420793
0.637702
-0.945717
-0.685250
-0.666104
0.495395
1.409118
2.077785
3.772306
5.700879
5.906024
5.128793
2.607285
-0.044643
-1.514001
-1.904373
-1.185421
0.252316
1.102931
1.935297
3.488145
5.286763
6.049352
4.744905
3.090384
0.364204
-1.474824
-2.041724
-1.396021
-1.168837
0.406093
1.740411
3.893493
5.440167
6.327752
5.144120
3.468239
1.479051
-1.306159
-2.049524
-1.327424
0.116502
1.893277
2.285918
3.654277
5.318864
6.454408
5.743615
3.933667
1.771579
-0.101268
-0.935375
0.052918
1.270051
1.746148
2.139263
4.183118
6.485482
7.226319
6.441281
4.242047
1.104921
-0.919358
-1.290058
-0.512789
0.464290
1.609780
2.648737
4.458139
6.482064
7.000882
6.042880
3.519041
1.219747
-0.874225
-1.343120
0.061296
0.926330
1.144851
2.121318
4.092916
5.855191
6.283286
5.672250
3.432758
0.935955
-1.508231
-1.944138
-0.879779
0.283847
1.157283
1.856453
3.980536
5.809154
6.703713
6.029475
3.750156
1.430231
-0.711279
-1.450572
-0.379226
0.362344
0.667286
2.354733
4.921971
6.421758
6.735497
5.569890
3.559310
0.514602
-0.733990
-1.006812
-0.398047
0.441337
1.140296
2.448945
4.061721
5.703006
6.619353
5.603024
3.361227
1.116518
-1.227225
-2.037014
-0.962506
0.424844
0.687996
1.865020
3.388262
5.381104
6.152812
4.646726
3.128748
0.945671
-1.409513
-1.659163
-1.083265
0.529592
1.621070
2.310845
3.619284
6.092549
6.741963
5.710408
3.406228
1.267444
-0.598125
-1.227609
-0.452867
0.495826
1.342990
2.950239
4.854573
6.505624
6.833013
6.288939
4.051769
0.764952
-1.211922
-1.514577
-0.476068
1.231126
1.597415
2.006433
4.019017
5.884664
6.622220
5.717221
3.722194
2.071705
0.169343
-0.651555
0.677262
1.612350
2.099668
2.661347
4.450354
6.152993
6.648725
5.344569
3.641495
1.388819
-0.485933
-0.927680
0.060073
0.719249
1.817271
3.241274
4.417886
6.226392
6.493295
6.024289
3.513922
1.605078
0.271822
-0.246678
-0.159774
1.095597
1.532176
2.042251
4.028570
6.098405
6.262280
5.583005
3.605452
1.523368
0.317542
-0.915594
-0.055377
0.554830
1.426076
2.499013
3.675501
5.685271
6.882361
5.762132
3.993426
1.846127
-0.044867
-0.797907
-0.170426
1.339522
1.672446
2.587814
4.676755
6.502488
6.739038
5.594556
3.364008
0.793919
-1.257822
-2.058333
-0.868603
0.351556
0.988686
1.616917
3.518618
5.537126
6.335378
5.620112
3.438148
1.011907
-0.932839
-1.213832
-0.070405
1.408902
1.933272
1.949310
3.678951
6.296735
7.031034
5.828752
3.828571
1.334220
-0.805079
-1.699284
-1.084662
0.613807
1.362180
2.639426
5.397523
7.052686
6.955606
5.934194
3.774257
1.471652
-1.014511
-1.490930
-0.349910
1.199014
1.789229
2.371106
4.407912
5.998322
7.000524
6.285699
4.270809
1.875644
-0.456163
-0.592453
0.506866
1.576795
1.833245
2.506001
4.810319
7.053067
7.445094
6.497300
4.230117
2.390397
0.297853
-0.099807
0.745463
1.665032
1.843535
3.331300
5.581899
6.933572
7.215016
6.244226
4.433208
1.626536
-0.451791
-0.975599
-0.547471
1.108537
1.725266
2.430417
4.905255
6.429360
6.720986
5.847737
3.689241
0.745428
-1.415530
-1.860523
-1.112534
0.059182
1.160338
2.405343
4.167009
5.440499
6.534833
5.746322
3.421978
1.162434
-0.902569
-1.870323
-0.492515
0.330123
1.270711
1.901719
3.933496
5.850587
6.786839
5.961564
4.287778
1.787499
0.003250
-0.624223
0.030444
1.446494
1.891601
2.751869
4.759088
6.414109
6.736470
5.722173
3.731976
1.231113
-0.934692
-1.419699
0.235845
1.405225
1.519702
2.531082
4.258410
6.346087
6.502664
5.498399
3.608560
1.424095
-0.575397
-0.610571
-0.111838
0.977914
1.500583
2.150562
4.300035
6.365117
7.376077
6.354074
4.266016
1.975552
-0.084962
-1.087697
-0.551042
0.682509
1.577127
2.750933
4.644597
5.882611
6.313573
5.880389
3.536614
1.347739
-0.574563
-1.395684
-0.771373
0.560842
1.108644
2.069085
3.892896
6.259927
6.949634
5.763177
3.440110
1.314409
-0.467270
-1.085978
-0.456281
0.799724
1.616380
2.310810
4.297000
6.152001
6.725957
5.315560
3.597852
1.162318
-0.893326
-1.509962
-0.493829
1.725743
2.209018
2.292433
4.138726
6.051103
6.315785
5.313386
3.461538
1.644570
-0.541142
-1.390930
-1.123901
0.273662
1.271773
2.219593
4.089417
6.114913
7.170197
6.244714
4.436116
2.349449
0.011333
-0.642034
0.093060
1.287375
2.481961
3.277746
4.775300
6.568097
7.078519
6.211486
4.585781
1.825140
0.315418
-0.628366
0.657279
1.563190
1.991458
3.125856
5.165984
6.837440
7.737237
6.068772
3.622677
1.269403
-0.069255
-0.709395
-0.071603
0.946038
2.025628
2.700541
4.329845
6.053945
7.246221
6.348805
4.664405
1.963340
-0.254042
-0.917595
0.384412
1.676869
2.396028
2.427501
3.965369
5.587998
6.671147
6.010833
3.866351
1.507648
-0.699661
-1.041045
0.440709
1.703431
1.977275
2.600597
4.778283
6.504628
7.028386
5.866548
4.040479
1.902861
-0.374399
-1.153576
-0.440639
0.656224
1.765796
3.104075
4.221144
6.270429
6.885888
6.104274
3.416596
1.203890
-0.959796
-1.444727
-0.935932
0.823800
1.411691
1.779109
3.490314
6.161611
7.077149
6.441167
4.374740
1.775744
0.150682
-0.915727
-0.319882
1.254298
2.202817
2.785726
4.375615
6.637860
7.564698
6.116265
3.641829
1.575514
-0.610545
-1.429090
-0.235648
1.141791
1.634242
2.308058
4.193002
6.599690
7.255105
6.451070
4.054971
1.075509
-0.642140
-1.005546
-0.072520
1.188436
1.602336
2.793050
4.594314
6.254075
6.487124
6.171611
4.151470
1.517972
-0.570171
-0.331376
0.235517
0.759278
1.086365
2.520951
4.549409
5.877004
6.604955
6.033666
3.758529
1.297351
-0.955279
-1.537348
-0.724697
0.764913
1.689384
2.375777
4.294720
6.247870
6.714438
6.115823
4.147591
1.144387
-0.887129
-1.490339
-0.705461
0.581237
1.796000
3.129766
4.902604
6.329373
7.024003
5.920461
3.535490
0.384025
-1.148499
-1.816155
-1.294044
0.013085
1.171275
2.283960
4.260562
6.007634
6.459252
5.055732
3.244783
0.449870
-1.464303
-1.914488
-1.151947
0.277808
1.356990
2.582431
4.394601
5.784244
6.311103
5.287972
2.704349
0.664286
-1.386791
-1.969514
-1.249771
0.054313
0.254412
1.413394
3.320913
5.574763
6.394145
5.334599
3.311800
0.924577
-0.644175
-1.652966
-0.434810
0.218144
1.113942
1.924671
4.223220
6.108462
7.118075
5.948007
3.833830
0.993338
-0.652397
-0.466947
0.391492
1.196910
1.618627
2.829209
4.714869
6.289102
7.120772
6.152093
3.849064
1.202820
-0.442613
-0.546777
-0.315855
0.784572
1.569537
2.424024
4.462093
6.662766
6.795091
5.676312
3.536514
1.324720
-0.689121
-2.174325
-1.182265
0.323794
1.050447
2.555309
4.326330
5.826295
6.730062
5.724456
3.908835
1.286164
-1.100234
-1.856654
-1.454389
-0.665278
0.819391
1.854914
3.647988
6.460988
6.649032
5.151017
3.250579
0.586501
-1.055811
-1.874226
-1.302242
0.019210
0.948878
1.562496
3.979576
6.432923
6.424197
5.683080
3.520303
1.322985
-0.629407
-1.574430
-0.863749
0.320342
1.025025
2.239595
4.109423
5.857039
6.728490
5.325772
2.829962
0.436188
-1.142232
-1.457579
-1.073827
0.160842
0.943605
1.989536
4.084585
5.645900
6.391498
5.680743
3.428578
1.689748
-0.269564
-1.194907
-0.706301
0.921739
1.850133
2.582784
4.729146
6.565145
6.946496
5.801774
3.587031
1.702337
-0.428613
-0.818267
-0.381217
0.828629
1.371072
2.485591
4.103052
5.791293
6.298230
5.671308
3.012033
1.293637
-0.591828
-1.590577
-1.005878
0.474444
0.970952
2.515154
4.429471
6.099965
6.405824
5.229554
3.488997
0.738133
-0.956935
-1.547424
-1.059090
0.341952
1.251309
2.717148
4.062844
5.956510
6.597844
4.802213
2.918962
0.388209
-1.150509
-1.094961
-0.942179
0.540999
0.776885
1.806975
3.667706
5.113408
6.275590
5.675538
3.590229
1.161372
-0.692077
-1.248834
-0.855833
0.205464
1.223330
2.485533
4.377535
6.737342
7.293534
6.699157
4.482966
1.658951
-0.729133
-1.476985
-0.526732
1.173821
1.849648
2.567484
4.436234
6.478959
7.132226
6.192952
3.945530
1.684422
-0.438313
-0.919593
0.376224
1.602138
2.106725
2.670517
5.267627
6.726052
7.800151
7.048162
4.296219
1.159831
-0.638677
-1.301119
-0.491906
0.573096
1.325290
2.406192
4.257191
6.585462
7.332601
6.336009
4.219431
1.448484
-0.469665
-1.589338
-0.901501
1.145053
2.223891
3.473166
4.581285
6.356145
7.056775
5.992717
4.282010
1.576449
-0.024671
-1.068069
-0.276608
1.152001
1.488778
2.556036
4.568787
6.536876
7.543546
6.536435
4.045247
1.658046
-0.285724
-0.708961
0.222314
1.254342
2.026488
2.942481
4.736278
6.519727
7.189546
5.784680
3.645138
0.969832
-0.558503
-0.972625
-0.127198
0.903083
1.063068
2.593040
4.361013
5.962708
6.246236
5.611054
3.597980
1.024623
-1.166024
-1.636895
-0.685921
0.553477
1.228945
2.428387
4.276349
6.579747
7.931848
6.311723
4.278844
2.231592
-0.401663
-0.492384
0.426953
1.205674
1.653131
2.561977
4.507912
6.834706
7.255185
6.167295
4.193674
1.687699
-0.645103
-1.805240
-0.819993
0.445279
0.877304
2.218023
4.564450
6.443658
6.529933
5.452220
3.991418
0.702520
-1.375145
-2.054376
-1.177029
0.007909
0.913119
2.288916
4.288574
6.239961
7.111440
5.619237
3.382804
1.157269
-1.057763
-1.814075
-1.729252
-0.203547
1.091332
2.401668
4.340242
6.506049
6.730252
5.715369
3.577812
1.023225
-0.902805
-1.075101
-0.264579
0.948657
1.679978
2.637990
3.982316
6.304622
6.672597
6.014413
4.204225
1.347239
-0.329290
-0.463677
-0.444445
0.740293
1.692441
2.499002
4.668527
6.641137
6.976476
6.175786
4.082555
1.606480
-0.765129
-1.024704
-1.017734
0.074756
1.014337
2.287786
4.019769
6.056947
6.824481
5.758199
3.769044
1.465950
-0.618354
-1.607682
-0.431708
0.766833
1.208942
2.353612
4.558308
6.576596
8.295857
6.447709
4.378126
1.332381
-0.822079
-1.402353
-0.383920
0.925658
1.071610
1.969876
4.503246
6.620461
7.501529
6.250916
4.043695
1.529152
-0.892274
-1.924212
-0.679516
1.005124
1.512343
2.995780
4.321914
6.334476
6.993175
6.386041
4.401215
1.056182
-0.931551
-1.286094
-0.523849
0.415078
1.128277
2.385371
4.415414
6.401763
6.735143
5.968644
3.636970
1.069038
-1.246887
-1.628846
-0.715817
0.286176
1.040547
2.425172
4.446373
6.363057
6.328506
5.415002
3.693734
0.903790
-1.171865
-2.196439
-1.059748
0.296233
1.250941
2.001816
3.980946
6.045262
7.148013
5.986535
3.672700
1.118471
-0.948738
-1.713548
-0.439129
0.610034
1.341314
2.593573
3.893240
5.418420
6.462119
5.909909
3.502318
1.051330
-0.614017
-0.770219
-0.082377
0.717628
1.544052
2.425322
4.628554
6.226563
7.070392
6.028028
3.785693
0.745870
-1.580909
-2.410714
-2.142012
-0.547686
0.893203
2.225975
3.938997
5.917571
6.688401
5.734620
3.233917
0.970573
-1.287176
-2.557285
-1.831067
-0.306141
0.635129
1.788942
4.244393
6.082925
6.730008
6.237138
3.658464
1.322699
-0.749866
-1.353928
-0.584620
0.715526
1.443166
2.333975
4.187910
6.514855
7.041299
6.192407
3.786404
1.220901
-1.260365
-1.851451
-1.450710
0.362590
1.412753
2.281145
4.898660
6.900393
7.679200
5.942914
4.302022
1.499158
-0.419512
-0.538968
0.014016
1.213239
1.570247
2.738320
4.571804
6.943847
7.212016
5.532439
3.648160
1.219069
-0.943035
-1.488681
-1.101627
0.589091
1.471328
2.444280
3.723503
6.158534
6.967854
6.199025
3.762012
1.499087
-0.434735
-1.718611
-1.238379
-0.210949
0.761758
2.046548
4.546491
6.404668
7.417783
6.524367
3.912064
1.212409
-0.760695
-0.923121
0.040906
0.683122
1.299602
3.312334
5.287944
6.911405
7.217071
6.146317
4.137392
1.559273
-0.924074
-1.705261
-0.577009
0.712317
1.699075
2.547021
4.002251
5.743207
6.761662
6.335219
3.986171
1.173315
-0.880775
-1.315971
-0.949425
0.332187
1.063616
2.079595
4.087379
6.155950
6.694812
6.251466
3.855556
1.213436
-0.868963
-1.501997
-0.916334
0.077369
1.331359
2.137316
3.565214
5.468083
6.498286
5.528430
3.769035
1.069578
-0.583897
-1.706795
-0.811677
0.867290
1.452291
1.781740
3.765005
5.971572
6.620973
5.555749
3.764608
0.716281
-0.942685
-1.434521
-0.931162
0.854926
1.060772
2.267310
3.506388
5.864461
6.149722
5.344388
2.913187
0.472320
-1.438884
-1.933909
-1.199964
0.099551
0.574839
1.921331
3.419592
5.254205
5.727895
5.257010
2.487087
0.154609
-1.782636
-1.809934
-1.486042
0.041957
0.797464
1.807216
3.401812
5.741378
7.052022
5.858369
2.981082
1.276047
-0.938420
-2.331810
-1.703936
-0.352872
0.343438
1.659828
3.663783
5.707673
6.126069
5.164660
3.200550
0.163390
-1.711967
-2.169404
-0.873689
0.718808
2.112601
2.122032
3.502897
4.860589
5.887647
5.259458
3.154582
0.822825
-1.071893
-1.621474
-1.241954
0.451787
0.841703
1.771220
3.724477
5.935567
6.808225
5.606484
3.490770
0.601695
-1.566806
-2.193465
-1.297054
-0.364490
0.669197
1.740369
3.747226
5.261252
5.666554
5.252572
2.923897
0.604673
-1.310344
-1.222242
-0.644140
-0.201617
0.652378
1.810805
3.819362
6.040975
6.350419
5.435716
3.166100
0.563940
-1.291035
-1.831620
-1.892509
0.104196
0.779295
2.112173
4.100473
6.692838
7.292073
6.373445
3.520235
0.393310
-1.539032
-1.532192
-0.849740
0.788201
1.623280
2.314094
3.798515
6.092004
6.477536
5.384040
3.102973
0.931746
-0.916508
-1.805609
-0.872727
-0.267733
0.422835
1.685281
4.053074
6.065007
7.262437
5.389855
3.143331
0.913529
-1.639292
-1.983692
-1.702838
-0.473731
0.371026
1.708448
3.781755
5.865991
6.564496
5.486381
3.505417
1.466144
-0.320469
-1.496132
-0.567739
0.429059
1.353715
2.254936
4.143705
6.820949
6.955247
6.012452
3.168824
0.399898
-0.694225
-2.060595
-1.009064
0.653035
1.312597
2.596509
4.366141
6.482772
7.264890
5.767413
3.873487
1.076174
-0.958164
-1.859151
-1.250254
0.308351
1.095063
2.201913
4.167851
5.988542
6.630818
5.594144
3.684134
0.656348
-0.930663
-1.535841
-0.673013
0.463824
1.412444
2.468487
3.913200
5.650918
6.509809
5.732301
3.293279
0.461634
-1.247750
-1.719666
-1.052281
0.062503
0.983455
1.420392
3.290420
5.247296
6.341870
5.728387
3.725390
1.249711
-0.059024
-0.446198
0.102853
1.058080
1.326296
2.345803
4.459056
6.474282
7.063739
5.538840
3.867096
1.093489
-0.138016
-0.782243
0.209279
1.272672
1.274001
2.143629
4.216069
6.213147
6.709184
5.696355
3.429390
0.565186
-1.385612
-1.600458
-1.024040
0.399697
0.757318
1.786018
3.804558
5.875419
6.394307
6.008897
3.945617
1.254240
-1.310716
-2.091921
-1.048703
0.270597
0.639018
2.016562
4.231782
6.814065
7.263154
6.517140
4.310440
1.666100
0.330035
-0.870845
0.275659
0.501918
1.139451
2.905941
5.098104
6.514173
6.726956
5.877591
3.067109
0.613490
-1.029325
-1.844074
-1.268829
-0.324905
0.769833
2.195904
4.517027
6.000470
6.529614
5.238877
3.153339
0.720149
-1.343692
-1.708488
-1.065966
-0.154115
0.571533
1.890668
3.711610
5.431733
5.859254
5.627158
3.332930
0.566939
-1.813094
-1.584491
-0.538894
0.823552
0.829891
2.249286
4.162180
6.097806
6.753526
5.075473
3.004945
0.728971
-0.871167
-1.612019
-1.316399
0.128072
1.266401
2.584300
4.199391
6.609679
6.587029
5.757432
3.527354
0.605834
-1.382621
-1.942742
-1.313529
0.350184
1.315394
2.194584
4.288076
5.553906
6.556653
5.518256
3.155078
0.743867
-1.484977
-1.524023
-0.500409
-0.038440
0.393534
1.452942
4.031192
6.404626
6.766507
5.946893
3.293987
1.049724
-0.975390
-1.629480
-0.959147
0.317185
1.174509
2.150061
4.433112
6.304879
7.336080
5.877534
3.809801
1.269300
-0.900784
-1.743084
-0.844927
0.310689
1.234509
1.977720
3.554772
5.545793
6.134870
5.381917
3.444235
1.037950
-0.925336
-1.669864
-0.530971
0.395820
1.739366
2.484508
4.432394
6.605153
7.412053
6.353362
3.794760
1.401825
-0.812287
-1.674321
-0.323569
1.076844
1.189560
2.407901
4.919988
6.432805
6.958890
5.850171
3.705400
1.211564
-0.881138
-1.168370
-0.226115
0.830869
1.474569
2.241248
4.436022
6.008710
6.782294
5.815101
3.970366
1.298755
-1.336934
-1.875372
-1.119829
-0.370311
0.513451
1.332865
3.576975
6.010900
6.815543
5.607528
3.614615
0.895816
-1.124801
-1.981794
-1.101876
-0.241383
0.503997
1.789291
4.135097
5.459092
6.537541
5.564340
4.218415
0.994398
-1.045384
-1.424774
-0.855645
0.229997
1.153242
2.551789
4.041610
5.781011
6.535562
5.363626
3.727439
0.975544
-1.174994
-2.103007
-1.153334
0.593717
1.691188
2.589528
4.748937
6.764831
6.990762
6.095151
4.022705
1.083277
-1.206978
-1.811925
-1.285589
0.605819
1.339477
1.900118
4.270231
5.923982
6.583552
5.596185
3.194962
0.351019
-1.263196
-2.242108
-1.153210
0.310090
1.044805
2.254693
3.900609
5.955304
6.674371
5.569150
2.950269
0.208642
-1.690282
-2.517491
-1.902690
-0.094083
0.968577
2.139056
3.923938
5.868535
6.179160
5.314040
3.593548
0.696097
-1.453716
-2.047707
-1.441990
-0.030630
0.738565
2.063814
3.791882
5.993093
6.223868
5.118970
2.788960
0.237226
-1.831851
-2.555013
-2.225608
-0.526506
0.516328
1.955083
3.855632
4.954793
5.799075
5.165723
2.853525
0.500319
-1.910095
-2.527985
-1.720800
-0.243505
0.390809
1.459505
3.106488
5.556283
6.302701
5.183682
3.115777
0.134696
-1.994461
-2.671268
-2.017879
0.020560
0.242457
0.901926
3.301135
5.617747
5.919705
5.294612
3.028357
0.211202
-1.337326
-1.962739
-1.294139
0.575868
1.232615
1.930789
3.883799
5.538877
6.609685
5.884717
3.457402
1.112845
-1.114058
-1.892448
-0.719925
0.529555
0.992395
1.930706
3.985797
6.028955
6.139363
5.503510
3.470538
1.081256
-1.271956
-2.136243
-1.369503
0.230142
0.968119
2.179193
3.967326
6.080476
6.284724
5.238219
3.254641
0.108750
-1.733341
-1.842947
-1.606333
-0.572641
0.783626
1.615875
3.772083
5.935536
6.407617
5.575393
3.042435
0.245854
-1.986964
-2.948652
-2.198614
-0.452865
0.096516
1.814692
3.749836
5.895555
6.460185
5.375157
3.140001
0.788545
-1.361525
-1.521483
-1.063936
0.029225
1.220528
2.241725
4.321349
6.262258
7.068086
6.292798
3.650869
1.049374
-1.080382
-1.854604
-1.239713
0.224555
0.894903
1.873188
4.118435
6.231767
6.963330
5.760209
3.229833
0.508714
-2.021407
-2.753859
-1.718593
-0.400797
0.782916
1.600563
3.813020
5.872994
6.899825
5.196792
3.031739
0.462653
-1.423987
-2.715475
-2.205963
-0.494245
0.051988
1.416226
3.443608
5.655801
6.262628
4.878770
3.063687
0.360423
-2.013762
-2.126213
-1.660920
-0.735271
0.180621
1.083917
3.709369
5.558026
6.575570
5.566064
2.761142
0.059439
-1.855132
-2.393024
-1.302768
0.531880
1.152734
1.766991
3.811815
5.921746
6.494172
5.316205
3.031178
0.176004
-2.069318
-2.530677
-1.727951
-0.256021
0.348989
1.269969
3.123463
5.164571
6.120498
5.204335
3.178297
0.227435
-2.023005
-2.657851
-2.378930
-0.991434
0.149478
1.281134
3.121131
5.456708
5.776801
4.902570
3.486038
0.123558
-2.305005
-2.647802
-1.823239
-0.494594
0.515674
0.948097
2.824107
5.519185
5.888907
5.828588
3.529806
1.028612
-1.337917
-2.348427
-1.532475
-0.128122
0.435192
1.768932
4.195124
6.216115
6.481244
5.639726
3.288861
0.766431
-1.300980
-1.307429
-0.589023
0.280730
0.734778
1.479712
3.293550
5.868981
6.378201
5.427073
3.737472
0.978166
-1.209708
-2.403527
-1.877187
-0.188461
0.861777
2.125207
4.101840
5.991036
6.317302
5.841096
3.446281
0.968031
-1.246556
-1.853907
-1.594604
0.281455
0.866638
1.690267
3.986144
5.992093
6.207150
5.583455
3.028314
0.364074
-1.669243
-2.245824
-1.258063
0.214618
0.819858
1.404665
3.504131
6.089677
7.059144
5.920495
3.973402
1.072693
-1.197144
-1.944758
-1.278852
0.340283
0.750835
1.938981
4.132937
6.319806
6.446576
5.326064
3.815843
0.798282
-1.352881
-1.934084
-1.572010
-0.442518
0.713936
2.085151
4.012678
6.172336
6.783227
5.774125
3.276670
0.327672
-1.680593
-1.750005
-1.017281
0.128291
0.909515
2.132507
3.899987
5.905187
6.643395
4.947934
3.389087
0.696934
-1.358347
-1.720694
-1.096601
0.037594
0.691718
1.671183
3.629755
5.557042
6.630198
5.419156
2.961644
0.373959
-1.889681
-2.884398
-1.633751
0.011807
0.922500
2.421171
3.906556
5.421990
6.117661
5.368886
3.010198
0.791045
-0.882670
-2.007925
-1.086492
0.438037
1.046718
2.337323
4.628907
6.460036
6.595727
5.168141
4.115541
1.154127
-1.186039
-1.728855
-0.620229
0.851035
0.820519
2.097965
4.079698
6.086049
7.214601
5.680009
3.664561
1.421737
-1.177091
-1.915750
-1.452233
-0.194279
0.848867
1.499039
4.289579
6.116645
6.809733
5.721362
3.604731
0.893476
-1.321713
-1.578378
-0.619797
0.119376
0.906951
2.024605
3.717252
5.749856
6.014108
5.011481
3.548187
0.385619
-1.165024
-2.189432
-1.041977
-0.094965
0.414266
1.426993
3.509123
5.264981
6.376859
5.766160
3.358552
0.901366
-1.154800
-1.565146
-0.972527
0.598638
1.175665
2.345504
4.655786
6.431262
7.136701
6.599067
3.939960
1.730485
-0.571321
-1.568699
-0.976413
0.604125
1.239962
2.104982
4.126388
5.986470
7.028634
5.983548
3.763298
1.824101
-0.399181
-1.464170
-0.648787
0.690747
1.493471
2.227658
4.325689
6.480126
7.065421
5.955976
3.630577
1.120809
-1.222544
-2.301051
-1.468452
-0.106134
1.219125
2.224169
4.033001
6.460111
7.388492
6.469420
4.664029
1.674591
-0.976104
-1.655419
-0.802131
0.478580
0.717652
2.027519
4.322830
6.635777
6.982152
5.958747
3.845000
1.510231
-0.370596
-1.399994
-0.729688
0.660111
1.580604
2.573285
4.211397
6.281407
7.261786
6.325032
4.361054
1.874106
-0.258720
-1.055066
-0.023740
0.715493
1.518102
2.930992
4.796597
6.299039
7.198464
6.659463
4.124414
1.106442
-0.764795
-1.064741
-0.263467
0.679164
1.534537
2.859597
4.589856
6.644101
7.964950
6.433621
3.683764
0.910508
-1.276857
-2.383880
-1.733733
-0.081372
0.848755
2.310552
4.227444
6.226348
6.307759
5.874465
3.874396
1.129208
-0.614674
-1.172318
-0.531595
0.749917
1.659202
2.396320
4.527291
6.852132
7.655747
6.492856
4.108746
1.294850
-0.737638
-1.946104
-1.202765
0.270915
1.432268
2.589182
4.895774
6.932229
8.012801
6.704850
3.816875
1.446590
-0.706037
-1.480023
-0.815769
0.513459
1.089898
2.078831
4.514693
6.196839
6.707036
6.156278
3.790614
0.812874
-1.464721
-2.147885
-0.860915
0.654778
1.106747
2.127620
4.067429
6.104026
7.101384
5.718844
3.084221
0.508389
-1.585818
-2.119222
-0.766176
0.387479
0.978781
1.845878
3.849057
5.585605
6.562518
5.468673
3.450150
0.880043
-1.265608
-2.048008
-1.122606
-0.282447
0.761013
2.130425
4.323592
6.686479
7.002646
5.894828
4.003637
1.252512
-1.088449
-1.539440
-0.652633
-0.182651
1.017388
2.730644
4.673141
6.554112
7.124698
5.747603
3.370224
0.829340
-1.483125
-2.368441
-1.433791
-0.285635
1.549756
2.061988
4.358699
5.892304
6.558936
5.587129
3.649197
0.603686
-1.179792
-1.552317
-0.108185
0.304086
1.114324
2.094941
4.046402
5.880258
7.033143
5.704999
3.455772
0.864435
-1.156853
-1.381640
-1.223912
-0.022443
0.896821
1.580656
3.368502
5.082913
6.489232
5.393720
3.398082
0.581811
-1.104231
-1.696994
-1.334177
0.052119
1.499167
2.596264
4.624897
6.136992
6.879140
6.128787
3.713778
0.796813
-1.650008
-2.257658
-1.357408
-0.588002
0.606648
1.874482
4.106484
5.715089
6.299264
5.577012
3.079761
0.487395
-1.734176
-2.666054
-1.752284
-0.668782
0.488471
1.533255
3.665710
5.630448
7.026633
6.094888
4.037326
0.520952
-1.357655
-1.610560
-0.691825
0.285586
1.475843
2.809521
4.782691
5.982417
6.095090
5.116475
3.096236
0.209282
-2.444108
-3.419018
-2.867152
-1.281466
0.146894
1.117084
2.787296
5.051503
6.295087
5.480371
3.342227
0.404664
-1.254020
-1.932656
-0.785916
0.620292
1.121723
1.893344
3.578230
5.276711
5.908563
5.043855
3.329343
0.390486
-1.498762
-1.998260
-1.307876
0.128839
1.133121
2.268512
3.847297
6.046659
6.862538
5.923137
3.371211
0.745330
-1.871457
-2.088391
-1.445629
-0.041495
0.983912
1.791136
3.617637
6.029662
