5.812854
4.930667
3.300047
0.212420
-1.950168
-2.764868
-2.358866
-1.136316
0.480345
2.091227
3.759511
5.905215
6.491185
5.500079
3.607386
0.866545
-1.394446
-2.343175
-1.989655
-0.582740
0.892705
1.751384
4.068542
5.851010
6.909318
5.596860
3.107973
0.025728
-1.733631
-2.281796
-1.893743
-0.158119
1.055170
2.323773
4.171515
6.498006
6.449836
5.258975
2.970417
0.563837
-1.755002
-2.429273
-2.334365
-0.544845
0.506286
1.290937
3.276203
5.273791
5.808881
4.713750
3.014463
0.278011
-1.923352
-2.528465
-1.788624
-0.718816
0.424564
1.723125
3.233985
4.821355
5.841741
4.871993
2.288284
-0.054664
-2.237306
-2.775704
-2.195929
-1.214300
-0.361287
0.880002
3.045203
5.255059
5.781260
4.474900
2.387529
-0.275402
-2.401010
-2.926403
-1.970013
-0.528858
0.320246
1.599682
3.918432
6.269280
6.906711
5.529447
2.795857
0.121679
-1.517451
-2.549380
-2.060359
-0.592182
0.628207
1.537578
3.738907
5.959422
6.550891
5.095090
2.991003
-0.125532
-2.165908
-2.323779
-1.348849
-0.249843
0.569892
1.427714
3.953731
5.935483
6.134442
5.450887
3.396122
0.603095
-1.593448
-2.136649
-1.211617
-0.567997
0.832972
1.534672
3.338197
5.918593
6.579078
5.017615
3.089942
0.802599
-1.613189
-2.299748
-1.113538
-0.114213
1.138410
2.003047
4.196016
6.140071
6.912490
5.834002
3.441139
0.516908
-1.797682
-2.545395
-2.063364
-0.223452
0.867354
1.755252
4.168105
5.884772
6.647300
5.514655
3.380249
0.220399
-1.552451
-2.315022
-1.318473
0.326297
1.059343
2.084035
3.797092
6.100356
6.482833
4.989291
2.720943
0.197702
-1.568594
-2.153816
-1.775452
-0.447187
0.344333
1.785488
4.020638
6.369992
6.894008
6.180221
4.067724
1.421695
-1.042646
-2.229200
-1.219811
0.636598
1.206972
1.889512
4.017428
5.987693
6.682319
5.673102
3.298136
0.591695
-1.847366
-2.405551
-1.455077
-0.072351
0.563931
1.699054
3.487708
5.706019
6.048783
5.106982
2.204843
-0.464448
-2.124399
-2.430629
-1.418313
-0.284509
0.777259
1.928600
3.577121
5.114079
5.600417
4.268406
2.036859
-0.745250
-2.872463
-3.728685
-2.398240
-0.652487
0.235672
0.757933
2.401130
4.531563
4.937026
4.228769
1.975724
-0.334217
-2.622116
-3.509723
-3.086964
-1.605949
-0.428904
1.181325
3.212666
5.325328
6.094165
5.012218
2.608713
0.274959
-1.679017
-2.205533
-1.855293
-0.840635
0.467847
1.968312
4.093980
6.413920
6.762721
5.100787
2.706217
-0.237884
-1.948251
-2.579917
-2.354673
-0.486522
0.315048
1.399248
3.509066
5.287084
5.563466
4.546279
2.708389
-0.149570
-2.181576
-2.610194
-1.739154
-0.529044
-0.207367
1.309296
2.774740
5.083156
5.564511
4.650846
2.262960
-0.341176
-1.979993
-2.768326
-2.121545
-0.880659
0.128677
1.298673
3.171758
5.128383
6.211112
4.190072
2.212210
-0.828175
-2.669362
-3.203659
-1.852331
-0.106808
0.163591
1.377273
3.205482
5.209750
5.592124
4.579843
2.150164
-0.689341
-3.197509
-3.545972
-2.166349
-0.999689
0.312207
1.350720
2.631537
4.802054
5.691283
4.654215
2.106231
-0.801735
-2.638822
-3.116986
-2.753455
-1.354391
-0.280511
1.326279
3.180384
5.015929
5.474845
4.628057
2.239697
0.132117
-2.226594
-2.586658
-1.819977
-1.044675
0.034557
1.116082
3.345064
5.079202
5.799571
4.761815
3.032160
0.397079
-1.870747
-3.148438
-1.812224
-0.253242
0.990385
1.312030
3.248663
5.064712
6.630881
5.618339
3.127609
0.667147
-1.414804
-1.459011
-0.354863
0.425902
0.897339
1.317994
3.620175
5.654727
6.443072
5.594401
2.738184
-0.252671
-2.153490
-2.453879
-2.064380
-0.588385
-0.035481
1.184697
3.207399
4.892322
5.741092
4.322498
2.145935
-0.661046
-2.198353
-2.980183
-2.147285
-1.229200
-0.131063
1.055593
3.220342
5.280131
5.457900
4.723056
2.184400
-1.072680
-3.092140
-3.728108
-2.850835
-1.584086
-0.348102
0.709135
2.454170
4.465015
4.934747
4.420708
2.006830
-0.471149
-2.618036
-3.222771
-2.600366
-1.165369
-0.237884
1.417356
3.577847
4.874309
5.739352
4.914069
2.371362
-0.603400
-2.966574
-3.779542
-2.841109
-1.046410
-0.216932
0.977049
3.106655
4.876513
5.636483
5.217837
2.703893
-0.162635
-2.329459
-2.693592
-2.092121
-0.566961
0.175068
0.693422
2.637922
4.873919
5.322494
4.841170
2.775270
0.003626
-2.512056
-2.903523
-2.278384
-1.033315
-0.081008
0.868478
2.624723
4.849456
5.333953
4.617817
1.793842
-0.186675
-2.227849
-2.832385
-2.089736
-1.257906
0.075051
1.010332
2.902622
4.991248
5.358811
4.128860
1.906899
-0.857029
-3.107758
-3.761172
-3.072165
-1.158854
0.061528
0.797647
2.986202
4.956220
4.921905
4.382442
1.934058
-0.782776
-2.649610
-3.162748
-2.825425
-1.428882
-0.335461
0.948484
2.458759
4.159246
5.073358
4.289060
2.199821
-0.423879
-2.800822
-2.723722
-2.404607
-0.928455
-0.037663
0.804383
2.708699
4.864486
5.795957
5.237916
2.633091
-0.552654
-2.722896
-3.062546
-2.426003
-0.926085
-0.157817
1.162683
2.805541
4.569064
5.166881
3.815154
1.811251
-0.961533
-2.589127
-3.354786
-2.726687
-1.356615
-0.321629
0.645563
2.219151
4.455504
4.804164
3.754982
1.726388
-0.493178
-2.560071
-3.444424
-2.371751
-0.855228
-0.573269
0.605620
2.768909
4.615668
5.375628
3.871934
1.654259
-0.594430
-2.887465
-3.651172
-3.131721
-1.768821
-0.538218
0.983087
2.433661
4.001410
5.148837
4.311428
2.385927
-0.286424
-2.298798
-3.070107
-2.337284
-1.124202
-0.114974
0.670635
2.121345
4.264728
5.048112
4.219200
1.646538
-1.274271
-3.424427
-4.052123
-2.910482
-1.519094
-0.236934
0.491759
2.212443
3.722734
4.566548
4.017406
1.392050
-0.953516
-2.988134
-3.506406
-2.253706
-1.092567
-0.631366
0.625150
2.018779
3.931598
4.876363
4.419662
1.796091
-0.388693
-2.605710
-3.199982
-2.314831
-0.396447
0.143848
1.239864
2.371580
4.580301
5.088637
4.263844
1.850272
-0.359590
-2.585788
-2.764506
-1.831148
-0.569777
0.091233
1.028990
2.466263
4.429121
5.083953
3.980093
2.004810
-0.302397
-2.724398
-3.441073
-2.954343
-1.257125
-0.564837
0.359597
1.866802
3.831078
4.682839
3.815243
2.100034
-1.164383
-3.401740
-4.414561
-3.288020
-2.267037
-0.849313
0.379695
2.580314
4.912959
5.509395
4.464037
2.184321
-0.763919
-2.372105
-3.005357
-2.692968
-1.302200
-0.117836
0.522938
2.345854
4.181259
4.947749
4.038001
1.601748
-1.400677
-3.847139
-4.282722
-3.069980
-1.863673
-0.934700
0.363694
1.775343
3.987342
4.354961
3.195281
1.550749
-1.358727
-3.610933
-4.221725
-3.630136
-1.825902
-0.909575
-0.208484
1.469876
3.527126
4.480639
3.415864
0.706896
-1.803350
-4.047337
-4.599619
-3.369474
-2.309314
-1.506890
-0.301401
1.510592
2.931359
3.752687
2.994431
0.724087
-1.877014
-4.046309
-4.678575
-3.460485
-2.000986
-0.627485
0.186475
1.858477
3.753761
4.314350
3.403223
1.065856
-2.041969
-3.831187
-4.593632
-3.652976
-2.089741
-1.067942
-0.558113
1.211627
3.168192
4.169224
2.739477
0.454346
-1.865779
-3.937573
-4.312662
-3.416389
-1.683346
-0.736620
0.207259
1.195941
3.089639
3.529615
2.542000
0.693624
-1.993286
-3.918309
-4.110383
-3.200610
-2.002823
-0.643921
-0.405086
1.031822
2.763147
3.484582
2.575993
0.201743
-2.397270
-4.343503
-4.385238
-3.326349
-1.950320
-0.622781
0.233244
1.848439
3.230377
3.435276
3.308290
0.560247
-2.115383
-4.574042
-4.867848
-3.874001
-2.450205
-0.916032
-0.275612
0.833699
3.059048
3.720029
3.036893
1.029382
-1.494232
-3.331098
-4.142971
-3.073647
-1.827245
-0.098841
0.883813
1.958378
2.822766
3.392875
2.848952
0.811011
-1.515889
-3.034300
-3.266328
-2.969241
-1.545018
-0.381526
0.740162
1.874274
3.535134
4.375812
3.454043
1.528258
-1.683980
-3.663679
-3.861423
-2.917622
-1.568682
-0.392848
0.474278
2.045409
4.365989
4.441124
3.635576
1.282497
-1.888936
-3.487662
-4.302347
-3.397990
-2.121355
-1.074860
-0.186852
0.923572
2.928921
3.353898
2.419865
0.837198
-1.737222
-4.093403
-4.789756
-3.639634
-2.597676
-0.581740
0.317438
1.384893
2.818325
2.899121
2.572260
0.747721
-1.317939
-3.346687
-3.998544
-2.537268
-0.647830
-0.216771
0.345076
1.642096
3.979630
4.691432
4.004241
1.278480
-1.368782
-3.226293
-3.453029
-2.591952
-0.917104
-0.171963
0.644238
2.318994
4.698855
5.244536
4.066652
1.611367
-1.153060
-3.016551
-3.928469
-3.219822
-1.232060
0.083225
0.385480
2.123050
4.028370
4.939412
3.456687
1.105523
-1.592552
-3.438197
-4.381031
-3.252584
-2.289716
-1.303828
-0.526981
1.173028
3.026451
3.519551
2.461315
0.631463
-1.922009
-3.880516
-4.108738
-2.946549
-1.775836
-0.990182
0.063516
1.220176
2.841742
2.724895
2.178394
0.164827
-1.976974
-3.831856
-4.104205
-3.671857
-2.150081
-1.350779
-0.233195
1.116037
2.735296
2.717334
1.860485
0.154792
-2.927048
-4.776418
-4.821600
-3.883935
-2.156274
-1.532072
-0.504166
0.450281
2.241410
2.781308
1.804986
-0.049393
-2.461287
-4.341897
-4.666240
-3.812279
-2.169488
-1.183655
-0.444304
1.018106
2.294645
3.330262
1.833141
0.524241
-2.216321
-3.871638
-4.881135
-4.260121
-2.748857
-1.467905
-0.337742
1.390527
2.785776
2.977186
2.414811
0.196490
-2.637785
-4.292672
-4.143805
-3.277583
-1.662860
-0.813568
-0.037231
1.092279
2.138147
2.830375
2.154917
0.415237
-1.806618
-3.893272
-4.416588
-3.494691
-1.925874
-0.659811
-0.128859
0.998548
2.451749
2.746685
1.464766
-0.571666
-3.123244
-4.794171
-5.110486
-3.961239
-2.297822
-1.467556
-1.017367
0.180400
1.763297
2.433593
1.436234
-0.378881
-3.159451
-4.646758
-4.618414
-3.931827
-2.372479
-1.168861
-0.660742
0.695150
2.023767
2.309235
1.905732
-0.186966
-2.434664
-4.164930
-4.520557
-3.399057
-2.160211
-1.307062
-0.284127
1.296450
2.216664
2.471255
1.845407
0.155911
-1.747763
-3.860184
-4.428586
-3.884413
-2.424671
-0.587963
0.052122
1.248789
2.901578
3.641938
2.902263
0.919063
-2.166764
-4.178282
-4.859492
-3.955244
-2.399581
-1.237412
-0.404699
1.099066
2.650089
3.157692
2.343585
0.208951
-2.334729
-4.531707
-5.073709
-4.210901
-2.535419
-1.082050
-0.550107
0.594251
2.244628
2.812804
1.623601
-0.490793
-3.089680
-4.745948
-5.334650
-4.082860
-2.578966
-1.088946
-0.558694
0.369940
1.802551
2.655661
1.835263
0.091323
-2.038478
-3.700540
-3.882325
-3.181122
-1.192817
-0.196153
0.446967
1.403784
2.767830
3.471003
2.345941
0.283918
-2.036887
-3.731183
-4.861317
-3.594072
-1.918639
-0.478217
-0.084732
0.988712
2.630409
3.079408
2.056055
0.020080
-2.963205
-5.287491
-5.642360
-3.945849
-2.124301
-1.554062
-1.135527
0.306814
2.153318
2.968218
1.870338
-0.184214
-2.314615
-3.855518
-3.694900
-3.128692
-1.809901
-0.939948
-0.503247
1.030863
2.593154
3.385001
2.298303
0.534255
-2.352769
-3.958912
-4.678811
-3.952398
-2.198148
-1.003703
0.465591
1.404555
2.452393
3.559301
2.290486
0.177391
-2.513179
-4.723615
-5.207464
-3.780651
-2.559241
-1.616789
-0.725344
1.002852
2.753407
2.595936
1.827013
-0.244658
-2.826665
-4.886166
-5.577568
-4.532775
-3.044082
-1.931902
-0.513263
1.289652
2.455153
2.641617
1.875299
-0.119964
-2.748359
-4.725432
-5.514968
-4.531878
-2.204299
-0.772952
-0.115754
1.281855
2.547832
2.792608
1.932109
-0.569398
-3.226449
-5.427628
-5.824787
-4.722748
-2.478452
-1.370575
-0.701155
0.768341
2.356706
2.412438
1.968391
-0.392938
-3.007586
-4.858515
-5.012885
-3.349745
-2.164775
-1.135446
-1.392119
-0.303392
1.443996
1.929195
1.086202
-1.034654
-3.659261
-5.361607
-5.443649
-4.132223
-2.254851
-0.624564
-0.565506
0.058116
1.175667
1.313172
0.280776
-1.456838
-3.408669
-5.311675
-5.654519
-3.642289
-1.961078
-1.240184
-0.845227
0.233365
1.406260
1.797340
0.727716
-1.567824
-3.714255
-5.432145
-5.370198
-4.562343
-3.520461
-1.256154
-0.202288
0.892253
1.779061
2.122995
1.075697
-1.191131
-3.573728
-5.263940
-5.464797
-4.644572
-2.885486
-1.401196
-1.367605
0.266309
1.672730
2.117722
1.382946
-0.974822
-3.656888
-5.506106
-5.993278
-3.830107
-2.586902
-1.834265
-0.757677
0.115251
1.148969
2.236487
0.758286
-1.042132
-3.481715
-5.348691
-6.022924
-4.823528
-3.186030
-1.630278
-0.792769
0.143483
1.052916
1.550858
0.444212
-0.759149
-3.098940
-4.821453
-4.782019
-3.735739
-1.914475
-1.651692
-1.105538
0.095558
1.104989
1.704999
1.056949
-0.806199
-3.334941
-5.065759
-5.109775
-4.028476
-1.880773
-1.125314
-1.055209
0.583197
2.035257
2.509774
1.879358
-0.467575
-3.048961
-4.652606
-4.919472
-4.102948
-2.297309
-1.513105
-0.814381
0.749988
1.597131
2.009399
1.235054
-0.872154
-2.925226
-4.565183
-5.116210
-3.862010
-2.075532
-1.270469
-0.512446
1.119237
2.345037
2.612559
1.478919
-0.192181
-2.268563
-4.500482
-4.359408
-2.755973
-1.763295
-1.258754
-0.578534
0.775043
2.258458
2.479785
1.499528
-0.520110
-2.638079
-4.592245
-5.052556
-3.985924
-2.205426
-0.808486
-0.321097
1.768069
3.243793
2.851576
1.936006
-0.133179
-2.462790
-4.995849
-5.758691
-4.459719
-2.439206
-1.137362
-0.199958
0.836614
2.306653
2.460974
1.726333
-0.108624
-2.913836
-4.731693
-5.280581
-3.724191
-2.098834
-1.136828
-0.735914
0.312943
1.865048
2.091949
1.695656
0.095843
-2.278786
-4.279498
-5.048355
-3.395850
-2.049195
-0.897193
-0.199266
0.572515
1.715288
2.084141
1.296096
-1.296288
-3.379250
-5.418399
-5.907294
-4.606444
-2.785804
-1.899994
-0.860604
0.700139
1.614118
1.798652
1.199434
-1.128828
-3.685781
-5.576438
-5.474534
-4.564237
-2.375813
-1.841861
-0.635956
0.824152
2.006201
1.550102
0.340679
-1.778728
-3.447581
-5.370497
-5.473777
-3.946870
-2.505561
-1.076922
-0.505941
0.166903
1.257669
1.247540
0.495180
-0.889866
-3.304337
-5.505492
-5.725423
-4.215898
-2.646785
-1.478814
-0.745049
0.260047
1.424223
1.918819
1.255395
-1.053366
-3.609536
-5.019939
-5.253276
-3.599113
-1.858726
-1.582070
-1.095855
0.358737
1.535493
1.499700
0.712271
-1.267864
-3.525706
-5.524883
-6.342231
-5.405864
-3.348582
-1.954913
-0.909398
0.233671
1.358744
1.463919
0.525406
-1.724517
-3.657933
-5.008454
-5.537227
-4.622952
-2.854327
-1.735747
-1.259807
-0.098761
0.930384
0.915561
-0.265266
-2.015413
-4.191430
-5.729143
-6.162942
-4.923034
-2.159345
-1.288764
-1.321180
-0.448269
1.144069
1.181744
-0.128934
-2.212383
-4.525913
-6.185844
-4.817205
-3.888175
-2.086123
-0.763543
-0.439612
-0.166840
1.376587
1.542605
0.362989
-1.680315
-3.740384
-5.552978
-5.336203
-4.580665
-3.109645
-1.988997
-1.350090
0.245325
1.934666
1.879158
0.449542
-1.516523
-4.046497
-5.740338
-6.410636
-5.254305
-2.425036
-1.731347
-0.992265
-0.116726
1.301411
2.022352
0.701137
-1.226569
-3.303302
-5.228464
-5.512064
-4.610364
-2.547280
-1.620410
-1.451852
-0.148576
1.073714
1.752792
0.955399
-1.639000
-3.468800
-5.142322
-5.032802
-4.558637
-3.423640
-1.752648
-0.810403
0.204700
1.401088
1.956133
0.384009
-1.187416
-3.087220
-4.884192
-5.067954
-4.229335
-2.004668
-0.805203
-0.174863
0.644543
1.676669
2.066303
0.930328
-1.544884
-3.848314
-5.301826
-5.670602
-5.038044
-2.941396
-1.154338
-0.828691
0.261596
1.339549
1.621119
0.677814
-1.385070
-3.821997
-5.060904
-5.106917
-3.902574
-2.225190
-1.584826
-0.525974
0.306841
1.438649
2.194237
1.373723
-0.286824
-2.212124
-4.286139
-4.681458
-3.658257
-1.840024
-1.009652
0.139074
0.657312
1.495352
1.508786
0.753590
-1.244224
-3.933040
-5.545569
-6.204883
-5.032491
-2.427838
-1.088317
-0.885798
-0.115593
0.768657
0.992519
0.364318
-1.403267
-3.822996
-5.774387
-5.825779
-4.669744
-2.613526
-1.403598
-0.719793
0.271447
0.914742
0.888568
-0.047762
-1.515063
-3.820969
-5.156133
-5.407778
-4.828865
-2.526750
-1.492583
-0.717040
0.642446
1.523139
1.797043
0.124590
-2.004482
-4.483991
-5.881876
-6.095031
-4.855865
-2.916488
-1.528338
-1.445130
-0.152277
1.271599
1.928806
0.514914
-1.982861
-3.823608
-5.255763
-5.704103
-4.958720
-2.802495
-0.943460
-0.713296
0.202567
1.334695
1.422020
0.592813
-1.568687
-3.113605
-4.834181
-5.201184
-4.618770
-3.021066
-1.668815
-0.694880
0.004806
0.933526
0.915650
0.023016
-1.545392
-4.152601
-5.906312
-5.543772
-4.400968
-2.945987
-1.395160
-0.987426
-0.027098
1.466524
1.152953
-0.238651
-1.531584
-3.287186
-5.083193
-5.572775
-4.602815
-2.723439
-0.991998
0.004634
0.538167
1.549075
1.576497
0.913296
-1.401640
-3.751856
-5.374613
-5.345256
-4.244880
-1.968289
-1.286002
-0.949520
0.215198
1.962430
2.046364
0.734379
-1.538984
-3.558785
-4.565122
-5.427320
-4.282308
-2.753324
-1.778853
-1.115932
-0.582684
0.528186
0.685191
-0.423673
-2.227480
-4.292040
-6.037559
-6.121849
-5.351340
-3.016248
-1.718410
-1.151978
-0.158893
0.844901
1.021494
-0.085873
-1.863091
-3.883882
-5.040794
-5.334628
-4.599753
-2.963307
-1.946481
-1.485345
-0.430760
0.912383
1.110670
-0.355200
-1.953975
-3.948061
-5.626981
-5.539289
-4.395616
-2.847129
-1.461127
-1.098857
-0.166001
1.266004
1.097680
0.026523
-1.734714
-4.391150
-6.200615
-6.475563
-5.637845
-3.209420
-2.206471
-1.454990
0.063068
1.060426
1.175148
-0.095372
-2.134011
-4.063616
-5.681106
-5.204732
-4.720296
-2.587718
-1.437682
-1.073546
0.005233
0.643299
0.808724
-0.642103
-2.317306
-4.753446
-5.532475
-5.854138
-4.895907
-3.211381
-1.692126
-1.226013
-0.502202
0.067685
0.076425
-1.103454
-2.806470
-4.913677
-6.837729
-6.368986
-5.372556
-3.286895
-1.849277
-1.155169
0.041702
0.750840
1.135166
0.061768
-2.180234
-4.440446
-6.406798
-6.151149
-4.451123
-3.047688
-2.417096
-1.845461
-1.029189
0.085057
0.745785
-0.715205
-2.505840
-4.854021
-6.190228
-6.653519
-5.002816
-2.764855
-1.545020
-1.185703
-0.337684
0.474756
0.504583
-1.120965
-2.796653
-5.111322
-6.975319
-6.684453
-5.181842
-3.592072
-2.190639
-1.687321
-0.522588
-0.057076
-0.277596
-1.461209
-3.125630
-5.292363
-6.648271
-7.040529
-5.665550
-3.377446
-1.908473
-1.820306
-0.649691
0.189317
0.385290
-1.032542
-2.918141
-4.956245
-6.507717
-6.085355
-5.443213
-3.275393
-2.067950
-1.844452
-0.625446
0.736845
1.498220
-0.435197
-2.506431
-4.643857
-6.232820
-6.386655
-4.722985
-2.791852
-1.770545
-0.911801
-0.157243
0.723599
0.688258
0.009743
-2.406327
-4.724754
-6.336942
-6.496552
-4.642694
-2.689799
-1.436599
-1.423664
-0.738703
0.093226
0.384046
-0.260789
-2.480322
-5.030804
-6.692905
-7.095229
-5.950941
-4.314265
-2.472760
-1.664092
-0.662120
0.451257
0.572950
-0.610960
-2.378183
-4.656339
-6.221923
-6.314579
-5.520740
-3.502194
-2.629144
-2.368050
-1.139379
0.163414
0.296018
-1.180968
-3.155344
-5.680626
-7.105145
-6.894121
-5.966365
-4.408835
-2.990390
-1.189599
-0.089784
0.336849
-0.432369
-1.746018
-3.191507
-4.989498
-6.167280
-6.486211
-5.527270
-3.891259
-3.037631
-2.384322
-1.326218
0.066877
-0.017282
-0.882601
-3.183938
-4.968718
-6.275426
-5.900032
-4.876517
-3.225253
-2.095984
-1.414625
-0.674479
0.190700
0.457335
-0.824883
-2.948087
-5.181017
-6.857769
-6.798496
-5.773685
-3.403512
-2.272124
-2.101903
-1.681070
-0.451046
0.198987
-0.579159
-2.965097
-5.539172
-7.324349
-7.479433
-5.953478
-5.115263
-3.205453
-2.633408
-1.138141
-0.191690
0.665665
-0.011545
-2.479586
-4.656495
-6.510809
-6.294065
-4.087277
-2.593240
-2.281812
-1.894604
-0.593642
0.537300
0.394841
-0.561118
-2.910324
-5.394547
-6.690688
-7.401301
-5.235608
-3.305724
-1.860894
-1.757891
-0.556442
0.510099
0.259071
-1.257666
-3.016259
-4.709767
-6.205850
-7.045772
-5.782817
-3.863786
-3.022477
-2.094303
-1.102522
0.148582
0.516599
-0.826316
-2.750532
-4.138132
-5.719361
-5.249972
-4.008779
-2.275163
-1.330609
-1.463238
-0.476538
0.633222
0.492183
-0.719851
-2.963834
-5.046825
-6.838529
-6.991789
-5.226442
-3.240680
-2.395577
-1.586064
-0.953590
-0.023802
0.091574
-1.325690
-3.106868
-5.523031
-7.076061
-7.070101
-5.745121
-4.041034
-2.881745
-2.666341
-1.952254
-0.602173
-0.548180
-1.388643
-3.349853
-5.302385
-6.507436
-6.699986
-5.495600
-2.848571
-2.337937
-1.754408
-1.099219
-0.228631
0.045965
-1.059718
-3.173705
-5.443554
-6.380950
-6.410499
-5.515306
-3.759597
-2.725021
-2.103694
-0.942320
-0.086370
0.677336
-0.801273
-2.947830
-4.982823
-6.652122
-6.964868
-6.012847
-4.191146
-2.799156
-2.045876
-1.143499
0.012022
0.402325
-0.971526
-2.796027
-4.808889
-6.259554
-6.663566
-5.856649
-3.776145
-2.420547
-1.919112
-1.251808
-0.348205
-0.446924
-1.668032
-3.690957
-5.873197
-7.600659
-7.564008
-6.030022
-4.616969
-3.783624
-3.096647
-1.719409
-0.911202
0.405168
-0.907845
-3.203547
-4.956883
-6.079195
-6.444114
-5.540275
-3.689607
-2.493062
-2.185142
-0.804460
0.006584
0.626873
-0.577744
-2.940142
-5.334548
-7.243260
-8.182410
-6.832822
-4.489594
-2.950200
-1.868770
-0.688556
0.092175
-0.368875
-1.460668
-3.498933
-5.715950
-7.575966
-7.689228
-5.818199
-4.084614
-2.539437
-1.652660
-0.262053
0.164657
-0.335198
-1.735040
-3.293370
-5.395178
-7.068541
-7.097936
-5.640231
-4.532041
-2.693146
-1.838592
-1.452032
-0.393745
-0.539951
-1.375060
-3.362426
-5.292191
-6.750512
-7.122107
-5.505239
-4.391984
-3.336735
-2.534053
-0.959334
-0.276433
-0.353055
-1.233259
-3.214313
-5.581069
-7.299575
-7.747150
-6.618004
-4.445417
-3.458063
-2.866069
-1.743956
-0.664145
-0.339698
-1.134845
-3.173671
-5.517165
-6.799967
-7.418117
-5.851527
-3.860385
-2.605429
-1.670270
-0.655763
-0.414386
-0.152876
-1.178653
-2.882710
-5.228930
-6.787457
-7.014458
-5.788667
-4.305240
-2.640170
-2.005250
-1.022135
0.140319
0.183205
-0.901087
-2.677470
-5.220038
-7.277299
-7.158517
-6.333420
-4.469646
-2.882580
-2.424927
-1.340411
0.152963
0.462991
-1.017246
-3.086123
-5.097223
-6.594241
-6.585958
-5.928024
-4.318328
-2.817048
-2.095744
-1.267198
0.156205
0.438515
-0.724180
-2.732831
-4.347668
-5.777691
-6.099503
-5.140555
-3.141505
-2.306193
-1.681095
-0.446662
0.437654
0.640344
-0.690537
-3.071254
-5.448704
-7.145919
-7.321154
-6.537240
-4.620398
-3.217570
-2.504397
-1.383951
-0.532870
-0.221586
-1.367154
-3.435436
-5.672579
-7.250892
-7.427410
-6.714061
-5.085938
-3.728518
-3.228950
-1.661496
-0.510027
-0.361362
-1.238957
-2.794843
-4.741298
-6.512107
-6.468337
-4.877483
-3.585107
-2.566922
-1.683679
-0.746375
-0.189561
0.041111
-0.342656
-2.429998
-4.802830
-6.292591
-5.661695
-4.704126
-3.141124
-2.372192
-1.404757
-0.589126
0.445979
0.196394
-1.042739
-3.057951
-5.803181
-7.686315
-7.724554
-6.870624
-4.909603
-3.279487
-2.377188
-0.881249
-0.294934
0.316470
-0.778329
-2.984845
-5.558764
-7.129826
-6.885504
-5.208259
-3.898586
-2.764815
-2.281268
-1.524025
-0.201067
-0.006267
-1.051525
-2.807625
-5.276230
-6.874901
-7.580261
-6.627666
-4.637042
-3.599032
-2.519984
-1.214798
-0.280138
-0.220602
-1.204743
-3.235706
-5.947382
-7.374249
-7.725075
-6.095668
-4.999837
-3.873624
-2.466943
-2.017156
-1.237404
-0.819856
-1.601861
-3.347919
-5.814140
-7.373171
-7.954712
-6.558829
-5.035395
-4.259681
-3.153709
-1.502437
-0.882524
-0.698401
-1.717809
-4.037770
-6.196155
-7.987227
-8.483788
-6.788510
-5.371119
-3.643713
-3.259275
-2.158029
-1.121374
-0.777532
-2.206929
-3.866604
-5.441693
-6.880868
-7.290766
-6.356359
-4.444924
-3.159526
-2.173428
-0.698092
0.234405
0.050107
-1.317855
-3.500421
-5.779755
-7.581173
-7.609739
-6.687893
-4.192626
-3.119237
-2.716168
-1.606960
-0.394610
0.033534
-1.479341
-3.904685
-6.498646
-8.430033
-8.488238
-7.244179
-5.446421
-4.334196
-3.207712
-1.918015
-0.694337
-0.718569
-2.005682
-3.774267
-6.263912
-7.960790
-8.182137
-7.388260
-5.136789
-4.313754
-3.754923
-2.543896
-1.187997
-1.061248
-1.955968
-3.364564
-5.999393
-7.751902
-8.022527
-6.131787
-4.315857
-3.682658
-2.753397
-1.430298
-0.221061
0.104221
-0.585363
-2.783597
-5.964265
-7.804965
-8.458168
-7.085799
-4.820568
-3.570024
-2.814504
-1.582220
-0.458895
-0.481984
-1.662532
-3.829097
-6.447603
-8.024819
-8.006119
-7.370934
-6.169160
-4.421413
-3.385947
-1.986160
-0.411922
0.224205
-1.089816
-3.643608
-6.054319
-8.457506
-9.214953
-7.866801
-5.683846
-4.305402
-3.451369
-2.235101
-1.054784
-1.174393
-1.743848
-3.573126
-6.268933
-8.675452
-8.579154
-7.529928
-5.848594
-4.377244
-3.900396
-2.483668
-1.052195
-0.821876
-1.624566
-3.607296
-6.645695
-8.407127
-7.899932
-6.401359
-5.446984
-4.233011
-3.127442
-1.948262
-0.659268
-0.511600
-1.640276
-3.546309
-5.894570
-7.843956
-8.285550
-7.472589
-5.378964
-4.467260
-3.229544
-1.657935
-0.443460
0.321458
-0.969245
-3.681097
-5.651577
-8.004839
-8.279944
-7.190076
-5.620201
-4.021325
-3.570137
-2.169270
-0.689603
-0.600991
-1.899850
-3.966297
-6.721352
-8.339991
-7.904881
-6.715176
-5.204947
-4.013140
-3.589588
-2.082541
-0.635710
-0.462406
-1.345065
-3.214313
-5.694288
-7.399864
-7.381095
-6.455786
-3.986524
-3.422660
-2.667990
-1.832226
-0.046802
0.023442
-1.370494
-3.832498
-6.780329
-8.915456
-9.523764
-8.016125
-6.523398
-5.026366
-4.134892
-2.601081
-1.124753
-0.503037
-1.656205
-3.568643
-6.030008
-8.107901
-8.847453
-8.244366
-6.186106
-4.627474
-3.403350
-2.323528
-0.558693
-0.076056
-1.223144
-3.309508
-5.456239
-7.554559
-8.592078
-7.273129
-5.323955
-3.804728
-2.660202
-1.386267
-0.482502
0.011268
-0.908977
-3.171645
-6.107804
-8.008345
-8.848122
-7.986961
-6.017708
-4.466329
-3.625319
-1.800352
0.208617
0.304192
-0.968650
-3.212611
-6.127047
-7.731421
-8.529544
-7.787966
-5.286360
-4.210481
-3.442272
-2.171578
-0.526391
0.466121
-0.854495
-2.711186
-5.495820
-6.846031
-6.888122
-5.549037
-4.120304
-3.054130
-2.229093
-1.049328
0.335113
0.892325
-0.249618
-2.741094
-5.732595
-7.405320
-8.138366
-7.522882
-5.609909
-4.170651
-2.423750
-0.728223
0.151618
0.641171
-0.768331
-2.857159
-5.226056
-7.028224
-6.916177
-5.908238
-4.632255
-2.985730
-2.169862
-0.744513
0.637254
1.222926
0.548915
-1.146340
-3.931045
-5.876027
-6.756632
-5.796970
-4.267534
-3.286037
-2.109172
-0.449053
0.443141
0.713531
-0.808638
-2.824345
-5.175232
-7.334581
-8.282537
-6.772120
-5.412984
-4.127631
-2.986608
-1.958286
-0.278692
0.518189
-0.709586
-2.874235
-5.735467
-7.906200
-8.652153
-7.581447
-5.663408
-4.523495
-3.505117
-1.672291
-0.388803
0.343637
-0.482584
-2.627273
-5.186667
-7.113102
-7.458015
-6.336220
-5.260196
-4.263754
-2.627013
-1.681758
-0.228465
0.130596
-0.836911
-3.095794
-6.031139
-7.995457
-8.523936
-6.752464
-5.404604
-4.505811
-3.469044
-1.967787
-0.185122
0.026211
-0.978892
-3.784781
-6.336954
-8.330967
-8.224924
-7.620760
-5.856250
-4.883251
-3.372351
-2.043232
-0.412570
-0.590631
-1.071654
-3.235453
-5.629071
-7.431600
-8.248516
-6.397023
-4.165398
-3.152604
-3.399993
-1.480803
-0.100292
0.141612
-0.583287
-3.187652
-5.834518
-8.093258
-8.765140
-7.815143
-6.142941
-4.735444
-3.021829
-1.501708
0.411315
1.211673
0.014552
-2.658927
-5.271746
-6.658202
-7.451238
-7.224501
-5.353790
-3.983422
-3.289545
-1.899990
-0.200341
0.673429
-0.948991
-2.930667
-5.715171
-7.751044
-7.568890
-6.121648
-4.715219
-3.460879
-2.973058
-1.891592
-0.290183
0.315572
-0.182879
-2.198230
-4.943411
-6.811647
-7.663683
-6.834509
-5.339649
-4.272400
-2.859519
-1.248997
-0.454358
0.085710
-0.792991
-2.719831
-5.846303
-7.723774
-8.664089
-7.400795
-5.618038
-4.130107
-3.353470
-1.628685
0.094267
0.379071
-0.664403
-3.005435
-5.575713
-7.834132
-8.421348
-6.691518
-4.934051
-3.605096
-3.249688
-2.017722
-0.765775
0.401759
-0.991103
-2.651473
-5.303352
-7.189150
-7.534860
-7.282074
-5.755092
-4.420534
-3.152271
-1.232442
0.116395
1.187579
-0.281884
-3.235082
-5.821006
-7.958173
-8.541084
-7.552399
-5.754866
-4.135984
-2.755546
-1.512259
0.105013
0.754926
-0.745139
-3.058179
-5.713562
-7.814604
-8.644428
-7.171349
-5.728675
-4.177426
-2.707070
-1.266150
0.110091
0.646823
-1.007621
-2.702666
-4.887845
-6.881215
-7.694345
-6.354055
-4.577594
-4.289711
-3.353298
-1.809896
0.202210
1.001580
-0.283490
-2.530494
-5.035155
-7.758580
-8.021654
-6.542390
-5.058296
-3.641590
-2.866518
-1.213835
0.462901
0.878066
-0.404197
-2.682025
-5.033592
-7.674600
-8.908743
-7.977581
-5.821363
-4.380020
-3.340181
-1.747945
-0.044732
0.395310
-0.232489
-2.363853
-4.703080
-6.598939
-7.132167
-6.252267
-4.969929
-3.790813
-2.651408
-0.711185
0.872334
0.886268
-0.033147
-2.345288
-5.200030
-7.060918
-7.327401
-6.466726
-5.338855
-3.618162
-2.481807
-1.147646
0.370423
0.547485
-0.805491
-2.609313
-5.318885
-7.625263
-7.992830
-6.765738
-5.405724
-4.647915
-3.672034
-2.155095
-0.343715
0.572755
-0.388667
-2.647786
-5.190464
-7.061647
-7.781550
-6.191801
-4.110670
-3.447502
-1.850813
-0.796988
0.266593
0.790612
-0.679525
-2.718163
-5.384724
-7.678411
-7.999204
-7.133383
-5.629561
-4.239241
-2.905535
-1.340456
-0.144343
0.129781
-0.772491
-3.086334
-5.609466
-7.569535
-7.979639
-7.047182
-5.665319
-4.303418
-3.109286
-1.634498
-0.090578
0.360261
-0.508334
-3.186090
-5.663401
-7.900627
-7.930596
-7.200190
-5.840596
-4.164804
-2.922387
-1.299497
-0.030086
1.040694
-0.346881
-2.349090
-5.501012
-7.552419
-8.152302
-6.772018
-5.629316
-3.902488
-2.836536
-1.798402
0.099643
0.804481
-0.503505
-2.822196
-5.628870
-7.725459
-8.488659
-8.023336
-6.329239
-4.673393
-3.524261
-1.876235
0.060546
0.131932
-0.804946
-3.245897
-6.084605
-7.941321
-8.792344
-8.032887
-6.632421
-5.023015
-4.023827
-1.871108
-0.134928
0.194535
-0.732308
-2.863643
-5.200541
-6.701380
-7.092844
-6.050777
-5.253629
-4.191477
-2.766613
-0.661014
0.728209
0.917745
-0.837395
-2.997693
-5.629814
-7.564826
-8.032085
-6.865554
-4.870252
-4.104745
-2.966477
-2.024190
-0.092109
0.409844
-0.522525
-2.340817
-5.252026
-7.592443
-8.022837
-6.966929
-5.667236
-4.251089
-2.930448
-2.152921
-0.368791
0.829589
-0.328406
-2.521196
-5.378764
-7.321544
-8.204672
-7.322611
-6.280453
-4.415887
-3.367128
-1.631707
-0.337378
0.098163
-0.578310
-2.755836
-5.435830
-7.026087
-7.670681
-6.805476
-5.093455
-4.133108
-3.155537
-1.293895
0.591406
1.128598
0.126524
-2.666825
-5.445610
-7.967772
-8.467574
-7.081626
-5.726336
-4.481790
-3.348857
-1.819324
-0.000506
0.535033
-0.452600
-3.018836
-5.482361
-7.870093
-8.576015
-7.001603
-5.400681
-4.255054
-3.333678
-1.573829
0.692107
1.216834
0.235201
-1.617095
-4.247601
-6.120133
-6.664401
-6.265338
-5.151582
-3.529241
-1.875103
-0.318948
1.201742
1.347395
0.119683
-2.262456
-5.123591
-7.671043
-8.920875
-7.997645
-5.875107
-4.073749
-2.840031
-1.096581
0.777524
0.956038
-0.328598
-2.502592
-5.236744
-7.248988
-8.369032
-7.128808
-5.239475
-4.137231
-3.525496
-1.298640
-0.191360
0.792661
-0.317639
-2.472972
-4.939502
-7.161726
-7.299935
-6.766823
-5.180364
-3.986217
-2.849917
-0.883292
0.913915
1.223216
-0.071525
-2.113194
-4.303083
-6.469074
-7.594912
-6.548086
-4.643219
-3.297997
-1.746025
-0.647868
1.100150
1.471452
0.024671
-1.980966
-5.047172
-7.218554
-8.074778
-6.738083
-5.868686
-4.085623
-2.405671
-0.703816
0.980499
1.504323
-0.270293
-2.030902
-4.879783
-7.105766
-8.345760
-7.452467
-5.107334
-3.701346
-2.832350
-0.997196
0.004434
0.988473
-0.110486
-2.578935
-5.051425
-7.039687
-7.647419
-6.626030
-5.423848
-3.882610
-2.645008
-0.546278
0.469286
1.124610
0.341823
-1.970068
-4.811930
-6.909747
-7.476709
-7.126426
-5.788039
-4.037660
-2.558187
-0.908256
0.528684
1.090798
0.263567
-2.216331
-4.772802
-6.774887
-7.226466
-5.956908
-4.462930
-3.049347
-2.139125
-0.623907
1.056811
1.580976
0.532125
-1.298017
-4.255416
-6.357781
-7.004820
-5.479191
-4.257028
-3.014899
-1.327808
-0.022116
0.945814
1.664041
0.911302
-1.593808
-4.148755
-6.608801
-7.277287
-6.865842
-5.233634
-3.974270
-2.426798
-0.656121
1.694663
2.629926
0.774089
-1.407943
-3.925500
-5.921319
-7.113786
-6.117299
-4.763232
-3.403701
-2.622776
-0.977363
1.645717
2.059134
1.141009
-0.644354
-3.138228
-5.186256
-6.028520
-5.729256
-4.336684
-3.392059
-2.206449
-0.529628
1.224174
1.843246
1.640478
-0.610522
-3.722749
-5.728397
-6.762693
-5.343962
-3.837858
-3.064534
-2.623457
-0.676270
1.322133
2.048749
1.023637
-0.982978
-3.781344
-5.914213
-6.343607
-5.807190
-4.381421
-3.271795
-2.242699
-0.646607
1.424413
2.139726
1.122739
-1.437267
-3.908629
-6.143524
-7.164968
-6.374258
-4.878323
-3.420621
-2.097181
-0.075173
1.681412
2.281756
1.729418
-0.497077
-3.445164
-5.131678
-6.082406
-4.987329
-3.765354
-2.934938
-1.550259
0.337775
2.086001
2.646291
1.651771
-0.788959
-3.708611
-5.592575
-5.739814
-5.447382
-4.251454
-3.390045
-2.357100
-0.168097
2.089381
3.070382
1.638747
-0.159526
-3.029435
-5.417565
-5.856543
-4.597358
-3.300605
-2.411657
-1.613790
0.335438
1.983416
2.641213
2.146434
-0.135476
-2.762010
-4.842301
-4.877481
-3.964063
-2.327191
-1.620749
-0.864480
0.746811
2.716261
3.083572
2.729665
-0.016997
-2.656328
-4.568143
-5.309666
-4.754655
-3.377110
-2.431243
-1.392798
0.102403
2.432761
3.183078
2.269649
0.012258
-3.033383
-4.934953
-5.698022
-4.536036
-3.011047
-2.069792
-1.359706
0.380306
2.682073
3.383744
2.596016
-0.117496
-2.883479
-4.727628
-5.427870
-4.545949
-3.128424
-2.344378
-1.257318
0.508160
2.042100
3.196740
1.955151
0.005435
-2.257150
-4.618082
-4.964673
-4.454004
-3.252988
-2.410083
-1.394849
0.697953
2.893151
3.672173
2.590668
0.233657
-2.284801
-4.940834
-5.562572
-4.582249
-3.152995
-1.975764
-0.663559
1.504940
3.538478
4.582004
2.955670
0.753935
-2.129323
-4.406653
-4.837129
-4.294806
-2.922271
-1.941782
-0.478177
1.087117
3.354523
4.116803
3.494699
0.642175
-1.990917
-4.456217
-5.158913
-4.518329
-3.149783
-2.208672
-0.848638
1.554517
2.974379
3.462296
2.790630
0.730018
-1.837679
-4.530545
-5.738866
-4.710820
-4.069747
-2.352532
-1.471684
0.815399
3.050166
4.062350
2.964742
0.669591
-1.907344
-4.094282
-5.433083
-4.253122
-3.073747
-2.382713
-1.162029
0.641083
2.848664
3.545491
3.004989
0.632094
-2.344902
-4.377470
-5.248326
-4.385207
-2.769464
-1.839282
-0.898455
0.494972
3.021950
4.105311
2.938940
0.285305
-2.604232
-4.449227
-5.920205
-5.342202
-3.597575
-1.968554
-1.302771
0.411279
2.004014
3.160339
2.055169
0.237258
-2.984937
-5.241233
-6.358027
-6.053706
-4.331636
-3.234897
-2.220413
0.382677
2.818351
3.465825
2.114354
-0.010137
-2.961589
-5.155514
-5.968545
-4.991267
-3.381139
-2.211665
-0.853619
1.154977
3.102385
3.729520
3.116627
0.696497
-2.015615
-4.564658
-5.501337
-5.064780
-3.453948
-2.125522
-0.425010
1.758760
3.422549
3.941236
3.433852
0.881429
-1.749379
-4.272460
-4.888995
-4.549231
-3.281090
-2.499295
-1.466876
0.549252
3.057920
3.563258
3.009906
0.506871
-2.338654
-4.977886
-5.749973
-4.481055
-2.813611
-1.581769
-0.682485
0.764872
2.712820
4.299981
3.599730
1.327803
-1.804487
-4.289270
-4.840526
-4.327612
-2.808231
-1.710155
-0.337943
1.165345
3.495724
3.795356
2.828250
0.626010
-1.701488
-3.277013
-4.163307
-3.921390
-2.258342
-1.156669
0.137447
1.803856
4.199296
5.027797
3.921459
1.642976
-0.887141
-3.534260
-4.399703
-4.092592
-2.350943
-1.046794
-0.315155
2.163184
4.550982
5.339183
4.479514
2.068825
-0.955372
-3.209806
-3.673852
-3.029379
-1.989107
-0.949840
0.337516
2.252678
4.710353
5.354657
4.547169
2.282425
-0.541198
-3.141039
-4.194362
-3.297826
-1.699967
-0.946943
0.299690
2.480739
4.410351
5.232503
4.676225
1.681623
-1.168591
-3.257870
-3.881338
-3.443917
-1.597531
0.056527
0.798139
1.977602
3.982885
4.645160
4.122705
2.044960
-0.504759
-2.628732
-3.206107
-2.473265
-1.678057
-0.476025
0.405005
2.355426
4.726542
4.764480
4.162523
2.058331
-0.599006
-2.781220
-2.980450
-2.381600
-1.313340
-0.588669
0.460618
2.605093
4.306916
5.225509
4.040715
1.844576
-0.595816
-2.727462
-3.375662
-2.563671
-0.856863
-0.441576
0.523523
2.708058
4.801242
5.001861
4.384751
1.956065
-0.677813
-3.196033
-3.170013
-2.622682
-0.814124
-0.007320
0.675976
3.292546
4.822368
5.316716
4.721143
2.114144
-0.185399
-2.904600
-3.738250
-2.993053
-1.613212
-0.512562
0.802325
2.801133
4.205859
4.984683
4.666924
2.912251
0.113351
-1.835060
-2.625977
-1.981699
-1.182275
0.464259
1.548363
3.580726
5.193435
5.813308
5.090720
2.836452
0.280075
-2.177632
-2.514004
-1.668905
-0.174020
0.668190
1.706812
3.409119
5.172944
5.764728
4.697150
2.478493
0.097959
-1.626410
-2.811370
-2.105241
-0.247224
0.533696
2.103196
3.422147
5.187499
5.434264
4.582537
3.058500
0.516251
-1.542277
-2.586913
-1.984046
-0.195792
0.433678
1.891207
3.836602
6.452621
6.143329
5.356174
2.779975
0.808673
-0.584546
-1.758133
-1.334394
-0.077180
0.759736
1.847879
3.737717
5.482429
6.038020
5.677348
2.921676
0.568173
-1.284343
-2.505269
-1.561567
-0.373157
0.756403
1.576597
3.406729
5.480918
5.844121
5.082374
2.823270
0.258695
-1.588850
-2.151484
-0.758922
0.367772
0.967000
1.826795
3.416215
5.120633
6.055324
5.556449
3.421979
0.659743
-1.361827
-1.651134
-1.390503
-0.162021
1.160570
2.375653
3.772332
6.124148
6.504951
5.343707
3.111712
0.906818
-0.946742
-1.552876
-1.076392
-0.101962
0.623488
1.972891
3.935572
5.554389
6.440480
5.485404
3.088490
0.719835
-1.205107
-1.254004
-0.433433
0.430972
1.903525
2.164417
4.174067
6.728068
7.343028
5.849910
3.892180
1.195720
-0.845163
-1.432285
-0.728375
0.264642
1.042508
2.461298
4.326329
6.244178
6.645003
5.363532
3.249068
0.787150
-0.560154
-1.121492
-0.906676
0.225915
1.449298
2.001944
4.080854
6.153461
6.712165
5.580108
3.841428
1.707450
-0.638057
-1.374047
-0.341350
1.351480
1.479211
2.062091
4.127681
6.086497
7.490741
6.501765
3.816370
1.243710
-0.759309
-1.285322
-0.253201
0.616025
1.257857
2.016052
3.889861
5.956634
6.839299
6.343181
3.435432
1.132470
-0.479257
-0.971990
-0.006787
0.769927
1.111884
2.326858
4.677984
6.334590
6.733716
5.705501
3.244095
1.129530
-0.909850
-1.743128
-1.024764
0.549821
0.796936
2.158368
4.466217
6.460385
7.830884
6.456599
4.293322
1.639982
-0.280030
-0.917884
-0.385665
0.884086
1.656287
2.386090
4.511521
6.154387
7.005279
6.077640
3.895779
0.831281
-1.218247
-1.880468
-0.971059
0.357560
0.833159
1.654060
3.606327
5.981311
6.869161
5.996942
3.862835
1.524475
-0.340730
-1.127907
-0.465013
0.666289
1.482301
1.977358
3.876111
6.322293
6.675853
5.897975
3.830383
1.532494
-0.505021
-1.225137
-0.839817
0.564937
1.011275
1.743951
4.021725
6.543784
7.291858
6.391122
4.235264
1.782459
-0.325042
-0.354280
0.251161
0.899102
1.685676
2.590736
4.757052
7.209407
8.292430
7.350823
4.990558
2.215319
-0.098154
-1.074789
-0.272359
1.669112
2.272761
3.124937
5.299235
6.870379
8.018512
6.640288
4.368530
1.644349
0.046642
-1.026475
-0.183734
0.473479
1.738713
2.898331
4.378645
6.856380
7.186519
6.430358
4.138689
1.824413
-0.257195
-1.131544
-0.256410
1.132157
1.804650
2.728872
4.568792
6.516608
7.842261
6.759711
4.526733
1.495420
-0.908195
-1.744315
-1.351941
-0.035195
1.405450
2.993488
5.024837
7.181472
7.114940
6.060100
3.838150
1.147692
-0.929447
-1.210299
-0.651326
-0.218787
0.848672
2.363489
4.451939
6.774146
7.221772
6.160247
4.546031
1.899810
-0.191539
-1.298236
-0.636141
0.553012
1.069786
2.286146
4.541881
6.373664
6.954272
6.061353
3.266521
1.177397
-1.314749
-2.018263
-0.544200
0.101052
0.901849
2.274325
3.977716
5.548919
6.521647
5.841983
3.621402
1.455214
-0.379300
-0.892267
-0.503392
0.452270
2.104756
2.664107
4.563139
5.950698
6.817248
5.492366
3.392849
1.811831
-0.447892
-1.056230
-0.097220
1.503686
2.196168
2.615741
4.828553
6.639564
7.611484
6.552115
4.371165
1.267996
-0.521925
-0.689016
-0.027173
0.560321
2.055734
3.200332
4.890338
6.585557
7.260558
6.321750
3.996840
1.826021
0.113285
-0.564989
0.805949
2.015088
2.534375
2.835347
4.011837
6.121009
6.753869
6.200297
3.907264
1.340612
-0.613199
-1.086981
-1.048009
0.815785
1.796985
2.636205
4.018446
6.264752
7.116954
6.489470
4.204886
1.806508
-0.195015
-0.889320
0.267686
0.950641
1.938947
2.931637
4.789401
7.072211
7.590499
6.634322
4.386065
1.260905
-0.664682
-1.396800
-0.070998
1.484542
2.082335
2.323964
4.339312
6.484376
6.771777
5.782649
3.410334
1.598747
-0.494961
-0.997456
-0.348645
1.497396
2.087842
2.867249
5.017486
6.944285
7.691846
7.190936
4.913932
1.874812
-0.300943
0.345608
1.176564
1.471057
1.618022
2.776483
4.757503
7.031405
7.289695
6.785377
4.552948
2.029550
-0.229244
-0.997252
0.023414
1.293681
1.933347
2.826364
4.573170
6.303317
6.879897
6.033906
4.149561
1.587488
-0.040368
-0.329896
-0.020625
1.450137
2.167897
3.234620
4.879230
6.719245
7.744252
6.636800
4.488464
1.558105
-0.367730
-1.012787
-0.143647
0.957423
1.673425
2.709282
4.324202
6.068332
7.243913
6.334291
3.857334
1.606576
-0.086250
-0.524813
0.134028
1.923795
2.820699
2.840244
4.071350
6.265918
6.935000
6.351333
3.800823
1.973741
-0.050771
-1.133451
-0.286330
1.243342
2.043988
2.995358
5.228122
6.756249
7.115348
5.987947
4.404161
1.664801
-0.599155
-1.134657
0.153132
1.427915
2.394326
3.204575
4.981166
7.045630
7.992736
6.885037
4.646235
2.001540
0.149879
-0.102374
0.587699
1.350333
1.796300
2.671220
4.839913
6.380958
7.580253
6.095963
4.046325
1.812988
0.292253
-0.994299
-0.242547
0.667426
1.789672
2.003057
4.074217
6.233142
7.029004
6.082019
4.370368
1.859122
-0.383405
-1.160445
-0.904874
0.671540
1.584922
2.914348
4.916518
6.203206
6.965903
6.194190
4.475345
1.763469
-0.410923
-0.368053
0.766818
1.263379
2.066758
3.075091
5.259320
7.199441
7.674811
7.027633
4.727820
2.020254
-0.069756
-0.841784
0.032735
1.385524
1.651910
2.693192
4.593731
6.726295
7.644809
6.654967
4.197297
1.717985
-0.131777
-0.859550
-0.147416
1.106969
2.122273
3.198778
4.400498
6.305648
7.508460
6.037627
4.316219
1.699121
0.134473
-0.844361
-0.319560
0.905339
1.096946
2.887033
4.672057
6.596454
7.375268
6.608378
3.975767
1.513104
-0.367702
-1.355700
-0.534963
0.362294
1.222999
2.378952
4.213603
6.052865
6.828418
5.637197
3.837202
1.643600
-0.097207
-0.742378
0.289504
1.338153
1.694489
2.567588
4.391510
6.184878
6.769210
6.239116
4.134656
1.814795
-0.409265
-1.186110
-0.291604
1.027976
1.714442
2.740398
4.261027
6.326262
7.182837
6.418803
3.886417
1.144077
-0.549119
-1.106565
-0.824981
0.662242
1.181450
2.061180
4.504725
6.769097
7.443831
6.304503
3.958185
1.382587
-0.759187
-1.264204
-0.442257
0.979873
1.851893
3.089425
4.616905
5.995620
7.128236
6.213546
3.816775
1.180106
-1.050994
-1.636436
-1.111784
-0.004043
0.927584
2.065821
4.304734
6.318576
6.855990
5.498469
3.264813
1.211795
-1.056769
-1.196172
-0.035754
1.442679
1.043970
1.964831
3.641802
5.776237
6.494582
6.048285
4.201806
1.478112
-0.500122
-1.204998
-0.051909
0.906838
1.569446
3.057287
4.947074
6.732238
6.922797
6.076602
4.202624
1.190005
-1.190481
-1.595334
-0.694443
0.860913
2.085183
2.730209
4.675309
6.593253
7.074059
6.526521
3.501897
1.200329
-1.189045
-1.874658
-1.023302
0.198230
1.484866
2.264562
4.087094
6.003667
6.725219
5.723628
3.303464
1.453027
-0.470286
-1.343514
-0.964134
0.256742
1.212689
1.838114
4.161137
6.363532
7.306670
6.114753
3.881821
1.172836
-0.765170
-0.579954
-0.023942
1.216540
2.077674
2.865453
4.652907
6.850430
7.275844
6.316928
3.801178
1.092385
-1.275124
-2.153323
-1.627690
0.053262
0.792658
2.411154
4.700652
6.776488
6.918376
6.229930
3.637631
1.521533
0.218072
-0.866326
0.060199
0.532937
1.225337
1.937498
3.936918
6.012839
6.849418
6.081775
4.374200
1.891851
-0.319406
-1.294456
-0.441223
1.052514
2.271890
2.961534
4.419212
6.629554
7.250579
6.433515
4.188655
1.272124
-0.604475
-1.300790
-0.491040
0.668719
1.329116
2.415428
4.421952
6.335761
6.608607
6.251744
3.757542
0.485756
-1.125957
-1.531592
-0.648195
1.077443
1.521034
1.577031
3.485391
5.672050
6.341411
5.740310
3.451451
1.180702
-1.093210
-1.548859
-0.647457
0.762893
1.156558
2.457354
4.804387
6.409675
6.797889
5.378274
3.500671
1.444753
-0.804729
-1.473948
-0.106200
1.275405
1.632436
2.857381
4.315656
5.949622
6.789824
5.887332
3.778246
1.039969
-1.102592
-1.899910
-0.793345
0.563401
1.367058
2.319598
4.284643
6.054660
6.221688
5.671340
3.374863
0.999016
-0.791053
-1.214860
-0.759829
0.526673
1.091674
2.368744
4.754571
6.159417
6.390910
5.524426
3.281237
0.761371
-0.827745
-1.332804
-0.647558
1.013488
1.738862
2.526502
4.066956
6.011909
6.985587
5.214671
2.884063
0.681595
-1.108719
-1.958882
-1.076965
0.479939
1.418668
2.459249
3.713850
5.723145
6.803420
5.563098
3.657018
1.813762
-0.262300
-0.783685
0.599458
1.136920
1.647220
2.249990
4.017116
5.983844
6.841493
5.717006
3.971136
1.800628
-0.329354
-0.551896
0.179717
1.392571
1.771192
2.756366
4.529751
6.496436
7.306279
5.877658
3.965075
1.612335
-0.193898
-1.354422
-0.975147
0.296578
0.923928
2.094174
4.532992
6.250602
7.174100
6.087476
3.704309
1.214397
-1.038610
-0.948569
0.257007
0.889817
1.590364
2.635895
4.043676
6.320045
6.708304
5.804927
3.393413
1.103544
-0.941929
-1.049991
-0.549605
0.294749
0.888824
2.868010
4.900018
6.222793
6.992265
5.514342
3.334444
0.786743
-1.098557
-1.992397
-1.224847
0.262425
1.264818
2.653063
4.549330
6.386024
7.250833
6.096278
3.914281
1.162678
-0.569153
-1.309182
-0.031392
0.879844
1.388472
1.799820
4.032845
6.929706
7.455491
6.386666
3.817870
1.484985
-0.644037
-1.371238
-1.006435
0.000213
1.362080
2.466004
4.433576
6.209025
6.957175
5.697181
3.452659
1.514619
-0.737294
-0.804174
-0.488642
0.300851
1.187189
2.797115
4.568406
6.900546
7.270280
6.271962
4.103382
1.001627
-1.233165
-1.097005
0.154685
0.606391
1.534059
2.261713
4.773170
7.125537
7.814078
6.958842
4.342917
1.677340
-0.190140
-1.002848
-0.281295
0.901786
1.822133
2.855968
4.794120
6.579720
7.583451
6.630109
4.517345
1.870042
-0.257436
-0.994301
-0.428075
0.206990
1.271892
2.803152
4.635014
6.572909
7.054027
6.389813
3.725802
1.298357
-0.802710
-1.423380
-0.661306
0.519008
1.585144
2.187015
4.355292
6.694087
7.155974
6.064212
3.704396
1.425972
-0.638131
-1.422819
-0.974005
0.214551
1.462023
2.553711
4.784949
6.569934
7.374270
6.428691
3.577317
1.467729
-0.557432
-2.129904
-1.238714
0.255410
1.235559
2.309732
4.503480
5.965602
6.557790
5.537360
3.894691
1.161245
-1.201633
-1.503792
-1.258227
-0.077207
0.397605
1.854253
3.592854
5.417048
6.852445
5.760112
3.668388
1.353099
-0.721346
-1.010504
-0.089925
0.831927
1.575397
2.713803
4.815057
6.532916
6.874873
6.353827
3.587082
1.017681
-0.943221
-1.112142
-0.879071
0.676400
1.250127
2.427572
4.255447
5.957946
6.604552
5.468387
3.216537
0.726619
-1.157429
-1.963845
-1.264208
0.141377
1.330216
2.098204
3.853057
5.481776
6.405204
5.451774
2.798002
0.594286
-1.140349
-1.808888
-0.381215
0.756574
0.784519
2.240203
3.726871
5.653211
6.320060
5.665393
3.699010
1.782005
-0.229680
-0.268795
0.807374
2.192044
2.075517
3.057310
4.478151
6.050120
7.230062
6.361018
4.062533
1.241223
-0.633014
-1.645748
-0.768846
0.880258
2.064586
2.783141
5.082328
7.196551
7.332042
5.941892
3.356321
0.892788
-0.884146
-1.389589
-1.160934
-0.006639
1.099946
2.639529
4.506398
6.559150
7.072541
6.129926
3.869319
1.238955
-0.761177
-1.128230
-0.238252
0.712668
1.375281
2.443896
4.169839
6.657640
7.433599
6.846225
4.672542
2.152786
0.041454
-0.980130
0.009156
1.325908
1.452792
2.238940
4.289293
6.646693
6.855884
5.835216
3.550718
0.910526
-1.165251
-1.455937
-0.062724
1.018228
1.511739
2.700671
4.440866
5.837724
6.466390
5.697715
2.840397
0.154035
-1.467073
-2.181459
-1.322227
-0.018565
0.824171
2.056391
4.071183
5.817153
6.085809
4.894441
2.660396
0.471988
-1.255840
-1.689470
-0.406190
0.561894
1.247500
2.304903
3.994965
5.967273
6.926953
6.177192
3.974012
1.254610
-0.744391
-1.171263
-0.502622
0.543204
1.369704
2.343156
4.364118
5.862809
6.920146
5.756988
3.392454
0.225614
-1.098563
-1.589525
-0.738277
0.911096
1.003348
2.334583
4.535194
6.551959
7.317731
6.216815
3.522881
0.574275
-1.388999
-1.693211
-1.524072
-0.232018
0.798222
1.437163
4.024209
6.214400
6.663709
5.829762
4.016126
1.383677
-1.012771
-1.506076
-0.885277
0.534413
1.369226
2.503628
4.317321
6.920508
7.786387
6.792262
4.057739
1.294790
-0.523147
-0.952754
-0.296629
1.212949
1.394136
2.533836
4.555936
5.914878
6.358195
5.508657
2.996595
1.159508
-0.853622
-1.824696
-1.222018
0.053720
1.207980
2.023121
4.064067
5.982554
6.932353
6.170230
3.894914
1.572235
0.139693
-0.313890
0.055266
1.324727
1.809986
2.684102
4.321387
6.405231
7.096572
6.068114
3.230555
0.825021
-1.002505
-2.012513
-1.476841
-0.092430
0.637473
1.907199
3.981527
6.450913
7.159923
5.756083
3.652040
1.004655
-0.511006
-1.571422
-0.869802
0.832160
1.502062
2.447719
3.949069
6.152781
7.019717
6.175105
3.563789
0.581331
-0.661659
-0.723162
-0.722959
0.520774
1.269539
1.864349
3.851358
6.065379
6.460933
5.348559
3.190226
1.099546
-0.925163
-1.570851
-1.212584
-0.036717
1.089462
1.976969
3.840834
6.104472
7.064929
6.166698
3.727831
1.412458
-0.745025
-1.790765
-0.711025
0.687776
1.531791
2.919882
5.117059
6.822963
7.381909
6.233912
3.573770
1.400962
-0.635788
-1.452960
-1.057375
0.455306
1.562843
2.202478
4.502701
6.276345
6.786265
5.747050
2.828696
0.358083
-1.046527
-1.909299
-0.892623
0.312583
1.041135
2.029840
4.274915
6.307736
7.044316
5.827882
3.596114
1.386192
-1.152005
-1.670679
-0.301016
1.027781
1.919024
2.359447
4.065490
6.131473
6.899888
5.521300
3.819033
0.767951
-1.043713
-1.223981
-0.336920
0.444125
0.904851
2.086602
4.435298
6.425364
6.893378
5.904260
3.928311
1.533020
-0.987264
-1.856518
-0.776848
0.853438
1.856969
3.157679
5.175685
7.448146
7.347396
6.840768
4.124068
1.620379
-0.244803
-0.801234
0.425811
0.855260
1.709170
2.721920
4.778754
6.511338
7.930587
6.580829
4.472614
1.727434
-0.495304
-1.028644
-0.695934
0.686557
1.965411
2.707179
4.691991
6.286498
7.043700
6.001163
3.294301
0.850876
-0.323857
-1.006101
-0.420395
0.810334
1.052161
2.149614
4.673656
6.155707
7.198009
5.749532
3.446623
0.914183
-1.188340
-1.565008
-0.602744
0.905427
1.662774
2.195104
3.908769
6.340581
7.517907
6.384063
3.880864
0.649630
-1.006871
-1.932428
-1.395264
-0.343585
0.810534
1.894860
3.878764
6.428937
6.941100
6.205215
3.916521
1.616921
-0.830953
-1.742130
-1.285098
0.140504
1.337102
2.351344
4.090777
6.508285
7.278930
6.185235
3.690253
1.025485
-1.420321
-2.280658
-1.461962
0.096141
0.747520
2.225876
4.149167
6.284980
7.291812
6.325925
3.929479
0.922655
-1.256927
-1.804845
-0.755792
0.538802
1.221540
2.431245
3.867589
6.283187
7.336707
5.744338
3.551123
0.550667
-0.994745
-1.829053
-1.085232
0.307956
0.939756
2.040464
4.110360
6.011924
6.980777
6.004561
3.889805
1.589138
-1.334457
-2.582958
-1.525538
0.015429
0.503872
2.597017
4.578033
6.041110
6.692435
5.739509
3.452397
1.079578
-0.883837
-1.450065
-1.244275
0.189590
0.546411
2.026667
4.181781
5.652852
6.643703
5.297935
3.479946
1.142060
-1.160778
-2.252597
-1.255896
0.028141
0.535562
2.081079
4.419443
6.710906
6.935222
6.129092
3.484164
1.063332
-0.640114
-1.441074
-0.573668
1.054755
1.914668
2.692077
4.413028
6.876069
6.901702
5.792827
3.446961
0.340770
-1.464993
-1.618436
-0.671275
0.745265
1.086156
2.580898
4.163660
6.422565
6.748584
5.671016
3.402415
0.448078
-1.003914
-1.461629
-0.986694
-0.132825
0.349583
1.854252
4.240773
6.053107
6.526744
5.108962
3.700055
1.281236
-0.578279
-1.267529
-0.940874
0.089305
0.850902
2.613167
4.160737
6.166152
6.943217
5.182227
3.651917
0.772923
-1.355765
-1.479176
-0.948677
0.330241
1.310698
1.737309
3.571092
6.056048
6.835839
5.936238
3.302026
0.671927
-1.394367
-1.939377
-0.823813
0.353774
1.192344
2.765161
4.195800
6.224627
7.529914
6.214007
3.669212
1.052073
-1.006149
-1.834449
-0.451531
0.347262
1.210773
2.050308
3.958002
6.325480
6.808625
5.702769
4.009050
1.368738
-1.013574
-1.414824
-0.755694
0.498990
1.236523
3.153383
4.485047
6.145898
7.191768
6.007850
3.793262
0.695541
-1.397604
-2.227335
-1.494215
-0.101903
0.699501
1.569895
3.458583
5.880151
6.720218
5.119533
3.541368
0.965825
-1.306014
-2.047585
-0.470709
0.407199
1.148240
2.234249
4.407052
6.189624
6.776265
5.919288
3.681951
0.930539
-0.894468
-0.753323
-0.226657
0.707471
1.279394
2.373471
4.115606
6.067283
7.123780
5.769210
3.277510
1.026923
-0.984169
-1.625297
-0.598868
0.572438
1.429699
2.278717
4.175624
6.460904
6.797862
5.771565
3.358609
0.941542
-1.115191
-1.359573
-0.284927
0.436166
1.353711
1.973825
4.407896
6.360990
6.726134
5.610911
3.184987
0.600616
-1.552143
-2.170827
-0.748592
0.447837
1.325122
2.486331
4.096095
5.728812
7.124967
5.989871
4.015693
1.390388
-1.048777
-1.702505
-1.187336
0.140637
1.137760
2.292212
4.477033
6.239841
6.902509
5.710887
3.811251
0.925054
-0.890292
-1.557010
-0.768076
0.375276
1.426172
2.016039
4.399688
6.426467
6.591559
5.394223
3.590797
0.993133
-1.055470
-1.234909
-0.458431
0.200616
1.448484
2.561900
4.454303
6.306731
6.562583
5.515290
3.463749
0.632045
-1.284982
-1.971002
-0.954191
0.708978
0.971332
2.298366
4.141115
6.330491
6.342643
5.743176
3.913175
1.224847
-1.175400
-1.869249
-1.126138
0.108411
1.147108
1.911280
3.844550
6.126668
6.659953
5.596210
3.486566
0.977439
-1.301979
-1.972536
-1.606111
-0.124949
1.050593
1.588136
3.709416
5.615104
6.925078
5.978684
3.856648
1.460560
-0.736737
-1.493069
-1.010961
0.327826
1.166764
2.488465
4.417063
6.169284
7.017169
5.945975
3.943696
0.661803
-1.339736
-1.743340
-1.131963
-0.258780
0.538655
1.547784
3.907776
5.966338
7.026973
6.000888
3.528134
1.068371
-0.480990
-1.512319
-0.691401
0.260610
1.154048
1.979545
4.008702
5.684913
6.104379
5.569579
2.691914
0.235461
-1.493259
-2.247648
-0.987138
0.085982
1.060367
2.003055
4.014338
6.220290
6.612765
5.519469
3.045590
0.520817
-1.371216
-1.853634
-0.723871
0.400983
1.087690
1.753723
3.980013
5.685424
6.531945
5.451049
3.053118
0.283946
-1.478294
-2.184204
-1.742582
-0.061258
0.981118
2.063760
3.797425
5.351932
6.585235
5.094607
2.595788
0.087877
-1.773936
-2.012865
-1.068573
0.303430
1.403329
2.215249
3.733942
5.372062
5.838870
4.880725
2.471574
0.045661
-1.538791
-2.128415
-1.336501
-0.004352
1.082029
1.781239
3.257294
5.286330
5.934897
4.571889
2.768387
0.324500
-2.197840
-2.995586
-2.003580
-0.746358
0.336589
1.247320
3.104868
5.282031
6.455590
5.118114
2.980837
0.348705
-1.973538
-2.490418
-2.101090
-1.034067
0.200173
1.634676
3.556619
6.165492
6.871825
5.586909
3.851087
0.532759
-1.861834
-2.178697
-1.516360
0.073262
0.934240
2.007186
3.502423
5.513431
6.536813
5.794658
3.427861
1.039970
-1.255984
-1.880631
-1.261523
0.295720
0.776196
2.213701
4.304137
6.020158
7.042394
5.548617
2.948339
0.166268
-1.924704
-2.027514
-0.847383
0.152215
0.827323
1.372546
3.514788
5.657760
6.199409
5.338389
3.295527
0.568192
-1.412902
-2.584799
-1.364560
-0.365360
0.858443
1.900476
3.671932
5.454616
6.379735
4.712638
3.069989
0.567999
-1.801171
-2.178950
-1.376616
0.602004
0.860518
2.069181
3.739475
5.883218
6.823470
5.542331
3.385810
0.420395
-1.667821
-2.726456
-1.311793
0.275611
0.852047
2.067472
4.554043
6.698905
7.371619
5.796313
3.227046
0.732347
-1.430853
-2.254938
-1.139828
0.383748
1.402520
2.343353
4.322092
6.454680
6.732446
6.068110
3.564130
0.767239
-1.509511
-2.677044
-1.879192
-0.571367
1.137249
2.391960
4.530816
5.867745
6.342971
6.108792
3.944989
1.134695
-0.924099
-1.172112
-0.559050
-0.066783
0.783575
2.013646
3.389943
5.324687
6.013854
5.190124
3.225996
0.898211
-1.534591
-1.781710
-0.542063
-0.012734
0.550918
1.465364
3.693706
5.907527
6.676223
6.321155
3.809292
0.563496
-1.570150
-2.244273
-1.140703
0.338405
0.882440
2.289747
4.440391
6.285949
6.628402
5.284537
3.198325
0.215917
-1.661077
-2.449324
-1.719748
-0.396998
0.334811
1.486718
3.096906
5.181918
5.706319
4.996497
3.194479
0.998870
-1.411605
-2.044435
-0.775360
-0.575047
0.591758
1.785967
3.457996
5.409137
6.209117
5.103179
2.689429
0.298678
-1.671650
-2.414696
-1.859641
-0.796220
0.165202
1.212025
3.916394
5.846452
6.489196
5.659616
3.205204
0.539601
-1.687728
-1.927365
-1.319392
0.131116
0.530497
2.145817
4.142778
5.881770
6.694972
5.106532
2.910482
0.292742
-1.951365
-2.320233
-1.562284
-0.020102
0.609151
1.962506
4.077024
6.066478
6.440085
5.319392
2.649762
-0.037278
-1.824248
-2.514515
-1.363904
0.008477
1.244494
1.388619
2.667035
4.407841
5.705119
4.751216
2.866291
0.837372
-1.076735
-1.930010
-0.888629
0.642299
1.375354
2.508801
4.228268
6.008456
6.992043
5.633410
3.625666
0.975963
-0.906903
-2.204556
-1.424887
-0.236105
0.921901
1.870221
4.107195
6.148860
6.476592
5.596892
3.153554
0.362086
-1.591510
-2.170388
-1.279487
0.407483
1.185395
2.311882
4.109690
5.989558
6.255561
5.504924
3.275161
0.583455
-1.842763
-2.146027
-1.466210
-0.223623
0.789605
1.881536
4.081968
5.717565
6.077205
5.351493
3.352438
0.483971
-1.604007
-2.183722
-1.290998
0.269185
1.007031
2.334068
4.150469
6.391658
6.598508
5.969844
4.206907
1.652898
-0.166615
-1.051332
-0.596972
0.751616
1.357645
2.516733
4.261387
6.157729
6.770532
5.867915
3.085412
0.800767
-1.637489
-2.046297
-1.041431
-0.293358
0.708653
2.009842
4.229380
6.164948
6.768516
5.773114
3.703619
1.056689
-0.836872
-1.018665
-0.767040
0.421916
1.632718
3.088833
4.865766
6.552770
7.013503
5.699634
3.623445
1.355917
-1.038651
-1.526103
0.102015
1.149827
1.027071
2.116735
3.321873
5.581395
6.475596
5.775905
3.509780
0.619986
-1.514514
-1.917353
-1.346798
0.047772
0.520908
1.634048
3.515112
5.686595
6.408824
5.297080
2.995465
0.851135
-1.187421
-1.953513
-0.559999
0.642610
1.256752
2.202197
4.035241
6.475173
7.384038
6.597671
3.929986
0.760216
-1.177933
-1.554487
-0.532425
0.703584
1.332526
2.176581
4.937541
6.971417
7.295053
6.356105
3.776060
0.958344
-0.482921
-1.199141
-0.487761
0.553395
1.301951
2.668511
4.814412
7.067664
7.897593
6.527869
4.567011
1.879431
-0.613419
-1.454007
-0.203271
1.024247
1.296693
2.296301
4.680983
6.729171
7.271150
6.372313
3.577901
0.983765
-1.220084
-2.057226
-0.916553
0.331330
0.482540
1.892567
4.032207
6.114547
7.051147
5.782798
3.866949
1.356503
-0.616789
-1.837715
-0.818854
0.575522
1.477048
2.588163
4.689414
6.254470
6.811568
5.838038
3.353403
1.593057
-0.949542
-1.373604
-0.313398
0.449958
1.305116
2.619662
4.971816
6.714984
7.344539
6.139462
4.091377
1.067665
-0.912701
-1.589273
-0.565138
0.213578
1.148612
2.530586
4.532907
6.311475
7.399270
6.203444
3.566196
0.869823
-1.313660
-1.970897
-1.527847
-0.395649
0.596885
1.688603
3.879789
5.873839
6.898007
5.740546
3.752058
1.382065
-0.740288
-1.720341
-1.483113
-0.108940
1.110143
2.219589
3.977515
6.316510
6.427524
5.050845
3.086038
0.325424
-1.784724
-2.105886
-1.950595
-0.322988
0.475286
1.700389
3.547049
5.500997
6.147185
5.733905
3.486850
1.306351
-0.739714
-1.225016
-0.493600
-0.091344
1.306781
2.290286
4.455070
6.173835
6.845244
5.728452
3.675927
0.948451
-1.078533
-1.969590
-0.674634
0.274072
1.321852
2.551741
4.835305
6.540509
6.789565
5.738894
3.251451
0.336510
-1.507239
-1.997808
-0.894914
-0.073036
0.758830
2.468483
4.464590
6.339078
6.796725
5.886577
2.870461
0.325277
-1.416971
-1.984733
-0.751372
0.491145
1.280989
1.598927
3.878385
5.862338
6.382901
5.700763
3.232257
0.638238
-1.492688
-2.352847
-1.694158
-0.251055
0.415157
1.459173
3.496190
5.650189
6.784873
5.894378
3.415100
0.661408
-1.241975
-2.390121
-1.434119
0.073954
1.110275
2.108836
3.589768
5.962808
