6.375222
5.407966
3.476799
0.003860
-2.168880
-2.639109
-2.234076
-0.888007
0.029474
1.481151
3.802382
5.937465
6.848228
5.775506
3.134312
0.650003
-1.954947
-2.573632
-1.490307
-0.230576
0.275476
1.617931
3.399283
5.279769
6.418900
6.059505
3.434501
0.243192
-1.686769
-2.416449
-1.612102
-0.124595
1.196655
2.235147
4.261180
6.537311
7.160895
6.051124
3.424217
0.524676
-1.889184
-3.098890
-2.540406
-1.116156
-0.029015
1.658852
3.762233
5.683911
6.581908
5.518838
3.153620
0.182000
-1.960269
-2.807765
-2.396358
-0.987553
0.192124
1.714608
3.689929
5.628928
6.349490
5.300906
2.648605
0.077176
-1.816147
-1.579940
-1.484320
-0.086302
0.473925
1.869808
3.816118
5.738734
6.131053
5.592662
3.381474
0.685155
-1.311316
-2.057957
-1.444019
-0.583691
0.529175
1.404012
3.877548
5.962235
7.045638
5.822301
2.996106
0.214206
-1.803270
-2.767874
-1.874282
-0.659872
0.620865
1.639185
3.645985
5.913161
6.520356
5.866424
3.023663
0.270827
-2.041555
-3.111714
-2.240887
-0.832850
-0.086044
1.272547
3.079728
5.628551
5.964725
5.439548
2.733644
0.466013
-1.616460
-2.038619
-1.733008
-0.576045
0.863956
1.615910
3.594273
5.697015
6.643855
5.566310
2.908923
0.456956
-1.951653
-2.768458
-2.124907
-0.674740
-0.300700
1.644823
3.640749
5.638812
6.584334
5.056224
3.147486
0.619940
-1.486818
-2.809580
-1.888980
-0.136526
0.581782
1.839089
3.744325
5.625226
6.641982
5.055491
2.426681
0.034039
-2.075947
-3.089794
-2.223712
-0.290192
0.236356
0.919772
2.672292
5.345674
5.964282
5.228286
3.531530
0.894926
-1.368854
-2.030386
-1.211086
0.229483
0.482663
1.796475
4.038855
5.861396
6.516318
5.477166
2.483006
-0.213626
-1.995667
-2.968676
-1.404231
0.053197
0.564010
2.312619
4.384630
6.356509
7.213391
5.665904
2.953355
0.011482
-2.227904
-3.181115
-2.337554
-0.621063
0.397561
1.403068
3.106796
5.361171
6.021855
5.123506
2.778651
-0.166656
-2.250343
-3.187976
-2.326292
-0.790953
0.123723
1.574718
3.600331
5.455832
6.527095
4.887549
2.391289
-0.091224
-2.336082
-3.076995
-2.785373
-1.533690
-0.036911
1.053474
3.492098
5.352424
6.082196
4.653637
2.433363
0.101798
-2.338610
-3.152674
-2.104831
-0.727792
0.204848
0.971092
2.929304
5.178908
5.742724
5.242843
2.695590
-0.349358
-2.211566
-2.999269
-1.670536
-0.127917
0.529748
1.472136
2.861100
4.751679
5.409209
4.948794
2.624773
-0.097068
-1.913880
-2.783159
-1.728471
-0.590706
0.051694
1.459719
3.039968
4.895667
6.341056
5.059415
2.749100
-0.114135
-1.933157
-2.526555
-1.114083
0.116899
0.868609
1.786638
3.893741
5.557578
6.469874
5.037135
2.433360
0.022264
-2.335759
-2.862111
-1.721260
-0.439676
0.732763
1.378555
3.179179
5.400489
6.118403
5.433034
2.580514
-0.516843
-2.491033
-2.757767
-1.833357
-0.752969
0.297256
1.544630
2.983674
4.629308
5.708591
5.338185
3.154792
0.391858
-2.072776
-2.560735
-1.989057
-0.447467
0.130455
1.072577
3.199778
5.404435
5.577262
4.293074
1.731889
-1.105525
-3.115394
-3.861327
-2.447504
-0.664398
0.376768
1.314570
2.745439
4.971932
5.722289
4.247490
2.031059
-0.605458
-2.818576
-3.352992
-2.199000
-0.651940
0.958756
1.140604
3.083615
5.298045
5.486903
3.960955
1.655237
-0.882623
-2.887703
-3.526728
-2.878736
-1.591947
-0.640592
0.645993
2.783361
4.932334
5.558814
4.985660
2.065478
-0.640696
-2.668817
-3.082052
-2.297345
-0.660661
0.143710
1.527680
2.821780
4.957210
5.721070
4.552715
1.994959
-0.515601
-2.333021
-3.323991
-2.495498
-0.739512
0.735784
1.479248
3.173439
4.913911
6.272042
4.949260
2.604434
-0.225575
-2.178765
-2.580197
-1.735739
-0.468293
0.211465
0.886737
2.796456
4.551338
5.746070
4.826093
2.296151
-0.241806
-2.144934
-2.839873
-2.688284
-1.309586
0.402553
1.425587
3.238263
4.978179
5.611144
4.900977
2.457790
0.051955
-2.158017
-3.291902
-2.742028
-0.942644
0.265937
0.651225
2.435644
4.441324
5.683249
4.555246
2.768106
0.060773
-2.145239
-2.395412
-1.249231
-0.142074
0.553427
1.481107
2.952206
4.942080
6.170215
4.589405
1.968226
-0.852112
-2.599193
-2.830895
-2.089992
-0.651361
0.071029
1.198674
3.094369
4.812014
5.788991
4.565209
2.110596
-0.272948
-2.641855
-3.945871
-3.235193
-1.399840
-0.088057
0.905281
2.624841
4.637463
5.341937
4.930568
2.650063
0.103368
-2.224196
-2.741469
-1.814811
-0.367398
0.212502
1.138286
2.587772
4.173612
4.823585
4.184960
1.819041
-1.461029
-3.595987
-4.151247
-3.273062
-1.510715
-0.485063
0.478761
2.211144
4.253456
4.434921
3.615725
1.417667
-1.181031
-2.984021
-2.995400
-2.083967
-1.014525
-0.082466
0.536659
2.842058
4.699962
5.161418
4.347114
2.276198
-0.444637
-2.519502
-3.148910
-1.607570
-0.302594
0.434989
1.145490
2.899008
5.199723
5.529281
4.546668
2.190458
-0.463459
-2.570974
-3.034640
-1.620296
-0.230260
0.277048
1.138659
3.230337
4.814770
5.055253
4.265963
1.671906
-1.325646
-3.352968
-3.085452
-2.685817
-1.392052
-0.491714
0.762615
2.213547
4.370429
4.856101
3.512649
1.446482
-0.976806
-2.792982
-3.877276
-3.069866
-1.355573
-0.197573
0.891010
2.256824
3.817816
4.423993
3.522679
0.896863
-1.546584
-3.345325
-4.287147
-2.874759
-1.580599
-0.598248
0.792757
2.388930
3.898908
4.873538
4.051878
1.953330
-0.518919
-2.843973
-3.852203
-3.088085
-0.910460
-0.206388
0.490543
2.334661
5.035838
4.949140
4.013967
1.271492
-1.695326
-3.285201
-3.947543
-3.469220
-2.419838
-0.982620
0.649755
2.273524
3.552764
4.562419
3.797625
1.297782
-1.191478
-2.733877
-3.307305
-2.386240
-1.501822
-0.601832
0.079872
1.980031
3.814186
4.250229
3.592104
1.231237
-1.241121
-3.187212
-3.325545
-2.473478
-1.614141
-0.120732
0.617667
2.337191
3.789739
4.862674
4.315021
1.921135
-0.530456
-2.348495
-3.001820
-2.335124
-0.444142
0.417251
1.328135
2.891593
5.296819
5.585893
4.215165
2.351055
-0.559171
-2.319607
-2.606433
-1.669580
-0.903064
0.365287
1.279115
3.052606
4.781987
5.273473
3.771317
2.102189
-0.390983
-2.360434
-3.200287
-2.180532
-0.991761
-0.081939
0.644627
2.415738
4.430220
5.621200
4.621190
2.538298
0.002012
-1.667135
-1.840549
-1.155406
0.109065
0.150019
0.719874
2.590044
4.657810
5.207984
4.329486
2.192284
-0.116928
-2.161760
-2.776709
-1.710258
-0.035663
0.640372
1.206594
2.893522
4.818736
4.887736
3.699532
1.448261
-1.051298
-2.856688
-3.282215
-2.663884
-1.527095
-0.265287
0.682536
2.098210
3.890947
4.180703
3.853778
1.999267
0.010007
-2.351046
-2.310633
-1.628464
-1.136394
0.404135
1.059393
2.323070
4.012073
4.817363
4.411675
1.914937
-0.878695
-2.650173
-2.958957
-2.135930
-0.960580
-0.122938
0.516816
1.958657
3.806494
4.865115
3.869637
1.545217
-1.058936
-3.165411
-4.499513
-3.415616
-1.754232
-0.545749
0.516236
1.533751
3.322464
4.287625
3.742478
1.346884
-1.571809
-3.541498
-3.963411
-2.746373
-1.595409
-0.670065
0.041460
1.748194
3.944645
4.392849
3.425773
1.450979
-1.164719
-3.015850
-4.044574
-3.259199
-1.833032
-0.215264
0.508532
2.283763
4.391037
5.336984
4.738329
1.926391
-0.640766
-3.063737
-3.268550
-2.226797
-1.048213
-0.208961
0.247953
1.910603
3.756422
4.842587
3.990460
1.951039
-0.941855
-2.787660
-3.348193
-2.543239
-1.238704
-0.394282
0.762923
2.379610
3.810660
4.932685
4.415853
2.298867
-0.283732
-2.236671
-2.937622
-1.296618
-0.289456
0.676421
0.648297
1.865742
3.992496
5.287791
4.446974
2.161731
-0.151205
-2.496694
-3.133938
-2.581776
-0.920751
-0.071806
0.495128
2.112574
3.932910
5.134522
4.179624
1.321369
-1.669977
-3.602257
-4.033250
-3.146454
-1.415193
-0.331917
0.608066
1.692783
3.274435
4.088177
3.314311
1.325224
-1.409737
-3.119125
-3.403499
-2.411170
-1.403926
-0.789647
-0.049776
1.611736
3.077647
3.536715
2.755672
0.622272
-1.784678
-3.625099
-3.960947
-2.585119
-1.538518
-0.572415
0.905826
1.520608
2.859453
4.320486
3.104103
1.310367
-1.179266
-3.024515
-3.450695
-2.758292
-0.821357
-0.482894
-0.044796
1.936046
3.915408
4.368240
2.708625
0.895082
-1.487803
-3.774076
-4.865814
-3.787693
-2.362108
-0.991146
0.047001
1.770421
3.334991
3.985216
3.796269
1.049944
-1.740428
-3.590685
-4.275047
-3.400554
-1.828026
-0.798795
0.402314
1.504945
2.792249
3.628228
2.593221
0.721629
-1.730267
-3.845189
-4.161711
-2.840340
-1.227942
-0.089630
1.180989
1.706877
3.234413
3.831737
3.188036
1.246432
-1.745275
-3.556947
-3.961887
-2.902570
-1.457408
-0.328482
0.583913
2.172790
3.798306
5.060985
3.643966
0.825818
-1.730054
-3.772832
-3.742820
-2.512754
-1.241630
-0.407032
0.410728
1.826094
3.310403
4.233293
3.682031
1.744905
-1.388770
-3.751378
-4.310753
-3.369693
-2.176722
-0.818761
-0.043857
1.457390
2.966407
3.715772
2.959594
1.134337
-1.953339
-3.957004
-4.401282
-3.651341
-2.114699
-0.356535
0.364125
1.877373
2.957678
3.685377
3.013350
0.574606
-1.765683
-3.779581
-4.037440
-2.879316
-1.398774
-0.500899
0.210319
1.622696
2.785464
3.299066
2.765375
0.628589
-2.230097
-4.236668
-4.189981
-3.587895
-1.869639
-1.108582
-0.373019
1.352484
2.884079
3.862851
3.541412
1.190621
-1.080742
-2.819318
-3.491585
-2.570839
-1.605996
-0.295483
0.620177
2.143574
3.494304
4.207155
2.984019
0.895597
-1.605469
-3.641991
-3.646078
-3.221057
-1.637065
-0.591627
0.289366
1.299816
2.972017
3.708248
2.869367
0.463160
-2.386056
-4.002920
-4.379657
-4.034832
-2.343434
-1.665313
-0.525229
1.259322
2.733213
3.195094
2.089983
0.547244
-2.178509
-3.930369
-4.495744
-4.028096
-2.957795
-1.618544
-0.327491
0.662915
2.598986
3.476257
2.502798
0.166579
-2.375852
-3.910892
-4.827749
-3.610248
-1.811210
-0.307275
-0.015180
1.109621
2.230231
3.193111
2.323029
0.166226
-2.308884
-4.194528
-4.608873
-3.491558
-2.297698
-1.272066
-0.007906
1.202620
2.557074
2.856699
2.738852
1.084776
-1.803117
-3.323977
-3.931903
-2.876651
-1.155219
0.076518
0.896855
1.625959
3.219402
3.932416
3.664904
0.828838
-2.035392
-4.246330
-4.142940
-3.133081
-1.716233
-0.404582
0.471450
1.109323
2.597776
3.816562
2.804966
0.254838
-2.300040
-4.228368
-4.562762
-3.749723
-1.912364
-1.123284
-0.345390
1.011177
2.692831
3.020200
2.078959
0.048252
-2.415073
-3.743182
-4.315457
-2.886277
-1.532886
-0.459046
0.257109
1.055017
2.278956
2.896161
2.698110
0.807008
-1.470291
-3.538089
-4.013701
-2.882618
-1.151963
-0.797799
-0.021065
1.943190
3.211576
3.768389
2.522444
0.187278
-2.523988
-4.167681
-4.247226
-2.831759
-1.328271
-0.260659
-0.490353
1.155758
2.924374
3.422215
2.463752
0.497855
-2.725320
-4.099525
-3.944036
-3.229240
-1.860875
-1.017365
0.121141
1.097538
2.031833
2.766458
2.149199
0.385391
-1.843535
-3.861742
-4.330856
-2.977386
-1.680322
-0.744142
0.015822
0.799929
2.395648
2.731643
2.095387
0.515320
-1.554960
-3.814121
-4.354802
-2.851563
-1.359700
-0.091741
-0.000681
1.367157
2.634512
3.594337
2.988911
1.162209
-1.554041
-3.133223
-2.873645
-2.397624
-0.511556
0.606229
1.263261
2.012530
2.935147
3.558310
2.609102
0.533216
-2.485662
-4.286417
-4.760477
-3.768705
-1.908174
-0.516828
0.382177
1.241381
2.682118
2.913333
1.724904
-0.346483
-2.792547
-4.342140
-4.904073
-3.906607
-1.820062
-0.662210
-0.058843
0.367287
1.728097
2.779298
1.584202
0.153057
-1.887167
-3.717079
-4.177961
-3.904473
-2.115678
-1.020804
-0.552377
0.835275
2.522339
3.199634
1.785064
-0.326257
-2.778071
-4.584138
-5.119281
-3.730470
-2.160491
-1.485352
-0.929980
0.531271
2.535744
3.134051
2.630673
-0.044684
-2.536091
-4.750865
-5.395361
-4.812582
-3.181044
-1.539613
-0.591864
1.161627
2.268954
2.476579
1.429277
-0.310471
-2.553719
-4.175474
-4.770798
-4.134220
-2.401338
-0.743011
-0.008319
1.306116
2.047832
2.189531
1.481030
-0.429221
-2.657985
-4.527196
-5.610411
-4.357170
-2.204467
-0.552674
-0.404011
0.840494
2.402426
2.988601
1.759905
-0.337626
-2.587534
-4.431441
-5.189290
-4.945595
-2.816461
-1.695988
-0.712077
0.799608
1.915670
2.883950
1.518355
-0.583394
-2.603509
-4.170256
-5.051220
-4.112760
-2.277623
-1.077695
-0.674242
0.464650
1.824500
2.497773
1.427451
-0.215053
-2.694502
-5.184422
-6.016276
-4.647809
-2.680053
-1.469853
-1.273011
-0.047906
1.473821
2.004423
1.075904
-0.826591
-2.990914
-4.052924
-4.275311
-4.104907
-2.833901
-1.531285
-1.055974
0.065069
1.703325
1.572804
0.597100
-0.714650
-2.578959
-4.841954
-5.477832
-4.472376
-2.637694
-1.453725
-0.724358
0.419306
1.663244
2.237821
1.599998
-0.760489
-3.671885
-5.440781
-5.257810
-4.456020
-2.738273
-1.697410
-0.958484
-0.188345
1.334357
1.428887
0.512587
-1.875985
-4.181531
-5.922096
-6.177691
-4.322905
-2.404237
-1.758576
-1.158190
-0.226809
0.620324
1.261032
-0.044071
-1.590549
-4.038684
-5.535703
-5.873790
-5.078917
-3.029393
-1.542933
-0.672760
-0.023168
0.861741
0.865743
0.123847
-1.621179
-3.896458
-5.012679
-5.107599
-4.195554
-2.782994
-1.843852
-1.678330
-0.353806
1.234858
1.515531
0.611635
-1.052127
-3.473010
-5.040858
-4.961251
-3.889735
-2.338403
-1.114385
-0.462129
0.561698
1.895923
2.524392
1.059708
-0.756254
-3.323656
-5.208259
-5.461177
-4.023536
-2.208694
-1.166829
-0.843973
0.490488
1.414071
1.884821
0.992606
-1.122948
-3.567675
-4.908895
-5.604485
-4.300193
-2.292939
-1.178138
-0.539877
0.062862
1.567600
1.499166
1.339960
-0.578277
-3.288857
-5.075362
-5.325707
-4.420210
-2.648381
-1.975846
-1.055405
0.089502
1.480027
2.092835
1.304992
-0.781171
-2.842997
-4.327542
-4.551803
-4.168403
-2.450383
-1.168099
-0.489343
0.644557
1.896339
2.148692
1.170452
-1.204767
-3.506582
-5.055879
-5.157488
-4.073430
-2.062345
-0.941228
-0.321794
0.250151
1.826570
2.933928
1.745438
-0.488780
-3.012983
-4.702550
-5.554499
-4.374466
-1.895171
-1.852352
-0.589109
1.266005
2.204966
2.321887
1.402316
-1.048642
-3.024318
-4.752831
-5.103166
-3.794387
-2.620332
-1.293460
-0.888284
0.651474
1.536782
2.105318
0.778062
-0.574325
-2.491547
-4.466637
-5.134428
-3.749806
-2.044110
-0.248620
0.543364
1.223490
2.140741
2.613901
1.346274
-0.733154
-2.991329
-5.049637
-5.490766
-3.830014
-1.712419
-0.607577
0.084102
0.838874
2.759782
3.102015
1.112515
-0.927121
-2.930634
-4.376068
-5.082639
-3.903859
-2.421880
-1.296435
-0.279827
0.440856
1.631885
2.123009
0.860116
-1.247351
-3.670547
-4.996705
-4.652580
-4.396935
-1.947753
-0.788028
-0.862526
-0.403681
0.558743
1.304946
1.039132
-1.260722
-3.797121
-5.185334
-5.406549
-4.904102
-3.294848
-2.011140
-0.812432
0.058942
1.374352
1.329109
0.264444
-1.661159
-3.575659
-4.750326
-4.978616
-3.268273
-1.584252
-0.929078
-0.922393
0.172673
1.264715
1.722636
0.738450
-1.343941
-3.653302
-5.555500
-5.349246
-4.487061
-2.501409
-1.594611
-0.873604
-0.007026
1.076023
1.477885
0.790139
-1.676624
-3.936089
-5.121058
-5.454112
-3.971974
-2.259246
-1.562182
-1.290797
-0.178608
0.719618
0.795084
0.034021
-1.989547
-3.685390
-5.332397
-5.500388
-4.190299
-2.700191
-2.111484
-1.487554
-0.146586
1.581392
1.966752
0.484688
-0.778021
-2.828431
-4.385718
-4.576804
-3.521710
-1.934865
-0.998549
-0.454580
0.853704
1.705969
1.827836
0.821359
-1.720407
-4.225955
-5.737685
-5.552750
-4.134273
-2.636191
-1.363832
-0.931436
-0.124104
1.468314
1.396428
-0.086782
-2.125407
-4.505414
-5.770623
-6.077094
-4.427029
-2.537242
-1.669843
-1.610535
-0.415303
0.448848
0.947939
-0.437591
-1.947631
-4.064073
-5.476340
-5.946617
-4.783563
-2.921483
-1.593097
-1.487329
-0.329315
0.515656
0.656239
-0.252709
-1.940409
-3.810070
-5.671941
-6.034801
-4.806424
-2.868316
-1.329495
-1.350589
-0.294987
0.992408
1.555098
0.291781
-2.144728
-4.748236
-6.508519
-6.826255
-5.299825
-3.664132
-2.222898
-1.825162
-0.665442
0.469586
1.006609
0.121282
-1.955472
-4.638198
-6.663108
-7.081450
-5.249045
-3.598962
-2.768886
-1.919960
-0.202925
0.809715
0.648620
-0.420587
-2.272547
-4.250296
-5.614961
-5.657245
-4.468482
-2.451093
-0.994412
-0.635271
-0.364485
0.420345
0.627337
-0.613916
-2.337019
-4.628516
-6.168777
-5.933352
-4.008870
-2.988191
-2.060985
-1.114876
-0.198330
1.068704
1.102684
-0.670149
-2.659348
-4.335728
-6.172519
-6.267697
-4.882460
-3.253797
-1.734756
-1.069128
-0.145561
1.211396
1.582634
0.304558
-1.703274
-3.872893
-5.646200
-5.772652
-4.753095
-2.566613
-1.858249
-1.349351
-0.193936
1.742787
1.456056
0.119532
-2.200215
-4.390562
-6.023314
-6.100072
-5.180030
-3.075416
-1.824208
-1.184539
0.011478
0.757974
0.661963
-0.655104
-2.635542
-4.869979
-6.185788
-6.269433
-4.779109
-3.328168
-2.265197
-1.333364
-0.724686
0.285710
0.420848
-0.323428
-2.325707
-4.343731
-5.529140
-5.438905
-4.221837
-2.302613
-1.377687
-0.971335
0.322832
1.202171
0.775619
-0.002737
-2.089839
-4.444439
-6.317400
-6.198809
-4.670072
-3.095460
-1.972362
-1.289749
-0.690247
0.366793
0.367565
-0.788679
-3.126375
-5.400933
-6.782110
-7.238784
-6.189321
-4.527696
-2.729442
-2.112994
-1.174932
0.390183
0.636859
-0.867046
-3.054263
-4.972339
-6.190416
-6.895003
-5.869472
-3.869073
-2.252969
-1.896205
-0.907413
0.125056
0.363379
-0.685839
-2.423029
-5.109891
-6.436170
-6.242862
-5.423285
-3.153516
-2.464515
-1.561332
-0.775909
0.446928
0.770597
-0.444910
-2.320908
-4.398249
-5.830370
-6.094024
-4.812415
-2.998097
-2.106488
-1.151328
0.244205
0.891387
0.741823
-0.371069
-2.457952
-5.204372
-6.827831
-6.822893
-5.685409
-3.472945
-2.545411
-2.023626
-0.838046
0.122529
0.471678
-0.447437
-2.910749
-4.939066
-6.788051
-7.303454
-5.226631
-3.668168
-2.607671
-2.027182
-0.586350
0.366732
-0.077578
-1.293545
-2.933139
-5.151814
-6.488863
-6.786329
-4.877212
-3.813409
-2.609956
-1.827954
-0.606701
0.670923
0.161068
-0.583671
-2.603889
-4.737912
-6.045272
-6.590004
-5.557475
-4.277020
-2.248231
-1.491714
-0.449238
0.703824
0.065896
-0.793180
-2.819880
-5.322068
-6.992530
-7.571852
-5.994958
-4.237599
-2.808013
-1.912054
-0.826967
0.257838
0.575589
-0.973295
-2.924969
-4.798926
-6.672722
-6.633256
-6.024189
-3.995044
-2.103589
-1.133981
0.020144
0.475667
0.300101
-1.098716
-3.067012
-5.034670
-6.671482
-6.542084
-5.678449
-4.080394
-2.380950
-1.689261
-0.251527
0.093349
-0.350228
-1.093464
-2.727067
-4.773935
-6.420258
-6.816744
-5.570711
-4.117473
-2.755416
-1.837259
-0.877259
0.014144
0.421173
-1.032350
-3.275397
-5.695574
-7.738942
-8.012682
-6.345088
-4.462956
-3.312755
-2.294827
-1.214793
-0.064877
0.332326
-0.783398
-3.309556
-5.798569
-7.139891
-6.895164
-5.622519
-3.525010
-2.743821
-1.654966
-0.592730
-0.739816
-0.853004
-2.038697
-3.780173
-6.082212
-7.538527
-7.808825
-6.185391
-3.992457
-2.860700
-2.540143
-1.646173
-0.341122
-0.018614
-1.223063
-3.087984
-5.194110
-6.866250
-7.322010
-5.110237
-3.362678
-2.383267
-1.819528
-0.575587
0.309213
0.155922
-0.979798
-2.398185
-4.916389
-6.948585
-7.598742
-5.961403
-3.522491
-2.464156
-1.831984
-0.960055
-0.073210
0.110540
-1.353524
-3.646655
-5.629384
-6.607786
-6.905050
-5.246612
-3.717443
-3.058078
-2.005533
-1.524527
-0.404009
0.088968
-1.163684
-2.901370
-5.207142
-6.639443
-6.769450
-5.420062
-3.651622
-2.043527
-1.844839
-1.111595
0.236870
0.138792
-0.682447
-2.876647
-5.531107
-6.766403
-6.565620
-5.307990
-3.658008
-2.437901
-1.735060
-0.670482
0.190167
0.044831
-1.178650
-3.098726
-5.411377
-6.776845
-7.558578
-6.527614
-4.013177
-2.736761
-1.717855
-0.753167
-0.031825
-0.315549
-1.274671
-3.411401
-5.645335
-7.279974
-6.985164
-5.947894
-4.291043
-3.693486
-2.727106
-1.386051
-0.109017
-0.604383
-1.001511
-3.415711
-5.188228
-6.468740
-6.620062
-5.317691
-3.003837
-1.928111
-1.708036
-0.731669
0.136815
0.712742
-0.541564
-2.808148
-5.402592
-7.067638
-7.433330
-6.470213
-4.701655
-3.257705
-2.787459
-1.512887
-0.096969
0.324053
-1.080775
-3.481394
-5.752790
-7.653890
-8.225629
-6.660173
-4.289706
-3.065673
-2.234223
-1.263909
-0.619694
-0.758251
-1.885680
-3.409867
-5.293274
-7.079048
-7.275521
-5.728741
-4.301522
-3.009764
-2.561055
-1.322007
-0.329946
-0.338062
-1.419168
-3.048236
-5.378239
-6.959929
-7.258976
-5.509173
-3.955178
-2.171887
-1.074830
-0.617688
0.304343
0.525822
-0.723514
-2.747745
-5.480811
-7.346438
-7.573065
-5.793003
-3.904979
-2.828512
-2.050785
-1.151182
-0.438869
-0.446415
-1.920399
-3.462401
-5.647601
-6.974024
-7.152253
-6.217643
-4.437746
-2.716478
-2.094444
-1.251413
-0.025067
0.256971
-0.503282
-2.615668
-4.953179
-6.413517
-6.685015
-5.384084
-3.674354
-2.090310
-1.523561
-0.723335
0.256316
0.597846
-0.481128
-3.241158
-5.253037
-6.491975
-6.533811
-5.341665
-3.193402
-1.593635
-1.029398
-0.707873
0.175174
0.400296
-1.122919
-3.252197
-5.929671
-7.905514
-7.968191
-6.458919
-4.835250
-3.633201
-2.550195
-0.652591
-0.774704
-0.093408
-1.497677
-3.730185
-5.588995
-6.397285
-6.601852
-5.115333
-3.124644
-2.152843
-2.095469
-1.176994
-0.495180
-0.219384
-1.277362
-3.387616
-5.672987
-7.503380
-8.008315
-6.346432
-4.056386
-2.449391
-1.644239
-1.184707
-0.275291
-0.023404
-0.938064
-3.736107
-6.205988
-7.717203
-7.101935
-5.400691
-3.707820
-3.042207
-2.336727
-1.293412
-0.222006
0.151031
-0.978330
-3.084270
-5.101275
-6.379793
-6.743039
-5.452222
-3.506524
-2.837112
-1.853927
-1.172334
-0.281851
0.034152
-0.922802
-2.819750
-4.797813
-6.698221
-7.331622
-6.082047
-4.239299
-3.407643
-2.172241
-1.325294
-0.105770
0.596444
-1.087748
-2.998136
-5.514459
-6.969204
-7.005530
-5.707186
-3.593759
-2.319398
-2.324111
-1.103534
-0.683784
-0.251405
-1.687795
-3.707996
-6.321669
-7.511886
-7.011711
-5.623974
-3.160432
-1.922726
-2.042739
-1.205330
0.432873
0.431083
-1.309113
-3.786912
-5.904360
-7.555818
-7.435436
-5.772386
-4.049575
-2.582795
-1.725073
-0.385587
0.633844
0.926330
-1.105678
-2.768503
-4.867135
-6.768063
-7.231828
-6.126818
-4.256990
-2.948500
-1.719399
-0.558747
0.227503
-0.079581
-1.324636
-3.548272
-5.828939
-7.520633
-7.368773
-6.040058
-4.197331
-3.008820
-2.329437
-1.307554
0.189713
-0.394884
-1.550607
-3.418712
-5.297262
-7.145679
-6.352078
-5.463610
-4.153185
-3.181089
-2.241943
-1.289816
-0.135931
0.210130
-1.268847
-3.293851
-5.403450
-6.602254
-7.169785
-5.854276
-4.047780
-2.750679
-2.307263
-1.437965
0.208416
0.318975
-0.752826
-3.222699
-5.433273
-7.319109
-6.942082
-6.237484
-4.661956
-3.313120
-2.118812
-0.494944
0.369004
0.740411
-0.515886
-2.372588
-5.109895
-7.044095
-7.112755
-6.359118
-4.574557
-3.201520
-2.400889
-1.501514
-0.425179
-0.261252
-1.171002
-3.253316
-5.528196
-7.033603
-7.549534
-6.593736
-4.429864
-3.244195
-2.373260
-1.418361
-0.005586
-0.554048
-1.720584
-3.501292
-5.321033
-7.690503
-7.551088
-5.912683
-4.467419
-3.004490
-2.226170
-1.418077
-0.394313
-0.504622
-1.474519
-3.757753
-6.239980
-8.129677
-8.112552
-6.778676
-4.968934
-3.442348
-2.997509
-1.915821
-0.382170
0.056849
-1.081771
-3.406393
-5.968402
-7.908183
-7.963133
-7.703010
-5.983342
-4.571005
-3.599779
-2.136904
-1.100789
-0.802427
-2.210121
-4.255584
-6.465521
-8.169179
-8.124419
-6.773207
-5.610310
-4.633924
-3.713525
-2.046627
-1.393516
-0.741121
-1.814958
-4.072459
-6.010883
-7.186600
-7.729591
-6.186934
-4.622923
-3.689612
-2.214144
-1.265954
-0.840821
-0.244355
-1.367176
-3.699669
-5.883640
-7.938293
-8.798168
-7.702823
-5.374659
-3.471150
-2.331251
-1.555956
-0.260053
-0.469739
-1.811988
-3.947775
-6.404976
-7.664155
-7.701695
-6.672592
-5.023937
-4.588658
-3.465579
-1.247184
-0.175961
-0.357619
-1.654195
-3.512612
-6.074114
-7.612746
-7.311896
-5.925811
-4.344653
-3.064994
-2.415724
-1.199752
-0.169911
-0.158295
-1.402038
-3.305917
-5.501809
-7.160651
-7.186434
-5.512062
-4.754188
-3.455583
-2.854226
-1.135920
-0.109183
0.322192
-1.029933
-2.962893
-5.606760
-7.313430
-8.067296
-6.673475
-4.658187
-4.060818
-2.808517
-1.328785
-0.356866
0.170797
-0.880910
-3.215582
-5.586735
-7.607540
-7.653190
-6.303782
-4.849762
-3.280760
-2.410989
-0.829910
-0.303879
0.003596
-0.915096
-3.172102
-5.591929
-6.996094
-7.455814
-6.109965
-4.234159
-3.384135
-2.890090
-1.392262
-0.001699
0.328705
-0.740664
-3.158153
-6.066683
-7.803401
-8.367509
-7.039550
-5.385160
-3.644506
-2.616016
-1.416389
0.179908
0.325873
-0.384570
-3.051839
-5.552819
-7.196752
-7.666050
-5.930982
-4.113540
-3.343523
-3.516412
-2.204029
-0.514687
-0.320655
-0.801920
-3.215408
-5.657326
-7.465343
-7.707775
-6.913844
-4.981852
-3.595493
-3.006203
-1.251909
-0.562871
-0.029931
-1.088431
-3.118406
-6.074299
-7.888760
-8.368104
-7.203860
-5.231579
-3.881498
-3.033221
-1.825055
-0.399485
-0.397649
-1.074317
-3.548180
-6.410018
-7.996521
-8.515994
-7.805869
-5.730647
-4.393435
-2.854690
-1.562520
-0.268514
0.057429
-1.311772
-3.512774
-6.409256
-8.427778
-7.932607
-6.572910
-5.602775
-4.310288
-3.647328
-2.564156
-0.575689
-0.275815
-0.915839
-2.937519
-5.352540
-7.511651
-7.302400
-5.979177
-4.043294
-2.892940
-2.204658
-0.810613
0.116889
0.608129
-0.264549
-2.499217
-5.368052
-7.440364
-8.914190
-7.028764
-5.437697
-3.311547
-2.663428
-1.678171
-0.273547
0.569585
-0.847011
-2.725672
-5.623744
-8.014803
-9.143922
-8.252071
-6.383042
-4.633683
-3.718351
-2.399216
-0.729007
-0.103165
-1.021171
-2.964380
-5.531741
-7.378966
-7.825050
-6.830612
-5.458042
-4.391549
-3.041192
-1.369895
0.021110
0.647727
-0.684393
-2.981762
-5.941562
-7.647491
-8.406241
-7.613932
-5.681932
-4.352583
-3.171905
-1.925143
-1.052817
-0.775285
-1.616170
-3.659465
-6.245372
-8.195778
-8.244119
-7.917500
-5.865489
-4.514559
-3.029615
-1.725386
-0.534717
0.057409
-1.004586
-2.786122
-5.163616
-7.061381
-7.730152
-6.152413
-4.422327
-3.399971
-2.638150
-1.668617
-0.017749
0.502906
-0.142636
-3.077323
-5.830935
-7.635475
-7.688696
-7.328009
-5.974884
-4.573132
-2.892388
-1.952800
-0.487208
-0.234838
-1.331059
-3.720168
-6.237657
-7.961789
-7.574018
-7.500313
-5.318785
-4.184289
-3.385122
-1.780639
-0.092312
0.295806
-1.053456
-3.298001
-5.305983
-7.098346
-7.549973
-6.595769
-4.323983
-3.782630
-3.250834
-1.989421
-0.372415
0.014426
-1.130778
-3.122214
-6.007941
-8.441368
-8.860846
-7.811914
-5.994667
-4.655198
-3.176242
-1.986283
-0.179692
-0.015937
-1.262559
-2.845605
-5.733502
-7.662154
-8.183089
-7.360861
-5.696019
-4.681748
-3.951252
-2.094068
-0.178542
0.082686
-0.466468
-2.701117
-5.564515
-7.603824
-7.786408
-6.897592
-5.256738
-4.483869
-3.004516
-1.313554
-0.347066
-0.003934
-0.986369
-2.940177
-5.742836
-7.579072
-8.178316
-6.378706
-5.052620
-3.572664
-1.948792
-1.055492
0.352159
0.557034
-0.679418
-3.428115
-6.239285
-8.151538
-9.121000
-7.523041
-5.351315
-4.308711
-3.065170
-2.092462
0.474469
0.623997
-0.100708
-3.065205
-5.802686
-7.676959
-7.886757
-6.955273
-4.880587
-4.115137
-2.936872
-1.493961
-0.128035
0.627460
-0.597834
-3.182048
-5.432610
-7.469947
-7.726970
-6.918257
-4.821981
-3.564053
-2.540946
-1.694665
-0.370778
0.261571
-1.508798
-3.383487
-5.777027
-8.095327
-8.830536
-7.961810
-6.245165
-4.805281
-3.161816
-1.727824
-0.117953
0.107207
-0.817737
-3.341113
-5.973728
-8.320295
-8.770212
-7.565636
-6.182146
-4.783890
-3.161316
-2.034247
-0.924747
0.069238
-0.910095
-3.160005
-5.784188
-7.888963
-8.528201
-7.273787
-5.323289
-4.379745
-2.958800
-1.277855
-0.315722
0.070268
-1.161618
-3.720772
-5.643484
-7.665939
-7.924082
-6.222446
-4.626453
-3.719090
-3.193892
-1.670470
-0.331634
0.400126
-0.323348
-2.509105
-5.519798
-7.836111
-7.856636
-6.776141
-5.704725
-4.496366
-2.944142
-1.444020
-0.186627
0.521208
-0.612180
-2.876409
-5.287143
-8.231846
-8.540949
-7.419442
-6.120710
-5.063065
-3.764372
-2.262471
-0.001763
1.100278
-0.369803
-2.220988
-4.956562
-7.024723
-7.482519
-7.461836
-5.630513
-4.717267
-3.803921
-1.858148
0.171240
0.114411
-1.414704
-3.338456
-6.499393
-8.874569
-9.204043
-7.520429
-5.484633
-4.398898
-3.355899
-1.555320
-0.240453
-0.054112
-0.856353
-4.012431
-6.648850
-9.014809
-9.532267
-8.584619
-6.673026
-4.582684
-3.460887
-1.720028
-0.215735
-0.160047
-1.511956
-4.086214
-6.781884
-8.953698
-8.725595
-7.905202
-6.317410
-5.587962
-4.034968
-2.200889
0.312366
0.297503
-0.987324
-3.234701
-5.457739
-7.176750
-8.434834
-7.645211
-6.226784
-5.141387
-3.909307
-1.735296
-0.001441
0.445884
-0.298633
-2.425946
-6.035339
-7.615109
-8.138881
-7.541037
-6.097823
-4.766213
-3.578522
-2.006190
-0.729735
0.239749
-0.962798
-2.931465
-5.621561
-8.067945
-8.969473
-8.051033
-5.850979
-4.502661
-3.409663
-2.060596
0.066010
0.390756
-0.270757
-2.358706
-5.315300
-7.644977
-8.348259
-7.177146
-6.142326
-5.191936
-3.984066
-2.000051
-0.502541
-0.395993
-0.930127
-3.013350
-5.832007
-7.923396
-8.710350
-7.822927
-6.367861
-4.951669
-3.478489
-1.443173
0.432418
0.914763
-0.307775
-2.559982
-5.220100
-6.902240
-8.166464
-7.578890
-5.461929
-3.838776
-3.079376
-1.556485
0.585301
0.630791
-0.405057
-3.015673
-5.981667
-7.976359
-8.532906
-8.088167
-6.687133
-4.497545
-3.011045
-1.423867
-0.233375
0.486264
-0.374602
-3.072356
-5.946771
-8.096529
-8.667386
-7.739562
-5.759525
-4.906164
-3.486077
-1.628549
-0.305644
0.776908
-0.662941
-2.505891
-5.064835
-7.330845
-7.902165
-6.795618
-4.823905
-4.031396
-2.916989
-1.311820
0.329743
0.671011
-0.795327
-2.994432
-5.959200
-7.846282
-7.358291
-6.335553
-5.356074
-4.047819
-2.956587
-1.142024
0.623371
0.723730
-0.210666
-2.652286
-5.795548
-7.773191
-8.171048
-7.435693
-5.879678
-4.360415
-3.095264
-1.719140
0.101451
1.367424
0.205400
-2.369819
-4.840189
-7.266370
-8.716064
-7.888447
-5.994804
-4.002173
-2.738481
-1.599435
0.154474
0.732053
0.042130
-2.226463
-4.877353
-7.183805
-8.037872
-7.167815
-5.632481
-4.141665
-2.446453
-0.991055
0.614473
1.225823
0.024156
-2.091107
-4.619646
-6.855669
-7.859706
-6.370404
-5.116841
-4.165808
-2.869648
-0.352779
1.296607
1.339764
0.322339
-1.589528
-4.557926
-6.889455
-7.063725
-6.078092
-4.155959
-3.028939
-2.449220
-0.779778
0.728940
1.311973
0.565122
-1.557385
-4.220017
-6.955772
-8.334622
-7.473490
-5.956857
-4.513762
-2.275331
-0.287695
1.277379
2.263703
1.331075
-0.997878
-3.538859
-5.554193
-5.983935
-5.528477
-3.858076
-2.380838
-1.822584
0.074163
1.677604
2.226671
0.672593
-1.722899
-4.519039
-6.562460
-7.428585
-6.004326
-4.565045
-2.873672
-2.073193
-0.851372
0.792171
1.078444
-0.063897
-2.493194
-4.983192
-7.183222
-7.427223
-5.464915
-4.602773
-3.595288
-2.111151
-1.297608
0.547115
1.160211
0.241692
-2.298130
-4.708961
-6.478175
-7.514482
-6.878076
-5.483394
-4.171878
-2.398220
-1.074240
0.374114
0.799088
0.084502
-1.905119
-4.793925
-7.126760
-8.298491
-7.647996
-5.986902
-4.415831
-3.010585
-1.165341
0.602407
1.210324
0.192966
-2.184883
-4.861722
-7.227216
-8.471640
-7.497054
-5.598361
-4.298912
-2.564326
-1.078654
0.524047
1.231203
0.798373
-1.661685
-4.504741
-7.037077
-7.788104
-6.612112
-5.503044
-4.304155
-3.191851
-1.157012
0.513083
1.173106
0.077647
-2.174927
-4.654959
-6.883622
-7.464517
-6.748244
-5.443805
-3.990622
-2.408190
-0.894985
0.434624
1.072932
0.349144
-1.928341
-4.780533
-7.352596
-7.731474
-6.953576
-5.294656
-3.875057
-2.450349
-0.637202
1.061015
1.258617
0.923085
-1.355571
-4.056139
-5.646888
-5.702107
-5.567482
-3.915435
-2.681003
-2.057636
-0.702523
1.175631
1.643496
1.004341
-1.169335
-3.788334
-6.131438
-6.520671
-5.295209
-4.354616
-3.363670
-2.270143
-0.473289
1.400250
1.344596
0.677948
-1.581140
-5.167203
-7.348149
-7.849482
-7.214911
-5.652878
-3.363730
-2.833586
-1.149871
1.176280
1.738544
0.488353
-1.189271
-4.451351
-7.095906
-7.690874
-6.304759
-4.382215
-3.255644
-1.876012
-0.634008
1.030038
1.194495
0.404490
-1.312807
-4.307679
-6.138553
-6.831383
-5.964355
-4.559589
-3.603380
-2.490661
-0.439397
1.100081
2.154514
1.016991
-0.713987
-3.786917
-6.331813
-7.150315
-5.922783
-4.846910
-3.603237
-1.970354
0.019446
2.276586
2.603436
1.314353
-1.615117
-4.243166
-6.703515
-7.063137
-6.379777
-4.594768
-3.574243
-2.216166
-0.768205
1.118276
1.788689
0.189774
-1.675176
-4.290341
-7.021236
-8.099165
-6.621436
-4.633475
-3.964403
-2.726012
-1.062703
0.987882
1.574201
1.016459
-1.229241
-3.743346
-6.140621
-6.790766
-6.481449
-4.533767
-3.008181
-1.446527
-0.181821
1.394972
2.207194
1.413663
-0.806914
-3.873278
-6.350967
-7.431427
-6.570539
-4.707458
-3.848593
-2.577008
-0.599768
1.477750
2.013382
1.625918
-0.825390
-3.783404
-6.025604
-6.684905
-5.570113
-4.381908
-2.998572
-1.281116
0.007121
1.829389
2.345245
1.754642
-0.634213
-3.328722
-5.093916
-5.674746
-5.438280
-4.300259
-3.011043
-1.952915
0.068448
1.794190
2.650409
1.543578
-0.622477
-3.465572
-5.917417
-7.136244
-6.332748
-4.226006
-2.913939
-1.815126
-0.008125
1.389218
2.251166
0.947499
-1.101141
-4.059697
-6.853362
-7.384249
-6.518652
-4.572534
-3.774099
-2.498131
-0.756268
0.975780
1.424834
0.734769
-1.529744
-3.901920
-6.499641
-7.717600
-7.381053
-5.849906
-4.077636
-2.175944
-0.084261
1.951314
2.261909
1.457597
-0.517516
-3.113996
-5.316311
-5.763613
-4.345064
-3.124482
-1.621398
-0.655584
1.176362
2.898734
2.897246
1.698803
-0.385999
-3.481414
-5.489522
-6.348264
-4.620311
-3.587861
-2.667839
-1.540858
0.347399
2.547260
2.820600
1.776288
-0.409873
-3.275429
-5.928549
-7.042869
-6.004263
-4.273475
-3.271202
-1.913577
0.056007
2.279062
3.087083
2.101092
-0.243186
-3.133226
-5.604791
-7.346465
-6.167508
-4.809155
-3.254555
-1.705354
0.735145
2.428349
3.063319
2.115252
-0.244731
-2.936488
-5.286348
-5.906199
-5.707162
-4.359000
-3.213277
-1.617368
0.584633
2.083576
2.391826
2.095196
-0.069562
-2.936086
-5.398081
-6.142807
-5.630692
-3.765597
-2.643823
-0.955324
0.774045
2.486746
3.633777
2.754859
0.197052
-2.347949
-4.335515
-5.128881
-4.577071
-3.507855
-2.602965
-1.268471
0.934339
3.216599
3.303285
2.425584
-0.236100
-2.651595
-5.064297
-5.861352
-5.199228
-3.714787
-2.502955
-1.692392
0.692766
2.872182
3.344000
2.827172
0.178887
-2.865985
-4.967317
-5.718310
-4.978210
-3.117017
-1.830379
-0.614486
1.119607
2.637135
2.884974
2.099000
-0.173974
-2.739583
-4.930024
-5.888645
-4.616498
-3.727647
-2.681653
-1.463779
0.276765
2.232815
3.177988
2.085515
-0.005989
-2.896446
-5.305479
-6.553702
-5.531809
-3.606214
-2.760337
-1.525326
0.735596
2.524728
3.299197
2.454314
0.327784
-2.085067
-4.489174
-6.035448
-4.982303
-3.603636
-2.491473
-0.959325
0.752183
2.929940
3.542769
3.055237
0.927243
-2.051858
-4.401608
-5.132714
-3.939026
-2.361243
-1.518435
-0.827744
1.291902
3.461445
4.104047
2.722311
0.941739
-2.196750
-4.405427
-4.920407
-4.205771
-2.614007
-1.772986
-0.146015
2.058044
3.528551
4.431613
3.463809
0.509624
-2.467802
-4.579765
-5.540400
-5.221234
-3.136875
-1.855024
-1.043326
0.844614
3.126622
4.090583
3.549190
0.748759
-1.803993
-4.600264
-5.970004
-4.804463
-3.623078
-1.984788
-0.925451
0.977113
3.028154
4.204159
3.410548
1.017270
-1.852301
-3.843759
-5.183100
-4.200489
-2.436276
-1.503362
-0.054196
1.486108
3.680030
4.324103
3.200141
1.042169
-1.691518
-4.122202
-5.339122
-4.554157
-2.811360
-1.613461
-0.392525
1.884025
3.640624
4.735355
4.111429
2.172735
-0.805385
-2.984550
-3.719832
-3.290474
-1.667906
-0.967430
0.392233
2.370105
4.223530
5.133140
4.329877
1.846227
-0.839362
-3.092840
-4.403391
-3.384440
-1.731079
-0.553776
0.472605
2.776138
4.696421
5.263320
4.586862
2.160731
-0.578959
-3.062807
-3.721132
-3.458910
-2.264310
-0.919406
0.300035
2.469355
4.862613
5.632178
4.284697
2.451221
-0.152009
-2.478881
-3.414848
-2.571368
-1.736046
-1.444201
-0.152727
1.684478
4.409881
5.372329
4.039984
1.699257
-0.826733
-3.184909
-4.011335
-2.777779
-1.134609
-0.247937
1.355065
2.626458
4.385461
5.320323
4.529442
2.463017
0.115032
-2.410494
-3.151135
-2.155369
-1.265795
-0.742008
0.619280
3.319967
5.099578
5.995025
4.503698
2.141159
-0.796946
-2.817868
-3.723056
-2.422232
-0.924733
0.000477
1.141346
3.371676
4.666280
5.456109
4.372659
2.541794
-0.330144
-2.409066
-3.209391
-2.446970
-1.113432
-0.073104
0.877945
2.837531
5.197967
5.387504
4.094841
2.128591
-0.437523
-2.288342
-3.535469
-2.796850
-1.016309
-0.155893
1.129616
2.516225
4.697751
5.916011
4.599830
2.671961
0.355017
-1.441040
-1.943984
-1.878613
-0.604423
0.197704
1.348619
3.209521
5.353021
6.214156
5.122273
2.883347
-0.173051
-2.121284
-3.096860
-1.911170
-0.307519
0.562625
1.478287
3.284871
5.396518
6.134845
5.484374
2.965020
0.357487
-1.816111
-3.074741
-2.332901
-1.152442
0.417433
1.470616
3.650798
5.759004
6.749953
5.703156
3.147381
0.524109
-1.413144
-2.508012
-1.918430
-0.231971
0.879200
1.843421
3.677057
6.085288
6.517791
5.906747
3.698496
1.264138
-0.665740
-1.884686
-1.111669
-0.101449
0.802386
2.182231
3.822992
5.556518
6.421643
5.396228
3.599010
0.636768
-1.629292
-1.885014
-1.183623
0.051724
0.771406
1.745576
3.635445
5.419784
6.401126
5.037391
3.133989
0.473449
-1.211152
-1.909777
-0.815146
0.598083
1.040642
1.673345
3.531018
5.601029
6.283145
5.438640
3.242945
0.842532
-1.250322
-1.859342
-1.277204
0.098805
0.570006
1.817979
3.699108
5.744468
6.306987
5.572595
3.128288
0.398109
-1.473259
-2.052493
-1.402831
0.452075
1.318728
2.010999
3.292726
5.433333
6.368747
5.111362
3.101881
0.750236
-1.193191
-1.854620
-1.311493
-0.276103
0.424585
2.003260
3.605653
5.853827
6.589093
5.890883
3.336664
0.720569
-0.883544
-1.588440
-0.369950
0.625665
1.028790
2.455370
4.462942
6.190497
6.670115
6.352807
3.395242
0.345326
-1.288757
-1.669562
-0.813398
0.338679
1.379873
2.363358
3.728099
5.696506
7.201083
6.174209
3.782133
0.602075
-1.331731
-2.359557
-1.728538
0.038802
0.596886
1.723258
3.103353
5.553151
5.854936
4.925315
3.565743
0.830794
-1.235151
-1.794098
-0.791543
0.408593
1.132277
2.260888
4.172397
5.768283
6.910121
5.830974
3.006153
0.864000
-1.040888
-1.586021
-0.157727
0.293876
1.188010
2.373278
4.516193
6.615996
6.960570
5.974710
3.213262
0.513236
-1.253573
-1.632372
-0.883755
0.500957
1.112227
1.845204
3.873512
6.095048
7.278054
5.619878
3.936276
1.428209
-0.964828
-1.478014
-0.617875
0.673438
1.359849
2.392037
4.265988
6.407432
6.633134
6.130771
3.778554
1.187965
-0.707678
-1.179923
-0.453979
1.067754
1.298944
2.189462
3.941482
6.124892
6.897613
5.593589
3.862663
1.564208
-0.616103
-0.986238
-0.590825
0.851211
1.165579
2.547221
4.636621
6.580695
7.622895
6.271979
4.098403
1.777350
-0.731313
-1.489042
-0.896111
0.448163
1.358602
2.741726
4.707515
6.651412
7.000779
5.990867
4.141242
1.969520
0.157770
-0.872555
0.256215
1.258740
1.555718
2.961591
4.765141
6.654887
7.809588
6.943461
3.820336
1.349808
-0.348616
-0.702372
0.001079
0.925124
1.515418
2.539940
4.347606
6.475001
7.290515
6.151942
4.154506
1.565869
-0.160777
-1.077626
-0.612238
0.352649
1.303410
2.706828
4.340182
6.397035
7.743705
6.345769
4.410803
1.449822
-0.424420
-0.946905
-0.134810
0.749833
1.675967
2.590290
4.508968
6.369742
7.336999
6.308068
4.625372
1.884880
0.085743
-0.930650
-0.358602
1.536038
1.576392
2.700102
4.741088
6.450397
7.720363
6.416501
4.436497
2.237508
-0.159690
-1.099307
-0.295747
1.540849
2.390210
3.129571
5.280585
7.181756
8.423553
7.031219
5.002332
2.849514
0.640415
-0.410025
0.337014
2.246799
2.506536
2.853711
4.726241
7.155768
7.755401
6.558213
4.462041
1.727643
0.006879
-0.480053
-0.009683
1.169036
1.365679
3.015132
5.309718
7.274701
8.074952
6.837388
4.723676
2.087785
0.027647
-1.363959
-0.884523
0.705234
1.763574
2.691032
4.974277
6.887092
7.161538
6.028132
4.111263
2.275899
0.556546
-0.100898
0.383973
1.514379
1.991696
2.910556
4.678977
6.178748
7.060308
6.105262
4.189705
1.245395
-0.242864
-0.795348
-0.257499
0.526187
1.580478
2.360353
4.137856
5.835958
7.343547
7.337928
4.355115
2.236736
-0.051457
-0.762155
0.126639
1.226235
1.507220
2.922178
4.878596
6.721944
7.084548
5.759986
3.960276
0.962111
-0.562378
-1.121699
-0.675269
0.773213
0.990449
2.492476
4.347852
5.917254
6.991975
6.116988
3.981544
1.883549
-0.345070
-0.688296
-0.370524
0.740266
1.100425
2.625291
4.528837
6.757743
6.838370
5.720992
3.656309
1.244051
-0.562617
-1.476293
-0.116788
1.398669
2.125905
2.500000
4.335052
6.336665
7.089854
6.587434
4.819701
2.040387
-0.067063
-0.518980
0.371213
1.007451
1.561265
2.486588
4.390781
6.515906
7.034244
6.289412
3.883081
1.383496
-0.623854
-1.724318
-1.330107
0.697911
1.315892
3.057065
4.558488
6.923608
7.698939
6.699466
4.502265
2.015070
0.233237
-0.607444
-0.104632
1.378766
2.148517
3.340906
5.179549
6.968608
7.719684
6.740264
4.018360
1.031830
-0.140442
-0.610822
0.324639
1.008527
2.157767
2.914707
4.734790
6.769736
7.309505
6.083327
3.899792
1.406111
-1.117731
-1.314015
-0.817719
0.085073
1.312715
2.560777
4.981299
7.220325
7.156465
6.378280
4.320930
1.636082
-0.856625
-1.232883
-0.273129
1.455688
1.788232
2.623259
4.799501
6.338084
7.006385
5.992526
3.523577
1.350592
-0.567418
-1.144600
-0.212811
1.185430
2.128936
3.927451
5.170024
6.277183
6.789056
5.461604
3.683954
1.787245
-0.437689
-0.860578
-0.016837
1.666656
1.512353
2.514887
5.048625
7.181785
7.500133
6.864066
4.361639
1.449620
-0.624496
-0.717963
0.862737
2.011069
2.895146
3.577045
4.807556
6.968791
7.381562
6.348567
4.898374
2.052450
-0.094116
-0.849580
-0.238469
0.952710
1.673382
2.541835
4.885146
7.217847
7.909833
7.289523
4.570228
1.993182
-0.178520
-0.981431
-0.065495
0.412232
1.339436
2.603172
4.480909
5.998519
6.416417
6.069949
3.795940
1.156984
-1.039120
-1.511866
-0.622895
0.211032
1.049500
1.866371
3.986688
5.906692
7.250278
6.162265
4.830644
1.986280
-0.455758
-1.045916
-0.162110
1.348207
1.252574
2.862071
4.752571
6.422149
7.480449
6.516795
4.218308
1.904535
-0.169777
-0.938731
0.048244
1.320210
2.189483
3.369474
5.225286
6.752645
7.688819
6.842195
4.379881
2.641505
0.963283
0.276464
0.671399
1.389108
2.764636
3.312201
4.831397
7.157557
7.472812
6.460841
4.336194
1.742364
-0.181247
-0.916656
-0.066962
0.917573
1.565007
2.216504
4.744187
6.677787
7.877612
7.129323
4.968566
2.152700
-0.087712
-0.565691
-0.148719
1.203870
1.814393
3.202658
5.120475
6.870322
7.686042
6.429843
4.500157
1.534439
-0.477386
-0.979875
-0.113151
1.027753
1.819625
2.406099
4.940375
6.774150
6.972301
6.085015
4.107492
1.799444
-0.047891
-0.148370
0.515340
1.579616
1.951798
2.599567
5.079011
6.832673
7.021680
5.585856
3.740201
1.583642
-0.466537
-1.266469
-0.298539
0.171550
0.767815
2.166363
4.476351
6.183862
7.592315
6.109000
4.026514
1.570226
-0.684825
-1.812895
-1.117110
-0.120008
0.407276
1.658312
4.215181
6.603202
6.769546
5.503636
3.217261
0.669794
-1.187747
-1.461285
-0.870301
1.022836
1.861686
2.823664
4.315578
6.338410
6.955979
5.707063
3.695518
1.545416
0.592682
-0.748134
-0.242120
1.084424
1.746631
2.282571
4.110334
6.282226
6.695312
6.136210
3.747029
0.899304
-0.895414
-1.221150
-0.979630
0.617343
1.642991
2.408886
4.462237
5.808978
6.240277
5.204520
3.581803
1.257653
-0.640243
-1.114763
0.270339
1.550019
2.262708
2.635889
4.018032
5.960629
6.688033
6.021327
4.040690
1.672163
0.298046
-0.118363
0.988791
2.037696
2.364348
2.676927
4.661533
6.430669
6.752887
5.576636
3.371470
1.315974
-0.419600
-1.059278
-0.669339
0.332261
0.816364
2.210831
4.422735
6.163020
6.907214
6.029387
3.861967
1.465215
-0.454668
-1.159825
-0.472401
0.938054
1.451510
1.925400
4.231104
6.366302
6.789966
5.826650
3.736260
1.737658
0.045363
-0.878956
-0.126620
0.794202
1.554021
2.436715
4.821216
6.455642
7.151561
6.408351
3.925529
1.874000
-0.634460
-1.223319
-0.707382
0.993922
1.451443
2.488783
4.293675
6.107406
7.053319
6.133935
3.873367
1.518283
-0.613199
-0.993806
-0.724962
0.817134
1.765998
2.873959
5.266807
7.160197
7.531545
6.365569
3.952318
1.481750
-0.652464
-1.523402
-0.750788
0.605023
1.346772
2.567996
4.320071
6.144149
6.871190
5.953517
3.971313
0.939321
-0.991968
-1.531186
-1.261004
0.296035
1.305782
1.872237
3.872432
6.048282
6.554606
5.678584
3.478390
1.041672
-0.457847
-1.027492
-0.225339
0.693875
1.321095
2.541827
3.879456
5.488811
6.701453
6.030532
3.442165
1.043066
-0.372954
-1.008002
-0.614628
0.937804
1.839179
2.442660
4.629551
6.587764
7.287181
6.875981
4.324765
2.241096
-0.090114
-0.295124
0.454354
1.067878
1.934758
2.704679
5.481753
7.487140
8.224502
7.466168
5.095523
2.192352
0.192121
-0.811098
0.147033
1.280864
1.975543
3.181228
5.224650
7.275901
8.219451
7.208594
4.900142
2.028913
0.141088
-0.313439
0.573560
1.952487
2.042991
2.657808
5.101115
7.093137
7.594394
6.318488
4.152621
1.477509
-0.829939
-1.323993
-0.814287
0.548898
1.081658
1.917433
4.362009
6.271552
7.508754
6.353566
3.504203
0.878131
-1.496440
-2.122346
-1.313639
0.487319
1.698417
3.101826
5.037536
6.688293
6.961150
5.738940
3.382879
0.926158
-0.963653
-0.850910
0.747777
1.030417
1.976527
2.488751
4.284657
6.121615
6.488673
5.066825
3.128356
0.157966
-1.855190
-2.400198
-1.583922
0.391459
0.543073
1.861323
3.817466
5.496055
6.093757
5.421607
3.568764
1.129532
-1.170995
-1.746525
-1.177087
0.165935
0.942971
2.108395
3.989189
5.969882
6.999225
5.721427
3.772863
1.302576
-0.589499
-1.303058
-0.693970
0.608531
1.449625
2.826480
4.642463
6.096339
6.805644
6.047202
3.492487
1.059214
-0.373301
-0.455141
0.101110
1.290460
2.033628
3.160856
5.285819
7.060761
7.959208
6.120503
3.730252
1.268656
-0.227447
-1.124007
0.066638
1.147302
1.679870
2.665857
4.235984
6.403560
7.325622
6.529468
4.180391
1.412269
-0.301958
-0.950394
-0.710002
0.365918
1.409934
2.846973
4.337605
6.428094
7.019132
6.203048
4.460210
1.855143
-0.270822
-0.822271
-0.527978
0.821994
1.314384
2.778128
4.869624
7.173844
7.761674
6.969607
4.523629
1.230473
-0.889510
-1.649720
-0.352885
1.021111
1.607032
2.395429
4.839057
6.588050
7.215537
6.364383
3.804732
1.187689
-0.247585
-1.337477
-1.003772
0.347760
1.019590
1.694334
3.954035
6.186229
6.837304
6.033801
3.321240
1.006891
-1.363501
-1.965446
-1.175799
0.329888
0.994285
2.013704
3.974670
5.730647
6.461076
5.649920
3.433546
0.811378
-1.232359
-1.915718
-1.007297
-0.311094
1.262360
2.108676
3.684223
6.193988
7.508597
6.759635
3.842377
0.868311
-0.694808
-0.966706
-0.738103
0.498363
1.152525
2.072858
4.210073
6.778487
7.590512
6.209292
3.846677
1.033402
-1.498075
-1.908102
-1.534916
0.328282
0.891978
2.312518
3.908453
5.800605
6.418864
5.438905
3.358856
1.007628
-0.609062
-1.530103
-0.699155
0.626815
1.562406
2.530752
4.648897
6.478942
7.255015
5.944846
3.699526
0.876618
-1.174540
-1.906598
-0.658998
0.397334
0.480530
1.709538
4.031346
5.701842
6.881906
6.251948
4.107715
1.264951
-0.567031
-1.489636
-0.543442
0.698752
1.879285
3.179258
5.050376
6.243957
7.538091
6.494235
3.835669
0.916659
-0.357396
-0.843959
-0.209073
1.261918
1.753428
2.635206
4.649196
6.144279
6.590734
5.267798
3.838509
1.813421
-0.430499
-1.466195
-0.558561
0.289998
1.225885
2.378489
4.355546
6.405288
7.376742
5.871915
3.831799
1.122324
-0.636732
-1.149899
-0.943324
0.840949
1.244061
2.409368
5.020844
6.226199
6.724120
5.600917
3.577999
1.200745
-0.643437
-1.360919
-0.448670
1.349010
1.417620
2.098167
4.345670
6.575690
7.288653
6.108626
3.587934
0.942605
-0.954016
-1.940303
-0.929132
0.983235
1.526042
2.205568
4.353756
6.736762
7.145953
6.123385
3.847178
0.939094
-0.675532
-1.430933
-0.449698
0.351012
1.457586
2.214703
3.960277
6.123874
6.405288
5.094054
3.052563
0.546804
-1.233893
-1.805892
-1.589941
0.419261
0.804742
1.967507
3.374585
5.635011
6.760215
5.800826
3.730250
1.718415
-0.459412
-0.717903
0.133636
1.083007
1.640713
2.705476
4.581335
6.776111
8.084325
7.175124
4.914542
1.804267
-0.292686
-0.900088
-0.291600
0.770144
1.537498
2.898173
5.233142
7.027877
8.004134
6.759284
4.111894
1.493772
-0.381292
-1.611926
-0.826040
0.378343
1.310080
2.156422
4.037969
6.139178
6.774600
6.515296
3.582771
0.625994
-1.251483
-1.981812
-1.015697
0.984355
1.732429
2.635143
4.060715
5.995536
6.504582
6.024955
3.559492
0.986852
-0.925788
-1.341067
-0.747514
0.856664
1.238951
2.046234
4.164815
6.176225
6.927648
5.316691
2.815280
0.355412
-1.302900
-1.889089
-1.511901
-0.196893
1.002789
2.304527
4.217771
6.094230
7.014325
5.768104
3.109973
0.424679
-1.523383
-2.774220
-1.258998
0.075358
1.071633
2.251794
4.285522
6.371057
7.011323
6.398368
3.588310
1.128578
-1.071404
-1.107843
0.263139
1.227525
1.829915
2.782367
4.179488
5.755008
6.713618
5.716758
3.820164
1.316072
-0.847608
-1.255792
-0.496216
0.893682
1.344649
2.578280
4.090528
6.021869
6.730386
5.618527
3.553313
1.103284
-1.422762
-1.890481
-0.441281
-0.072367
0.626775
2.002980
3.560049
5.593375
6.887313
5.685256
3.971828
1.637688
-0.787856
-1.589427
-0.254985
1.585399
2.322618
2.817953
4.635173
7.425946
7.979413
7.148934
4.640351
1.724970
-0.283708
-1.089126
-0.126901
0.665702
1.666895
2.867276
4.835567
7.161811
7.624740
6.812516
4.048330
1.155825
-0.757837
-1.945539
-1.064974
0.156558
1.470181
1.790373
3.957100
6.327815
6.511447
5.981940
4.031260
1.327028
-0.650916
-1.545243
-0.765478
0.471995
1.289327
2.184745
4.314128
5.669555
6.803439
6.199058
3.916461
1.030108
-1.018914
-1.781338
-0.791853
-0.171646
1.162537
2.781182
4.807077
6.480124
7.008452
5.541209
3.233337
0.732980
-1.787847
-2.710219
-2.015382
-0.159434
0.989931
2.204794
3.896281
5.605659
6.391227
4.860862
2.702620
0.746427
-1.808199
-2.707942
-1.458877
-0.657427
0.419015
1.669193
3.414314
5.491027
6.290320
5.207807
2.945164
0.021230
-2.037222
-2.225887
-1.585395
-0.065778
1.084807
1.925027
3.848136
5.797870
6.233760
5.782981
3.698625
0.920818
-1.508636
-1.528598
-0.865376
0.323161
1.300817
2.231158
4.337889
6.253947
6.574035
6.367835
4.132483
1.044410
-1.035987
-1.244025
-0.271524
0.789887
1.267386
2.695170
4.589721
7.183059
7.700967
6.375247
4.036401
1.165476
-0.733614
-1.592610
-0.141323
1.244990
1.406196
2.076847
4.211397
5.865932
7.046712
5.938312
3.008391
0.399898
-1.337585
-1.854977
-1.157392
0.174508
0.663118
2.038271
4.066627
6.061778
6.789327
5.774741
3.780291
1.102736
-1.002231
-1.627424
-1.044433
0.302220
0.568479
1.940520
3.724556
6.379785
6.600631
5.816936
3.375401
0.804827
-1.099762
-1.809604
-0.940693
0.619199
1.380144
2.563055
5.078773
6.833776
6.830215
5.858291
3.910893
1.146147
-0.517365
-1.051875
-0.689635
0.308391
0.678995
1.879544
4.164272
6.007419
6.802955
5.909308
3.967270
1.496948
-0.673613
-1.081674
-0.286418
0.711055
1.256068
2.343819
4.737549
7.079757
7.256595
5.815099
3.763924
1.360952
-1.036737
-1.597317
-1.436757
0.108054
0.841464
2.116184
4.123207
5.978215
6.666400
5.780997
3.773645
1.790851
-0.915433
-1.673734
-0.407452
0.545741
1.377123
1.910410
4.144307
6.737556
7.530757
6.750525
4.516675
1.936139
-0.093296
-0.679741
-0.310761
0.592149
1.543469
2.428211
4.569878
6.812213
7.622325
6.896888
4.371899
1.333120
-0.148998
-1.122623
-0.740440
0.380349
1.296212
2.666190
4.935378
6.598407
7.025567
6.059001
4.138506
1.476630
-0.660311
-1.185672
-0.433113
0.245408
1.219565
2.119794
4.505172
6.081466
7.103480
6.199985
3.282444
1.008500
-1.068218
-2.062710
-1.361805
0.163232
0.757425
2.563064
4.366139
6.975089
7.363551
6.658952
4.382897
1.748422
-0.355806
-1.220689
-0.497290
0.800738
1.649306
2.851799
5.021075
7.136184
7.607659
6.230731
4.579535
1.378707
-0.421867
-1.055909
-0.527182
0.640069
1.443896
2.502913
4.585017
6.175273
6.642417
6.053319
3.612864
0.684079
-1.317898
-1.879737
-0.679355
0.748387
0.709772
1.992376
3.671392
5.694800
6.569354
5.556731
3.149083
0.273469
-1.667592
-2.451985
-1.070190
-0.013652
0.579149
2.066172
3.700217
5.664067
6.285056
5.862853
3.638047
0.867250
-1.370429
-1.922559
-0.642327
0.850440
0.865124
1.628847
3.722479
5.948928
6.471068
5.584771
3.248220
0.185648
-1.714018
-2.305605
-1.239716
0.240954
1.281837
2.175921
3.438516
5.445132
5.700835
5.298200
3.134012
0.413131
-2.026162
-2.372228
-1.325020
0.605239
0.884195
1.785525
3.244452
5.311522
5.899463
5.056241
3.063268
0.991702
-1.396207
-1.998219
-1.457845
0.330100
1.452461
2.746431
4.288543
6.348994
7.428077
6.108872
3.909591
1.374081
-1.001130
-1.527944
-0.823986
0.260865
1.441975
2.325167
4.266626
6.596086
6.699338
5.632361
3.825961
1.112572
-1.169792
-1.904932
-0.773251
0.824607
1.150261
2.108850
4.671098
6.533591
6.975982
5.637233
3.731138
1.376209
-0.992345
-1.852908
-1.018178
0.762750
1.008175
2.442403
4.240509
6.628375
7.608291
6.914008
4.680095
1.905204
-0.417225
-1.311802
-0.141137
0.930959
1.351192
2.847444
5.169209
6.907199
8.614436
7.115327
4.467098
1.095840
-1.120017
-1.849190
-1.261375
0.293990
1.108104
2.036737
4.437372
6.573714
7.394210
6.875741
4.185972
1.327622
-0.909604
-1.991282
-1.276651
-0.090777
0.252600
1.623929
4.044775
6.165927
6.875522
6.167911
3.805833
0.963705
-0.600409
-1.065349
-0.703176
0.646733
1.664749
2.802944
4.482744
5.815318
6.406131
5.673556
3.664931
1.049356
-0.935202
-1.073350
-0.497164
0.935010
1.249963
2.520945
3.891879
5.918200
6.335074
5.572539
3.032127
0.023755
-1.905025
-2.310401
-1.382707
-0.328673
1.156158
1.995038
3.775167
5.468657
5.693442
5.010003
2.663455
-0.124050
-2.272188
-3.160677
-2.175419
-0.719456
0.434192
1.390378
3.160913
4.982059
6.287337
4.824813
3.367328
0.379606
-1.304386
-1.761000
-1.194269
0.070157
0.514003
1.837869
3.725105
5.574691
6.321929
5.112248
3.093357
0.793465
-1.038125
-1.841594
-1.084391
-0.068244
0.923368
1.724987
3.646002
5.593448
6.125407
5.236567
3.012607
0.577776
-1.692822
-2.444405
-1.380829
-0.076454
1.112049
2.167092
4.026618
6.412078
7.365069
6.440070
4.196321
1.415085
-0.506683
-0.658842
-0.131146
0.352426
1.210415
2.454639
4.598128
6.739350
7.356723
5.934873
4.175399
1.701295
-0.594148
-1.324106
-0.753038
0.015384
1.256528
2.482914
4.411165
6.582953
7.414641
6.600541
3.488453
1.075070
-1.380156
-1.904266
-0.432843
0.733525
0.793033
2.076346
4.416623
6.518668
7.324252
6.046561
3.325738
0.517006
-1.326230
-1.551215
-0.670126
0.418075
1.136418
2.324639
4.272295
6.174218
6.357902
5.147262
2.794597
0.443235
-1.736252
-2.446937
-1.609442
-0.558452
0.472935
1.487617
3.543777
5.630574
6.099925
5.781810
3.823637
1.502007
-0.795166
-1.405787
-0.811120
0.570117
1.248789
2.215420
4.561783
6.161725
7.051841
5.339086
3.267921
0.458991
-1.264085
-1.929090
-1.229632
0.374722
1.283667
2.400400
3.839388
5.587188
6.388564
5.394092
3.280961
0.499334
-1.238052
-1.983181
-1.339880
-0.299143
0.460779
1.507268
3.368572
5.780715
6.376605
5.389567
3.108874
0.294309
-2.425384
-2.950841
-1.626205
-0.557857
0.805373
2.019138
3.977687
6.203998
6.873496
6.385207
3.950497
1.328496
-0.793903
-1.349645
-0.695901
0.424031
1.338238
2.183534
4.276852
7.057773
7.454616
6.385486
4.001126
1.230212
-0.906216
-1.965371
-1.011717
0.824790
1.554269
2.651321
4.896022
6.383845
7.669044
6.636287
4.213058
1.337701
-0.336990
-1.123098
-0.998560
0.308461
1.344054
3.001680
5.205907
7.493344
8.911979
7.384820
4.229461
1.047667
-0.978720
-2.103327
-0.895102
0.727859
1.501563
2.514019
4.239119
6.006057
7.285884
6.387393
3.970032
1.409876
-1.058077
-1.388803
-0.829635
0.471944
0.856998
2.701192
4.486825
6.717368
7.457236
6.330707
4.176309
1.259298
-0.866430
-1.847130
-1.228518
0.416472
1.036681
2.149327
3.936646
6.301444
7.315187
5.667266
3.512767
1.402739
-0.794825
-1.549758
-1.235202
0.245870
1.126247
2.327511
4.238148
5.947547
6.386210
5.236716
2.743077
0.738652
-0.816743
-1.158615
-0.837714
0.582484
1.102269
1.996004
3.834201
5.550698
6.205169
5.453074
3.083789
0.720308
-0.732854
-1.877418
-0.813067
-0.227295
0.617412
2.196992
4.102815
6.096280
6.420104
5.248469
3.189761
0.703238
-1.539338
-2.322279
-1.054786
0.452479
1.270161
2.234203
4.288349
6.281436
6.509179
5.582908
3.383683
0.748767
-1.227053
-1.936861
-0.601110
0.345717
1.142261
2.098180
4.307088
6.109279
6.753459
6.127292
3.932721
0.893671
-0.699457
-1.663788
-1.711255
0.046469
0.276677
1.972425
4.563272
6.515771
6.656627
5.763797
3.857764
1.178297
-0.957475
-1.563393
-1.305305
-0.098264
0.663874
2.138713
3.935240
6.021581
6.603768
5.705560
3.711951
0.576657
-1.560795
-1.968458
-1.472817
0.040946
1.350591
1.762513
3.801532
6.017566
6.838859
5.904826
3.629656
1.026978
-0.973824
-1.384419
-0.821125
0.628081
1.058438
1.874764
4.248258
6.482154
6.961555
6.410155
3.890895
1.198562
-0.916488
-1.718987
-0.912687
0.470834
1.632781
2.611894
4.395707
6.371110
7.303864
5.859527
3.496037
1.063146
-0.990825
-2.204834
-1.467266
0.175572
1.881465
2.957641
4.353131
6.275687
6.750653
5.436065
2.981726
0.424576
-1.537096
-2.114059
-1.496798
-0.187788
0.489079
1.397413
3.331135
5.772891
6.646373
5.096398
3.273604
0.573853
-1.730346
-2.236065
-1.411162
-0.243492
1.322159
2.217455
3.859261
6.163238
7.177337
6.271247
3.984987
1.689130
-0.609379
-0.775898
-0.095822
0.436847
0.721398
2.398701
4.612962
6.560336
7.170033
6.666255
4.502537
1.697347
-0.755829
-1.403918
-0.346850
1.103534
1.454118
2.229421
4.616910
6.951728
7.408320
6.173007
3.745626
0.823380
-0.840684
-1.199668
-0.649233
0.491847
1.492345
2.562415
4.619489
6.838347
6.711459
6.340011
3.882622
1.065873
-1.406220
-2.088672
-1.306723
0.482934
1.215509
1.818624
4.005315
6.859897
7.268031
5.708282
3.656484
1.137634
-1.090747
-1.441996
-0.754660
0.225030
0.671028
2.480816
4.488249
5.959655
6.652446
5.199050
3.397828
0.705102
-1.373084
-2.258334
-1.630649
0.317744
0.749650
1.692244
3.818628
6.202746
6.701442
5.659741
3.725952
1.575407
-0.327413
-1.077572
-0.843764
0.433167
1.651895
2.358197
4.316535
5.908219
6.671660
6.002299
3.325113
0.691166
-1.477306
-1.952388
-0.856940
0.473861
1.446200
2.325486
4.048366
6.070880
6.695193
5.994498
3.536254
1.377693
-0.075923
-0.972268
-0.149439
0.610343
1.338067
2.202899
4.073441
6.061700
7.074080
5.800529
3.843721
0.670168
-1.077024
-2.169180
-1.615561
-0.028936
1.062077
1.719130
3.674392
5.943158
6.664107
5.744208
3.583930
0.930614
-1.385283
-2.383205
-1.512518
0.057191
0.378332
1.876284
3.495214
5.612765
7.466887
6.401082
3.927648
0.932826
-1.548928
-1.868070
-1.041459
0.178540
0.765877
2.081782
3.775699
6.201278
6.649833
5.774957
3.436302
0.832276
-1.186105
-2.163252
-1.488678
-0.425741
1.049894
2.339030
4.199671
6.136329
6.413344
5.343711
3.861494
1.216578
-0.885777
-1.322300
-0.650440
0.033808
0.900450
2.459571
4.504013
6.118487
6.244184
4.846349
3.212178
0.413836
-1.681792
-2.166438
-1.320859
-0.070031
1.126207
2.117022
4.256989
6.517428
6.622512
5.260581
3.149111
0.426907
-1.694080
-2.545238
-1.241994
0.376519
1.292884
2.157269
4.293692
6.243819
7.239224
5.949748
3.295570
0.822445
-0.945677
-1.498679
-0.699271
0.464580
1.025159
2.203474
4.445265
6.031486
6.438050
5.946906
3.598378
0.718917
-1.493369
-1.942368
-1.463901
-0.023654
0.783363
1.856305
3.912837
5.888637
7.139335
5.217389
2.927911
0.453565
-1.463608
-2.030391
-1.193556
0.155466
0.974465
2.070307
3.495380
5.273021
6.546687
5.769588
3.012969
1.209370
-1.046432
-1.723969
-1.373900
-0.156021
0.967947
2.339450
4.266547
6.184054
