6.248431
4.792289
2.363916
-0.387683
-2.334556
-2.572802
-2.048143
-1.134623
-0.242603
1.321817
3.030925
4.874057
5.824687
4.380079
2.136238
-0.529742
-2.576407
-3.443702
-2.605200
-0.913228
0.203988
1.170929
3.647225
5.499707
6.437551
4.898913
2.792507
0.187621
-2.269569
-2.721167
-2.894808
-1.444363
0.047960
1.479392
3.922129
5.759311
6.255536
5.171334
3.039000
0.721272
-1.627522
-2.650889
-2.446723
-1.110972
0.148969
1.846474
3.762877
5.411822
6.261642
5.974858
3.190320
0.528518
-1.224868
-1.714018
-0.620661
0.369767
1.006096
1.708382
3.765610
5.559375
6.516402
5.444278
2.775322
0.097755
-2.297762
-2.991704
-2.739319
-1.188019
-0.103819
1.286782
3.487503
5.326312
6.192061
5.066146
3.091788
0.654254
-1.803346
-2.769795
-1.595840
-0.831144
0.162117
1.824872
3.861758
5.444083
5.937890
5.572186
3.019306
0.245385
-1.707452
-2.588755
-2.098850
-0.660447
-0.015435
1.479719
3.600010
5.430024
6.371957
5.062209
2.308292
-0.508075
-2.712952
-3.218502
-2.460498
-1.061806
0.052135
1.764756
3.253359
5.635898
6.538348
4.624717
2.508000
-0.353941
-2.721789
-3.341843
-1.862310
-0.847106
0.181444
0.958834
2.789254
5.689136
6.392131
5.232158
2.751244
0.320226
-1.495856
-2.750043
-2.186419
-0.251030
0.327644
1.279127
3.190711
5.452907
6.554721
5.096622
2.841218
0.390034
-2.313399
-3.250753
-2.292322
-0.735703
-0.130751
0.934713
3.340110
5.493163
6.289227
5.815043
3.170525
0.243800
-1.722443
-2.341475
-1.039186
0.364049
0.826748
1.886600
3.894403
5.751502
6.744987
5.988105
3.325562
-0.009933
-1.995143
-2.772847
-2.234995
-0.829560
0.067209
1.553864
3.704329
5.940936
6.316226
5.336900
2.943969
0.485661
-2.003403
-3.133307
-1.731612
-0.206911
0.118938
1.454665
3.486953
5.697793
6.033071
4.853892
2.875257
-0.014211
-2.199027
-2.977066
-1.753378
-0.483315
0.487769
1.103638
3.189789
5.091979
6.455729
4.784776
2.617052
-0.260309
-2.452537
-2.958777
-1.431100
-0.500998
0.410031
1.437345
3.560796
4.927028
6.229270
5.313861
2.810191
0.040536
-1.688140
-2.361536
-1.410689
-0.025925
0.625318
2.266837
4.380724
5.536410
5.972178
4.396135
2.001735
-0.947682
-2.481375
-3.408775
-2.359320
-0.677098
0.816384
1.465607
3.045077
5.224940
5.654906
4.748822
2.891345
0.125044
-2.149057
-2.815126
-1.849195
-0.920077
0.328742
1.530727
3.289672
5.375083
5.930835
4.861465
2.655239
-0.288901
-2.378162
-2.859714
-2.123709
-0.741556
0.351535
1.091768
3.129044
5.087970
5.433921
4.523726
2.010932
-0.233677
-2.259084
-2.454635
-1.482047
-0.636242
0.338120
1.311593
3.889026
5.675374
5.922912
4.962783
2.974706
0.081367
-1.892681
-2.612477
-1.545705
0.083127
0.111157
1.437181
3.624238
5.331420
6.177550
4.592334
2.167210
-0.791455
-2.253801
-3.198001
-2.395244
-0.802137
0.304408
1.041401
2.833996
4.922362
6.070354
5.092654
2.811945
0.490309
-1.230345
-2.838588
-2.277400
-0.832832
0.225365
1.158167
3.704788
5.548266
5.856097
4.175591
1.735295
-0.636040
-3.139251
-3.214738
-2.501164
-1.027411
0.415129
1.588042
2.657368
3.843114
5.288413
4.317720
2.378896
0.034691
-2.278955
-2.880495
-2.097384
-0.570032
0.432229
1.259272
2.933162
4.911155
5.630605
4.713302
3.120336
0.331215
-1.868159
-2.538701
-1.770446
-0.557892
-0.110605
1.036260
3.194760
5.516665
6.216777
4.904590
2.301979
-0.215240
-2.221753
-3.445736
-2.719658
-1.321136
-0.297321
1.106432
3.189422
5.083812
5.472480
4.171340
2.118720
-0.696710
-3.166634
-3.191584
-1.977243
-0.906430
-0.072996
0.948437
2.666071
4.500449
5.462600
4.333394
2.081797
-0.666265
-2.975918
-3.051262
-2.176524
-1.857665
-0.535007
0.407367
2.428597
4.627252
5.225060
3.697351
1.860064
-1.225926
-2.901994
-3.903205
-3.420351
-1.417845
0.098257
1.145956
3.133696
4.838832
5.693406
3.801425
1.483629
-0.978100
-3.167198
-3.867428
-3.232944
-1.396992
-0.018778
0.701189
2.328212
4.588000
4.766250
3.828318
2.038960
-0.701378
-2.518044
-3.726775
-3.098329
-1.571481
-0.186049
0.971316
2.307105
4.199815
5.252654
4.086940
1.652391
-0.934341
-3.460410
-4.357338
-3.255182
-1.952394
-0.673991
0.498841
2.370485
4.734801
5.221896
3.547812
1.611397
-0.941412
-2.694388
-3.206409
-2.455947
-0.951305
-0.428053
0.842503
2.859262
5.217128
5.857400
4.135259
1.980934
-1.170842
-2.927338
-3.603958
-2.574228
-1.145595
-0.451611
0.878546
2.748301
4.736632
4.723805
3.657981
1.830437
-0.638889
-3.039802
-3.871459
-2.812635
-2.011542
-1.160718
-0.350764
2.117248
4.268642
5.524734
3.622744
1.487206
-1.026926
-2.867275
-3.728470
-3.004575
-1.330779
-0.588046
0.296163
2.109604
3.764875
5.144809
4.231335
2.080654
-0.648258
-2.490171
-2.952222
-1.831453
-1.106006
0.099976
1.228387
2.458342
4.622886
5.562087
4.094843
1.932683
-1.030205
-3.318333
-3.975848
-2.277163
-1.430367
-0.310035
0.557139
2.275348
4.055783
5.445430
4.082767
1.256961
-1.331279
-3.556820
-4.632652
-3.951206
-2.198059
-0.883720
0.090272
2.152279
3.624477
4.399213
3.018711
1.153354
-1.139401
-3.408661
-3.411894
-2.592368
-1.753398
-0.638611
0.047541
2.024557
3.850436
4.254121
3.148722
1.444048
-0.931043
-2.893771
-3.840246
-2.896035
-1.751758
-0.135476
0.273091
1.819772
4.126450
5.160842
4.244740
1.926263
-0.736576
-2.725033
-2.798463
-2.467093
-1.262648
-0.285553
1.186238
2.820236
4.625079
5.298919
3.997348
1.684828
-0.934003
-2.734639
-3.588207
-2.639177
-0.614982
0.187834
0.626837
2.365823
4.001462
4.981917
3.993115
1.841844
-0.889958
-2.631969
-3.770398
-3.064669
-1.702889
-0.944154
0.324609
2.050278
4.133656
4.839057
3.855003
1.143815
-1.330972
-3.570670
-3.814928
-2.238642
-1.487633
-0.552641
1.111388
2.513823
3.756887
4.511415
3.883274
1.459847
-1.389773
-3.090192
-4.186386
-3.505231
-2.167783
-0.882613
0.362926
1.990043
3.648215
4.289412
3.756855
1.987548
-0.692112
-3.011257
-3.984166
-2.417973
-1.146791
-0.034192
1.113678
2.665820
4.349549
4.376870
3.193479
1.146212
-1.458796
-3.557595
-3.908065
-3.170309
-1.762090
-0.845375
0.075219
2.221934
3.590496
4.033819
3.182460
1.189849
-1.487515
-3.075453
-3.953030
-2.798855
-1.393117
-0.692758
0.132301
1.308668
3.353078
4.034366
3.512718
1.042201
-1.554484
-3.992519
-3.991876
-3.322754
-1.714828
-0.858891
0.024389
2.105408
4.333556
4.767835
3.841291
1.193463
-1.521361
-3.256745
-3.726478
-2.876292
-1.497955
-1.015594
0.157588
2.340712
4.055630
4.173835
3.568956
1.392004
-1.739499
-3.864315
-4.509877
-3.836305
-2.043196
-1.272906
-0.076215
2.045475
3.772450
3.660602
2.712279
0.561154
-1.949777
-4.011270
-4.667374
-3.591942
-1.656923
-0.374490
0.437617
1.632011
3.422521
3.839293
2.851727
1.019598
-1.460635
-3.329047
-3.195640
-2.004172
-0.791915
-0.256688
0.354111
2.027596
3.738079
4.566595
3.745899
1.143788
-1.821180
-3.504562
-3.996540
-3.229385
-1.237271
-0.450900
0.466836
2.301580
4.108492
4.891839
3.551338
1.132065
-1.449895
-2.862290
-3.215488
-1.980437
-0.694957
0.110173
0.273776
1.589025
3.081011
3.913328
3.515243
0.866734
-1.543264
-3.220555
-3.669656
-2.549980
-0.927674
-0.965223
0.021182
1.730567
3.079319
4.334685
3.868458
1.648085
-0.800385
-2.842018
-3.256748
-2.299035
-1.066640
-0.167484
1.001586
2.170287
3.656719
4.675399
3.359122
1.314401
-1.796727
-3.535589
-3.805784
-3.662181
-2.118505
-0.990355
-0.212814
1.531772
2.871856
3.344433
2.121696
0.143996
-2.179747
-4.139150
-5.328188
-3.854356
-1.791877
-0.309138
0.181389
1.505845
2.972888
3.375755
2.330653
0.337090
-2.061158
-3.706765
-4.381413
-3.340807
-2.248731
-1.689192
-0.403887
1.294493
2.817977
3.913192
3.487156
1.615301
-0.789209
-3.136002
-3.705345
-2.565646
-1.295098
-0.068617
1.522099
2.334839
3.763046
4.547400
3.319482
1.386629
-1.500698
-3.528111
-3.722743
-2.619339
-1.328866
-0.526084
0.462716
1.800855
4.113956
4.773107
3.532200
0.823238
-2.100474
-4.262444
-5.180832
-4.100625
-2.139884
-0.984173
-0.150898
1.301065
3.166337
4.072907
3.028852
0.823463
-1.086374
-3.050871
-3.527699
-2.304172
-1.152495
-0.226104
0.177684
1.413355
3.597309
4.245490
2.753447
0.807325
-1.822940
-3.371176
-3.765383
-3.771678
-2.346488
-1.278646
-0.233583
1.105874
2.554692
3.334558
2.292392
0.782331
-1.648152
-3.784007
-4.090712
-3.465054
-1.994675
-1.057167
-0.157623
1.381716
3.029114
3.791658
2.857265
0.571319
-2.230974
-4.202724
-4.630120
-3.385365
-1.822839
-0.447166
0.071910
1.423424
2.663533
3.591971
2.109261
0.367942
-2.324617
-4.697728
-5.329490
-4.354768
-2.292441
-1.301048
0.075725
1.471810
2.900405
3.775306
3.095174
0.850332
-1.332026
-3.047338
-3.647205
-2.637205
-1.275073
-0.638787
0.367620
1.931304
3.079164
4.008450
3.153000
1.566129
-1.280753
-3.400896
-4.430101
-3.469322
-2.127669
-1.371628
-0.034146
2.027040
4.039272
4.430292
3.405906
1.214958
-1.477914
-3.513036
-4.269270
-2.928944
-1.704837
-1.094132
-0.152493
1.324046
2.889819
4.066706
3.660276
0.955092
-1.296956
-3.245114
-3.833196
-2.941451
-1.158416
-0.150651
0.261391
2.089976
3.521173
3.723353
3.271147
1.275099
-1.585012
-4.144450
-4.706757
-3.787575
-1.862281
-0.932854
-0.086522
1.444375
3.172745
3.698722
2.799409
0.953665
-2.070421
-3.978460
-4.389171
-3.738080
-2.111821
-1.356656
-0.689283
0.742523
2.828912
3.735718
3.377015
1.040957
-1.555046
-3.504153
-4.588083
-3.713917
-1.849704
-0.800515
-0.162778
1.070922
2.943139
3.566312
3.047008
0.593476
-1.905287
-3.710009
-4.604224
-3.443144
-1.854712
-0.626029
0.162992
1.315293
2.579543
3.371766
2.365470
0.298335
-2.171659
-4.428129
-5.232169
-4.830246
-3.215958
-1.588308
-0.792141
0.699966
2.274396
3.153870
2.990436
0.461938
-2.115320
-3.528091
-3.761949
-2.838804
-1.476258
-0.736436
-0.023687
1.496639
2.174125
3.191383
2.204732
-0.008178
-2.422136
-4.391274
-4.172109
-3.081260
-1.697196
-0.967251
-0.146260
1.372950
2.524031
3.127958
2.459414
0.479902
-2.426970
-4.356382
-5.418588
-4.204896
-2.064542
-1.088573
-0.123129
1.141147
2.087096
3.096167
2.730303
0.018439
-2.837579
-4.494203
-4.847571
-3.601125
-2.628396
-1.320786
-0.283999
1.357292
2.431651
3.321856
2.918515
0.256583
-2.423470
-4.495366
-5.249936
-4.446989
-3.450654
-1.884392
-0.711658
0.810462
1.786493
2.427967
1.803633
-0.653740
-3.073510
-4.564548
-4.989836
-4.073559
-2.562865
-1.267729
-0.541696
1.150285
2.900666
3.189926
2.286103
0.414804
-2.267288
-4.738588
-5.233068
-4.153789
-1.765307
-0.736791
-0.457682
0.890456
2.485808
3.211077
2.027003
0.057775
-2.696229
-4.749557
-5.196528
-4.019985
-2.024255
-0.816966
0.081453
0.596031
1.844822
2.752223
1.851462
-0.398335
-2.767073
-5.083195
-5.274858
-3.944637
-2.711450
-1.642263
-0.907931
0.439998
1.465227
2.342711
2.244008
-0.197393
-1.945897
-3.747121
-4.641516
-3.695827
-1.914353
-0.859281
-0.730352
0.849532
2.475384
3.246264
2.858294
0.498015
-1.716965
-3.425508
-4.374019
-3.268312
-1.505651
-0.168191
0.197247
1.563277
2.789666
3.090942
2.582682
0.414082
-2.011384
-3.870275
-3.535446
-2.731138
-1.456294
-0.575913
0.059855
1.388369
2.769626
2.929542
2.204077
-0.209352
-2.740090
-4.616779
-4.577152
-3.774932
-1.933911
-1.293859
-0.174931
0.703483
2.357335
2.533972
1.856661
-0.166859
-3.016427
-5.041798
-5.220615
-4.172540
-2.473361
-1.375720
-0.566575
0.145197
1.532130
2.346168
1.536646
-0.532488
-3.023621
-5.281653
-5.599968
-4.218280
-3.034822
-1.544590
-0.782825
-0.093846
1.148682
1.384583
0.594186
-1.690543
-3.642842
-5.540045
-6.147902
-4.962075
-3.585011
-2.491138
-1.738080
-0.131409
1.466241
2.038934
1.549890
-0.300254
-2.732057
-4.723249
-4.823461
-3.214326
-1.967555
-0.954137
-0.421663
0.582967
1.962635
2.504944
1.737307
-0.615933
-3.198365
-5.247767
-5.345067
-4.440595
-2.642114
-1.339025
-0.592443
0.833476
2.286366
2.997564
2.317357
0.343144
-2.362131
-4.157382
-4.663850
-3.596089
-1.740533
-0.735192
0.300828
1.098557
2.574405
2.873019
1.889520
-0.085575
-2.122637
-4.060095
-4.215883
-3.129491
-1.661569
-0.566154
-0.145358
0.800931
2.461329
3.029801
1.895999
-0.096846
-2.791736
-4.479642
-4.285508
-3.188251
-1.469073
-0.052323
-0.451543
0.527692
1.678925
2.071128
1.556802
-0.639543
-2.799837
-4.770155
-5.144954
-4.436087
-2.616752
-1.730964
-0.687501
0.945998
2.286156
2.787815
1.825242
-0.203555
-2.460173
-4.119169
-4.348992
-3.637996
-1.811545
-1.130004
-0.174580
1.261055
2.159452
1.983183
1.090368
-0.562549
-3.039050
-4.938093
-5.244481
-3.555039
-1.507506
-0.846850
-0.367159
0.632502
1.743908
1.901650
1.155089
-0.352294
-2.644129
-4.295817
-5.042088
-4.212839
-2.520139
-1.289805
-0.781123
0.915834
2.149878
2.666111
1.844286
-0.292780
-2.804235
-4.618723
-4.814615
-3.991149
-2.170379
-0.685586
-0.750406
0.823994
2.116917
2.685055
1.260649
-0.123466
-2.634329
-4.588242
-4.362978
-3.573693
-1.904218
-0.943370
-0.633076
0.463991
1.669456
1.751111
0.661705
-0.783696
-3.017200
-4.922231
-5.051746
-4.116409
-2.728166
-1.400640
-0.748093
0.095253
1.342599
1.935055
1.029674
-0.486844
-2.573871
-3.994658
-4.384851
-4.053665
-1.901340
-0.753818
-0.158847
0.860204
2.322232
2.547028
1.517493
-0.550721
-3.142262
-5.010672
-5.187755
-3.689046
-1.373103
-0.790196
-0.075138
1.069166
2.179492
2.219319
1.135218
-0.681261
-3.330642
-5.362659
-5.433414
-3.938247
-2.421044
-1.312507
-0.141107
0.242656
1.186516
1.304893
0.717531
-1.571996
-3.820096
-5.550867
-6.382476
-4.732140
-2.939849
-2.384196
-1.910833
-0.543222
0.901204
1.298253
0.348462
-1.235384
-3.656853
-5.029332
-4.797154
-3.958385
-1.707341
-0.855256
-0.953027
0.268628
1.622105
1.695318
0.637644
-1.131302
-3.078717
-4.642001
-5.156307
-4.592471
-2.600688
-1.121083
-0.716259
0.373551
1.879127
1.779340
1.119672
-0.899429
-3.331547
-5.427322
-5.709411
-4.169151
-2.424455
-1.023641
-0.212485
0.867416
1.999104
2.575196
1.075785
-0.902848
-3.575983
-5.156721
-5.526272
-4.321153
-1.969085
-1.489333
-0.894308
0.065661
1.132961
1.391744
0.788905
-0.842078
-3.386434
-5.897825
-6.137814
-4.764331
-3.329276
-1.852612
-1.344018
-0.099352
1.394320
1.625459
0.087061
-1.968836
-4.264320
-5.612208
-5.629865
-4.178605
-2.056968
-0.524531
-0.693420
-0.027893
0.879228
1.233547
0.641882
-1.312563
-4.015529
-5.534489
-5.639064
-4.834733
-3.107045
-1.707927
-0.884625
-0.061313
0.703454
0.851929
-0.213447
-1.770388
-3.989319
-5.519452
-6.040936
-4.989384
-3.089011
-1.333703
-1.177311
-0.004926
1.104044
1.659060
0.144876
-2.121081
-4.504913
-6.486633
-6.281736
-4.783408
-2.559154
-1.604720
-1.591560
-0.503472
0.821245
0.915133
-0.367753
-2.340378
-4.239057
-6.724132
-7.017597
-5.173547
-3.101874
-1.852546
-1.128392
0.228816
1.149463
1.189561
-0.188204
-1.979371
-4.058883
-5.901420
-6.787816
-6.187972
-3.782939
-2.361930
-2.269709
-1.118707
-0.025352
0.304006
-0.831873
-2.457428
-4.641603
-6.179448
-6.399897
-5.014385
-2.480947
-1.608197
-1.348540
-0.391643
0.210388
0.279405
-0.458893
-2.343653
-4.526601
-5.902136
-6.305569
-5.280909
-3.307788
-1.892013
-1.179589
0.015928
1.470483
1.523248
0.384035
-1.954505
-4.203958
-5.495502
-5.753360
-4.661361
-2.693093
-2.083936
-1.278137
0.123495
1.258841
0.672995
0.212096
-2.166435
-4.552294
-5.573563
-5.516214
-4.912803
-2.834214
-1.699199
-1.149456
-0.538879
0.298219
0.817881
0.184476
-1.656779
-3.940655
-5.025794
-4.967204
-3.443889
-1.671098
-1.002429
-0.227789
0.470344
0.801426
1.201925
0.035303
-1.664660
-4.048413
-5.453802
-5.489906
-4.231143
-1.847844
-0.535554
-0.615448
0.683714
1.740323
1.780538
0.149387
-2.255308
-4.638209
-6.163692
-5.938346
-4.032689
-2.359145
-1.133750
-1.017138
-0.037088
0.702744
1.383941
0.305306
-2.126306
-4.240037
-5.475760
-5.866785
-5.475162
-4.089190
-2.534747
-1.829385
-0.869181
0.676117
0.362948
-0.492661
-2.264272
-3.996240
-5.834042
-6.302882
-4.783597
-3.503118
-2.227817
-1.189253
0.188696
1.493532
1.687489
0.212592
-1.929306
-4.684048
-6.160384
-6.156866
-5.635392
-3.336547
-2.200515
-1.682667
-0.519485
0.724045
0.957702
0.041723
-1.734780
-4.211387
-5.981310
-6.160981
-4.987597
-3.068896
-1.579074
-1.149082
-0.078326
0.201385
0.812775
0.079905
-1.937116
-4.535602
-6.588757
-6.875116
-5.384796
-3.448102
-2.337806
-1.896929
-0.636642
0.500736
0.860809
-0.435266
-2.197886
-3.880262
-5.323170
-4.814207
-3.586013
-2.040019
-0.954421
-0.908208
0.280936
0.892013
1.268435
0.019821
-1.990318
-3.863091
-5.916903
-6.276078
-5.132524
-3.321788
-1.909158
-1.496411
-0.218106
0.706001
1.050799
-0.155939
-2.207938
-4.698459
-6.297838
-6.278530
-4.550891
-3.077043
-1.434360
-0.857464
-0.641820
0.235129
0.381616
-0.881171
-3.033816
-4.960934
-6.375479
-6.709522
-5.637217
-4.067492
-2.356269
-1.661991
-0.810610
0.359662
0.475523
-0.832932
-2.660935
-4.568295
-5.892897
-5.692090
-4.898301
-3.299146
-2.829621
-2.255489
-1.033936
0.664877
0.492075
-0.557747
-2.652452
-5.319981
-6.618784
-6.451177
-5.676044
-3.510324
-2.490352
-1.628943
-0.690892
0.627697
0.547980
-1.024947
-2.876086
-5.046204
-6.942224
-7.557031
-5.829916
-3.350028
-2.596734
-1.702774
-0.858251
0.316365
0.260591
-0.753345
-2.733033
-4.979179
-6.413878
-7.063021
-5.313223
-3.538285
-1.854571
-1.358813
-0.743434
-0.002865
0.116522
-0.732783
-2.947101
-5.352365
-6.827583
-6.895203
-5.766813
-3.488853
-2.321328
-1.857909
-1.427127
-0.122347
0.463083
-0.815893
-2.636930
-5.071846
-6.900078
-7.256314
-4.964776
-3.148135
-1.912160
-1.027472
-0.644773
0.543833
-0.031149
-0.596857
-2.975102
-5.223942
-6.801528
-7.304394
-6.048522
-3.784293
-2.504634
-1.554453
-0.429862
0.268779
0.237681
-0.844998
-3.222101
-5.627616
-7.257188
-7.113585
-5.929284
-3.700496
-3.150907
-2.171216
-0.986032
0.078933
0.222338
-0.650949
-2.400458
-5.082497
-6.669323
-6.486465
-5.204889
-3.692098
-2.258031
-2.133714
-0.997134
0.006366
0.454863
-0.618018
-3.200896
-5.570120
-6.971660
-7.417735
-5.654881
-4.235364
-2.235208
-1.662086
-0.714533
0.226134
0.226616
-0.854252
-3.019233
-5.119972
-6.451713
-7.057149
-5.429805
-3.596776
-2.243333
-1.738790
-0.399473
0.488617
0.191025
-0.877435
-2.697420
-4.816795
-6.595409
-6.990373
-5.627893
-3.245891
-2.426465
-1.691877
-1.010749
-0.151652
-0.245525
-1.367831
-3.326668
-5.142282
-6.797861
-6.784158
-5.783145
-4.086244
-2.541009
-2.052053
-0.595317
0.486524
0.523475
-0.943265
-2.946938
-4.957451
-6.770907
-6.675424
-5.698126
-3.991960
-2.455407
-1.773067
-0.926046
0.046186
0.853246
-0.896292
-3.120246
-5.458076
-7.092358
-6.338511
-4.949391
-4.016868
-2.817359
-2.005028
-1.118358
-0.020961
-0.156216
-0.978299
-2.866312
-5.214197
-6.735161
-6.913595
-6.042606
-4.058690
-2.832763
-2.086473
-0.615228
0.347100
0.448433
-0.909143
-3.222221
-5.658809
-7.648689
-7.447587
-6.123014
-4.208964
-2.729852
-1.786992
-1.297780
-0.330722
-0.515505
-1.448611
-3.596578
-5.874052
-7.313824
-7.965611
-6.639048
-4.276479
-3.226145
-2.422448
-1.822729
-0.901916
-0.438145
-1.804486
-3.486697
-5.636139
-7.724975
-8.131501
-6.770254
-4.726007
-2.945730
-2.178112
-1.329943
-0.345631
-0.125071
-1.675382
-3.980957
-6.213083
-7.438659
-7.358823
-6.702849
-4.766494
-3.287698
-2.278633
-1.011319
-0.190277
-0.145711
-0.986938
-3.069432
-5.621446
-6.752735
-7.183353
-5.597769
-4.235072
-3.041635
-1.852710
-0.727307
0.161355
-0.303876
-1.595367
-3.352511
-5.394270
-7.042218
-6.560793
-5.349703
-3.293979
-2.439223
-1.995246
-1.203744
0.059616
-0.018312
-0.726215
-3.150533
-5.786272
-7.730333
-7.594336
-6.201862
-4.219998
-2.250794
-1.792847
-1.167321
-0.397223
0.646123
-0.812314
-2.986322
-5.527771
-7.829410
-8.257756
-6.964606
-4.873290
-3.525834
-2.976069
-0.972492
-0.325283
-0.686633
-1.883702
-3.740534
-6.356511
-8.349597
-7.886512
-6.349387
-4.566604
-3.231873
-2.995623
-1.715186
-1.015943
-0.610384
-1.467293
-3.173944
-5.705569
-7.504595
-7.841309
-6.522787
-4.603045
-3.269221
-1.916750
-0.834177
-0.479424
-0.609153
-1.669743
-3.751673
-5.766134
-7.377640
-7.401343
-5.612103
-4.285222
-3.312603
-2.551143
-1.804250
-0.482004
-0.690302
-1.790983
-3.715508
-5.328698
-6.130595
-6.206821
-6.016936
-4.655201
-2.806307
-2.265774
-0.503613
-0.129042
-0.429005
-1.788043
-3.733933
-5.923913
-7.404521
-7.408034
-6.107557
-4.114450
-3.079053
-2.401829
-1.560601
-0.418705
-0.325965
-1.040492
-3.242869
-5.591856
-7.726204
-7.736155
-6.611007
-4.663280
-3.192484
-2.542941
-1.379667
-0.524581
0.044511
-1.356032
-3.831554
-5.888951
-7.288046
-7.378496
-6.129786
-4.431667
-2.986671
-2.098517
-1.021108
0.063098
0.244838
-0.588988
-2.521518
-4.673290
-6.718916
-6.979891
-5.354493
-2.838595
-1.703631
-1.253411
-0.344380
0.482172
0.237340
-1.177785
-3.085555
-5.305266
-7.146134
-7.412535
-5.934027
-4.057610
-2.574614
-2.150135
-1.443838
-0.299104
0.071987
-0.819620
-3.424758
-5.981246
-7.437323
-7.186049
-6.166080
-4.608732
-3.034873
-2.371367
-1.309835
-0.828792
-0.739807
-1.430373
-3.485194
-5.736789
-7.231997
-6.958214
-5.580915
-3.913873
-2.658017
-2.333542
-1.560264
-0.479215
0.365201
-0.958800
-3.163733
-5.191011
-6.196715
-5.756677
-4.276977
-2.864699
-2.282725
-2.201257
-1.228690
0.190887
0.093129
-1.066751
-2.960433
-5.505321
-7.583310
-7.578482
-5.932280
-4.123288
-3.292374
-2.559128
-1.191818
0.001971
-0.043836
-1.246051
-3.338495
-5.918906
-7.539458
-7.947026
-6.038112
-4.497293
-3.177037
-2.128950
-1.204283
-0.608708
-0.545345
-1.837140
-3.874177
-5.643204
-7.315346
-7.649646
-6.262718
-4.780807
-3.111599
-2.841701
-1.904444
-0.234476
-0.348776
-1.612718
-3.613352
-5.926310
-7.456296
-7.964172
-6.917830
-5.856225
-4.392398
-3.141791
-1.924846
-1.027358
-0.498395
-1.862641
-3.725127
-6.050926
-7.163056
-6.429646
-5.133912
-4.048070
-2.986003
-2.242982
-1.441738
-0.770254
-0.892481
-1.408301
-3.598152
-6.026973
-7.738820
-8.215675
-6.909246
-4.633231
-3.476072
-2.590993
-1.210278
-0.414141
-0.136484
-1.178500
-3.124547
-5.643717
-7.996704
-8.407876
-7.068695
-5.270854
-3.629376
-2.578962
-0.980334
-0.277500
-0.551898
-1.025044
-3.224662
-5.327092
-6.873261
-6.756731
-6.321303
-4.315500
-3.299798
-2.795882
-1.344712
-0.335241
-0.288194
-1.426847
-3.396604
-5.431744
-7.305021
-7.642783
-6.285650
-4.557478
-2.960980
-2.586715
-1.613024
-0.513260
-0.203187
-1.283197
-3.129490
-4.869796
-6.850800
-6.726892
-5.609659
-4.416255
-3.243661
-2.085744
-0.768953
-0.079506
0.402923
-0.578092
-2.632816
-5.248714
-7.575308
-7.549100
-6.314539
-4.788026
-3.428686
-2.562571
-1.290903
-0.602936
-0.093311
-1.273705
-4.085257
-6.303322
-7.791943
-7.305964
-6.248858
-4.381350
-2.873462
-1.987371
-1.219525
-0.556198
-0.737432
-1.624148
-3.442706
-5.695817
-6.673731
-6.559913
-5.612597
-4.465162
-2.505841
-2.070159
-1.223890
-0.172488
-0.000421
-1.074379
-3.455870
-6.204453
-7.615986
-7.835582
-6.822715
-4.502056
-3.855933
-3.232590
-1.882935
-0.752599
-0.434059
-1.435448
-3.035995
-5.809633
-7.734823
-8.421760
-7.201504
-5.553335
-4.025119
-3.189681
-1.691427
-1.298102
-0.948937
-1.617277
-3.922428
-6.343145
-8.114905
-8.513321
-7.040374
-5.486329
-3.861579
-2.692754
-1.469773
-0.171920
0.209809
-0.865933
-3.328078
-5.673773
-7.638836
-8.131912
-6.838328
-4.810402
-3.615641
-1.987390
-1.096128
-0.049584
0.149724
-0.645511
-3.048107
-5.789753
-8.040602
-8.294698
-7.324721
-5.313882
-4.094946
-3.227145
-2.352608
-1.586236
-0.779263
-1.845580
-3.757586
-5.990328
-7.297575
-7.046593
-6.298225
-5.362804
-3.961287
-3.411721
-2.203858
-0.920012
-0.589819
-1.493648
-3.597256
-5.632694
-7.853290
-7.961676
-6.106854
-4.336590
-3.516782
-2.903371
-1.412324
-0.404401
-0.560537
-1.312963
-3.775088
-6.360210
-8.450251
-8.218266
-7.600539
-6.091400
-4.536175
-3.573044
-2.069560
-0.658636
-0.954639
-1.890411
-3.728326
-6.427622
-7.858621
-7.665611
-6.722488
-4.606783
-3.061535
-2.381813
-1.671246
-0.657075
-0.649810
-1.479930
-3.368026
-5.717289
-7.576801
-7.763103
-7.466303
-5.793472
-3.811302
-2.486225
-1.353394
0.104959
0.252828
-0.378171
-2.825969
-5.683170
-7.825838
-7.848339
-6.693607
-5.221954
-4.154789
-2.644217
-1.406856
-0.043912
0.049825
-0.963466
-2.908525
-5.309684
-7.331115
-7.585545
-6.259424
-4.725999
-3.354881
-2.832339
-1.852347
-0.742289
-0.362210
-1.167071
-2.925963
-5.365702
-7.804271
-7.716947
-6.476891
-5.024709
-3.878510
-3.095884
-1.784087
-0.432570
-0.539596
-1.516614
-3.508346
-6.095076
-7.711416
-7.822611
-6.311564
-4.898800
-4.187784
-3.019891
-2.113560
-0.403998
-0.095164
-0.778771
-2.531482
-5.179520
-7.254518
-7.605969
-6.141685
-4.505713
-3.083759
-2.307059
-1.242758
0.021794
0.458093
-0.976101
-2.883636
-5.623540
-7.503246
-8.641060
-7.474126
-5.844130
-4.046456
-3.075889
-1.208742
0.215037
0.357606
-1.138965
-2.933986
-5.937532
-7.543229
-7.997609
-6.335177
-4.851698
-3.703713
-3.211707
-1.780871
-0.502749
0.516698
-1.014392
-3.238925
-5.457723
-7.365603
-8.550838
-7.286842
-5.099494
-3.135077
-3.097958
-1.808587
-0.530046
-0.278644
-1.074632
-3.581766
-5.896687
-7.457555
-7.995048
-7.247342
-5.223278
-4.605301
-3.276087
-1.308931
-0.323529
-0.022114
-0.966132
-3.298032
-5.555234
-7.863093
-8.419023
-7.209559
-5.185822
-3.862959
-3.753077
-1.745540
-0.459086
-0.021605
-0.978133
-2.996852
-5.623624
-7.694579
-7.931664
-7.150887
-5.139683
-3.823925
-2.959916
-1.775232
-0.383336
-0.152896
-1.039542
-3.054341
-5.448499
-7.326428
-8.630836
-7.146894
-5.589213
-4.061146
-2.708083
-1.355787
0.122630
0.028695
-1.390918
-3.091140
-5.785343
-8.232217
-7.974090
-7.141647
-5.534732
-4.291080
-3.339104
-1.876895
-0.630618
0.178271
-0.653909
-3.668203
-5.699411
-7.723643
-8.368568
-7.150855
-5.400894
-4.014865
-3.015104
-1.626506
-0.157759
-0.477189
-1.025794
-2.936988
-5.250107
-6.978967
-7.295711
-6.379673
-4.835601
-3.636823
-2.260444
-0.607599
1.018857
0.665488
-1.077748
-2.859799
-5.805769
-7.761244
-7.871318
-6.156675
-4.919152
-3.871227
-3.047954
-1.442015
0.193891
0.619164
-0.393025
-2.522912
-5.153963
-7.194203
-7.704593
-6.885978
-5.821369
-4.627351
-2.414095
-1.363909
-0.423764
-0.110688
-1.245309
-3.181977
-5.706264
-7.400923
-8.101503
-7.263467
-5.782095
-4.336761
-2.848286
-1.549216
-0.128945
0.375207
-1.205800
-3.137479
-5.408951
-7.418832
-7.278687
-6.669983
-5.891191
-4.433633
-2.950638
-1.283500
-0.069003
0.075614
-0.819264
-2.694926
-5.044936
-6.555154
-6.549887
-5.376577
-4.134068
-3.295588
-2.706223
-1.161266
0.379279
0.916248
-0.291782
-2.472716
-5.441189
-7.198805
-7.845730
-6.574101
-4.996240
-4.030862
-2.571625
-0.641125
0.743333
1.521531
0.291194
-2.546947
-5.548280
-7.549909
-8.223597
-7.012918
-4.980838
-3.353515
-2.300762
-1.413685
-0.344440
0.053085
-1.448008
-2.980503
-5.884902
-7.694242
-8.280002
-7.166684
-5.061115
-4.174010
-2.801909
-1.143994
0.354771
0.812936
-0.047568
-2.497799
-4.889606
-6.737106
-6.835033
-6.120686
-4.981238
-3.917241
-2.410859
-0.777273
0.211179
0.764776
-0.390105
-2.339387
-5.175325
-7.261991
-8.197018
-6.694388
-5.385632
-3.807115
-3.176903
-1.212574
0.288609
1.000926
-0.026381
-2.704971
-5.804319
-7.511573
-7.808575
-6.478377
-5.411356
-4.669763
-3.630875
-1.583098
-0.176497
-0.024903
-0.715933
-2.366040
-5.142880
-7.441741
-8.020613
-6.751975
-5.415269
-3.961067
-3.143079
-1.400760
0.080706
0.637438
-0.993684
-2.437827
-4.564716
-6.247712
-6.827933
-6.421529
-4.880620
-3.549850
-2.995139
-1.310643
0.507838
0.793145
-0.432775
-2.476245
-5.327357
-7.474967
-7.947730
-6.588962
-5.089561
-3.333361
-2.146762
-0.764664
-0.291773
0.074483
-0.416566
-2.731835
-5.397528
-7.464257
-7.922291
-7.536563
-6.262699
-4.938474
-3.793782
-1.175245
0.526466
1.309434
0.481504
-2.333989
-4.794977
-6.796179
-7.393556
-6.475342
-5.225169
-3.109099
-1.948393
-0.426081
0.995967
1.500506
0.283876
-2.158210
-5.109598
-7.258448
-7.988354
-7.348073
-5.769453
-4.744327
-3.494452
-1.959157
0.192889
0.491852
-0.174779
-2.578753
-5.359681
-7.384022
-7.780047
-6.114077
-4.503805
-3.682060
-2.631483
-1.595855
-0.335684
0.400434
-0.400970
-2.456693
-5.104201
-7.072660
-7.231471
-5.581163
-3.613506
-2.909618
-2.604523
-1.149240
-0.179000
0.406241
-0.003021
-2.236337
-5.019031
-7.387345
-7.892199
-7.332503
-4.947769
-3.776301
-2.248848
-0.920491
0.687522
1.083285
0.593295
-1.794866
-4.631016
-6.448407
-6.980858
-5.364527
-4.562840
-2.943240
-2.615470
-1.594179
0.228057
0.981486
0.001071
-2.471583
-4.916498
-6.685226
-7.344257
-7.117142
-5.305225
-4.554332
-3.271833
-1.457295
0.471874
1.329425
0.917962
-1.467134
-4.388649
-6.283274
-7.201279
-6.310839
-4.569818
-3.449955
-2.157218
-0.605968
0.956734
1.955215
1.283998
-1.388475
-4.590624
-6.628822
-6.703588
-5.589805
-4.138380
-2.914836
-2.204618
-0.514996
0.974957
1.236024
0.145417
-2.260049
-5.360049
-7.428206
-7.619479
-6.902978
-5.405261
-3.927571
-2.584089
-1.049340
0.325328
0.796308
0.442911
-1.412538
-4.330749
-6.772913
-7.357306
-6.603448
-5.001401
-4.432487
-2.600199
-1.101895
0.377658
1.047551
0.381006
-1.092744
-3.455818
-5.277327
-6.153931
-5.203550
-3.960995
-2.831549
-2.086828
-0.390517
1.261543
1.384427
0.963186
-0.709502
-3.399238
-5.518328
-6.022361
-5.083524
-3.261235
-2.447134
-2.165893
-0.416031
1.235738
2.045979
1.206341
-1.061542
-3.763275
-6.259915
-6.934563
-6.184307
-4.631076
-3.542246
-1.689564
-0.805301
1.000873
1.607200
0.638612
-1.627915
-3.808168
-6.418998
-6.621461
-5.974723
-4.317351
-2.614581
-1.881582
-0.406487
1.410154
1.975163
1.044555
-0.808249
-3.928802
-6.046160
-6.849895
-5.425419
-3.451140
-2.967439
-2.035652
-0.054085
1.074704
1.759292
0.925208
-1.282065
-4.039756
-5.948533
-7.273745
-5.862610
-4.403866
-3.372203
-2.155261
-0.292110
0.874846
1.411483
0.424087
-1.685660
-4.410848
-6.437176
-6.819568
-5.963091
-4.586141
-3.327262
-2.693596
-1.290024
0.771962
1.254688
0.704930
-1.796819
-4.422933
-6.635180
-7.405987
-6.949451
-5.135770
-3.677349
-2.622182
-1.312799
0.085225
0.797410
-0.239628
-2.532276
-4.825326
-7.300939
-7.952379
-6.596292
-4.661948
-3.154949
-2.199484
-0.963058
0.501830
1.592221
0.430783
-1.811919
-4.296235
-6.498522
-6.674494
-6.246870
-4.745456
-3.742792
-2.796057
-0.720808
1.179324
2.303140
1.186349
-1.056233
-4.136709
-6.473856
-7.541846
-6.444731
-4.404974
-3.454249
-2.639052
-0.867112
1.291213
2.023191
0.878898
-1.050261
-3.695197
-6.235182
-6.364377
-6.262192
-4.923886
-3.226560
-2.602968
-0.967284
1.321568
1.902925
1.153704
-0.615714
-3.447419
-5.399383
-6.582408
-5.330267
-3.827627
-3.033824
-1.919660
-0.271044
1.892503
2.431418
1.281707
-1.010564
-3.539498
-5.946467
-6.891510
-6.122093
-4.746727
-3.210699
-2.098972
-0.063263
1.530267
1.935658
1.184041
-0.993823
-3.648643
-6.139709
-7.022665
-5.983877
-4.525624
-3.645055
-2.531923
-0.598917
1.614758
1.940770
1.153755
-1.259654
-3.455274
-5.967890
-6.976152
-5.282791
-4.297805
-3.086839
-2.180474
-0.346933
1.451322
1.983829
1.617309
-0.767900
-3.701264
-6.507787
-7.471445
-6.362857
-4.582128
-3.559380
-2.491421
-0.163709
1.469983
2.557166
1.274578
-0.808255
-3.985071
-6.484046
-6.994295
-6.225536
-4.414106
-3.171170
-2.287182
-0.696176
0.867410
1.715871
0.723976
-1.381543
-3.879024
-6.021719
-5.768947
-4.650868
-3.748680
-2.346698
-1.805789
-0.473485
0.816401
2.128927
1.056313
-0.945170
-3.711422
-5.640635
-5.960559
-4.199763
-3.278309
-2.490379
-1.775503
0.047091
2.103124
3.090173
1.603955
-0.737255
-3.203340
-5.671962
-6.699684
-5.879455
-4.366011
-3.076227
-1.871846
-0.079800
1.709026
2.712831
1.390244
-1.122123
-3.452300
-5.649261
-6.601191
-5.205221
-4.289295
-3.050307
-2.305457
-0.521188
1.309628
2.562448
1.733893
-0.221197
-3.086980
-5.623243
-6.705782
-5.934614
-4.023259
-3.583425
-2.162441
-0.100782
2.275027
3.374261
1.682651
-0.372575
-3.161267
-5.160614
-6.114522
-5.189661
-3.486593
-2.778939
-1.651456
0.450103
2.674502
3.889481
2.819176
0.169572
-3.011537
-5.971682
-7.046825
-6.652237
-4.525973
-3.051394
-1.010237
0.641406
1.958035
2.019675
1.098430
-1.358067
-3.966575
-6.212134
-7.030438
-6.140112
-5.081097
-3.550546
-2.009821
-0.066213
1.544724
2.746133
1.779635
-0.573033
-3.056751
-5.614555
-6.262677
-5.175776
-3.798703
-2.546993
-1.212063
0.575859
2.477215
3.740725
2.488862
0.358489
-2.856957
-5.515734
-6.158471
-4.939126
-4.050575
-3.070170
-1.393962
0.527950
2.134653
2.558583
1.698112
-0.187614
-2.705676
-5.162205
-5.920761
-5.577761
-3.744434
-2.728344
-1.704031
0.133141
1.971536
2.859447
1.754094
-0.231019
-2.963305
-5.378185
-6.520616
-5.606480
-4.063207
-2.915876
-1.687176
0.238661
2.009744
2.819348
2.204084
0.197527
-2.483068
-5.128581
-5.980321
-4.551713
-3.160908
-1.670311
-0.693763
0.680403
2.592336
3.505898
3.133789
0.602410
-1.991628
-4.428399
-5.297402
-4.378861
-2.893982
-2.365050
-1.019297
1.261268
3.210773
4.173585
2.921271
0.685267
-2.574676
-4.970994
-5.997504
-4.943501
-3.790251
-2.486960
-0.960169
0.665513
2.379058
3.590070
2.689324
0.019397
-2.238808
-3.977028
-4.776922
-4.486894
-3.198278
-2.343898
-1.068830
0.778149
2.577761
3.831862
2.728040
1.152413
-1.711581
-4.381249
-5.614690
-5.198643
-3.222488
-2.062799
-0.665843
0.822789
2.824327
4.182651
3.541974
0.648973
-2.233266
-4.512487
-5.097294
-3.683395
-2.163122
-1.022124
0.062948
1.584936
3.556778
4.368161
3.213256
1.043271
-2.158620
-4.486724
-5.549649
-4.815953
-2.752631
-1.307502
-0.256203
1.370649
3.132372
4.373103
3.229300
0.897016
-1.478353
-3.618053
-5.141204
-4.280961
-2.303178
-1.041202
0.182693
1.593637
3.109573
4.376650
2.977695
1.468410
-1.235640
-3.333626
-4.553670
-3.777378
-2.004955
-1.101773
-0.282381
1.347909
3.386528
4.454411
3.545639
1.370780
-1.854993
-4.276693
-4.229337
-3.436175
-2.066810
-1.517294
-0.379909
2.211554
4.421222
4.855325
3.550908
1.459875
-0.816130
-3.080683
-4.657731
-3.778115
-1.968905
-1.129924
-0.524671
1.336188
3.566973
4.773213
3.303370
1.392447
-1.156427
-3.489889
-3.834766
-3.124969
-2.203646
-1.605050
-0.259161
1.815997
4.176190
4.516414
4.065422
1.165553
-1.762361
-4.003988
-4.554099
-3.314871
-2.071370
-1.014203
0.194591
2.975498
4.894612
5.290042
4.063058
1.616757
-0.874746
-2.924915
-4.283883
-3.479816
-1.834413
-1.094731
-0.568178
1.748276
4.277307
4.364442
3.421225
1.387506
-1.216860
-3.344031
-3.941461
-3.030127
-2.072231
-0.629725
0.611233
2.089247
4.234140
5.113151
4.237040
1.736134
-0.859819
-3.358215
-4.119293
-2.602612
-2.122112
-0.868062
-0.165726
1.487864
4.003998
4.950475
3.892568
1.969074
-0.512363
-2.607394
-3.022296
-2.692142
-1.304483
-0.861715
0.256739
2.237309
4.043472
4.821412
4.324300
2.376714
-0.663288
-2.123423
-2.394014
-1.716299
-1.017712
-0.152548
0.924079
2.850925
4.519005
5.468417
4.429190
2.538299
-0.307465
-2.287658
-3.142857
-2.913698
-1.161197
-0.446276
0.723104
3.027085
4.908309
5.913987
5.223250
2.659685
-0.131169
-2.100213
-2.087417
-2.145160
-0.798955
0.097279
1.044820
2.899323
4.934827
5.862025
5.287055
2.743484
0.074950
-1.753228
-3.001903
-2.164544
-0.205918
0.506449
1.401970
3.333370
5.495124
6.387637
5.253997
2.645610
0.042027
-2.410556
-2.851398
-2.469349
-1.368155
-0.098079
0.744470
2.520466
4.104590
5.072772
4.368661
2.010015
-0.050231
-2.052990
-3.119343
-2.053724
-1.069251
-0.313935
0.846807
3.046311
5.110930
5.945136
4.940234
3.112252
0.916240
-1.427754
-2.471731
-1.077874
-0.024146
0.788640
1.739573
3.484687
5.522815
6.065753
5.421596
2.661116
0.046507
-1.431121
-2.478510
-1.374725
-0.499532
0.887938
1.865265
3.598323
5.610085
5.821259
4.663230
2.634915
0.185409
-1.032657
-1.425611
-0.264714
0.532523
0.752397
1.635969
3.540100
5.193343
5.792911
4.839252
3.271633
0.940315
-1.508071
-1.694821
-0.655919
-0.059016
0.788897
2.200065
4.147279
6.435866
7.379352
5.933297
4.058811
1.101662
-0.961946
-1.250199
-0.539634
0.400893
1.434047
2.454592
3.914972
5.654887
6.950744
5.709754
3.699460
1.096269
-0.662492
-1.228399
-0.081346
0.367417
1.021832
2.227662
4.604529
6.223987
6.470504
5.763160
3.596165
0.642693
-0.956371
-2.062337
-1.543494
0.295129
1.122876
1.882312
4.314755
6.189513
7.149249
6.583655
3.879444
0.966355
-0.603893
-1.481024
-1.104156
0.243972
1.125398
1.928310
3.685400
6.419944
6.534461
5.725884
3.392300
0.782789
-0.633677
-1.752460
-0.885586
0.695966
1.409333
2.347282
4.409145
5.691928
6.617126
5.793578
3.841655
1.553241
-0.131097
-0.676167
0.537059
1.466723
1.949309
3.326440
4.436063
6.334090
6.888318
5.957194
3.827825
1.148883
-0.553299
-1.066175
0.048394
0.790301
1.180663
2.505268
4.281326
5.989833
7.130797
6.570224
4.195770
1.681223
0.176393
-0.480359
0.174296
1.027101
1.577596
2.386711
4.276073
6.553077
7.320333
6.165662
3.412600
0.740542
-0.742222
-1.987307
-1.019358
0.665931
1.337974
1.758824
4.049230
5.998923
6.310630
5.925220
3.530271
1.527745
-0.844600
-1.983969
-1.518174
0.107812
0.881001
1.692215
3.486723
5.809352
6.280328
5.773849
3.639669
1.205267
-0.789091
-1.159896
0.435903
2.283500
1.910542
2.391806
4.065482
6.480334
7.631007
6.460549
4.164239
1.346091
0.250369
-1.213503
-0.485682
0.370130
1.408816
2.272305
4.417077
6.353665
7.024463
6.099055
3.593890
1.252744
-0.553528
-1.531361
-0.612291
0.422141
1.221707
1.856035
3.769360
5.722348
6.659223
5.505267
3.665707
1.154289
-0.639310
-1.251788
-0.157664
0.399821
0.887709
1.856730
3.971631
5.348662
6.046554
4.866225
3.355001
0.899526
-0.257038
-0.672505
-0.532485
1.036248
1.700341
2.780904
4.409295
6.448470
6.462607
5.288856
3.109441
1.161702
-1.413313
-1.827105
-1.386810
-0.156825
1.047565
2.272252
4.266904
6.176309
6.824531
5.646190
3.281124
0.786160
-1.351649
-1.693325
-0.911580
0.449660
1.204492
1.947084
3.643045
5.517940
6.501575
5.953296
3.765918
0.906041
-0.424229
-0.673982
-0.296256
0.568543
1.355697
1.983891
4.074978
6.162475
6.427997
5.493510
3.848979
1.563242
-0.472831
-1.078505
-0.251531
1.205197
1.709580
2.715385
4.342854
6.357551
7.056336
5.604098
3.497894
1.441210
-0.646026
-1.296686
-0.658692
1.006577
1.835015
2.900463
3.963635
5.500361
5.837546
5.225852
3.752698
1.199927
-0.748529
-1.236996
-0.842602
0.638770
1.459254
2.343112
4.134492
5.920848
6.779601
5.779857
3.764981
1.355838
-0.177063
-0.305056
0.367219
1.759162
1.796241
2.631569
4.785357
6.275136
6.649325
6.273753
3.842405
1.390965
-0.431624
-0.471968
0.305133
1.452096
2.031196
2.661938
4.094127
6.527146
6.938704
6.027373
4.104658
1.516936
-0.246070
-0.664908
-0.146129
1.473416
2.254991
3.026591
4.125016
5.917975
6.787700
5.994479
3.602613
1.513517
-0.106677
-0.788242
0.502646
1.409930
1.959868
2.921229
4.459270
6.425536
6.778316
5.548985
3.743469
1.663150
-0.218433
-1.066359
0.073291
1.164641
1.190239
2.539069
4.583769
6.543035
7.402839
6.048728
3.723602
0.980718
-0.720156
-1.062534
0.520665
1.471461
2.212005
2.601810
3.737704
6.121066
6.985280
5.814151
4.076305
1.551643
-0.732085
-1.183054
-0.635727
0.562875
1.559705
2.943765
4.887290
7.125636
7.647540
5.873973
4.010159
1.220933
-0.778791
-0.896100
-0.019937
1.110972
1.046088
2.785667
4.625768
6.216010
6.647475
5.903626
4.012793
1.217114
-0.734663
-1.258319
-0.338593
0.963302
1.698955
2.503922
4.432047
6.670701
7.538499
6.879167
4.083600
1.717251
-0.061996
-0.074195
0.353255
1.236909
1.876058
3.068474
5.003654
6.815619
7.287833
6.236054
4.583587
1.749943
-0.003840
-0.288957
0.350520
2.036248
2.438601
3.034647
4.861007
6.753606
7.192578
6.283978
3.990648
1.979506
0.073187
-0.421230
-0.053725
1.236344
2.034328
2.910643
4.744561
6.736815
7.008216
5.787198
4.044017
1.365158
-0.713219
-1.051925
0.217570
0.897786
1.256534
3.178039
4.678660
6.486739
7.383382
6.410094
4.493311
1.586473
-0.314732
-1.512688
-0.693129
0.562102
1.029365
2.146399
4.502389
6.601895
7.498298
5.862607
3.571537
1.137313
-0.885681
-1.538455
-0.433404
0.973435
1.863067
3.260314
4.932452
6.556769
6.773732
6.247264
3.645554
1.674187
-0.324173
-0.502892
0.282893
1.693883
1.566390
2.482109
4.581226
6.456222
7.094581
5.746053
3.451671
1.193471
-0.705370
-1.471760
-0.342126
1.299386
1.841043
2.690183
5.183063
7.355315
7.928065
6.906705
4.176497
1.632142
-0.030674
-0.271548
0.303876
0.864062
1.839915
2.806539
5.454841
7.684226
7.585130
6.640502
4.393637
1.532307
-0.701032
-1.535286
-0.964721
0.035195
1.212928
2.305113
4.489383
6.479239
6.607322
5.351186
3.704691
0.819096
-0.347239
-1.643582
-1.045412
-0.098975
0.979501
2.080868
3.828909
5.716126
6.831790
5.776649
3.837952
1.841625
-0.971692
-1.630093
-0.525465
1.106896
1.407658
1.982169
4.234675
6.405124
7.311446
5.741126
3.541688
1.167360
-0.939202
-1.184922
-1.165209
-0.139508
0.844105
2.071822
3.823018
6.496215
7.486163
6.326182
4.115239
1.643355
-0.819310
-1.442730
-0.316619
0.323861
0.953109
1.726068
3.942195
5.667130
6.545957
5.649699
3.457753
0.858839
-0.885372
-0.954741
-0.468725
0.924800
1.376523
2.926912
4.432024
6.473876
6.652957
5.544652
3.504226
1.085932
-0.900638
-1.214314
-0.286109
0.359672
1.373380
2.471340
4.381009
6.042178
6.657760
5.701991
3.658952
1.319323
-0.675278
-1.118801
-0.846338
0.772996
1.291421
1.853881
3.745175
5.898562
6.700189
6.207526
3.868727
1.624884
-0.341695
-1.264942
-0.559587
0.322301
1.711541
2.702771
4.488312
6.729072
7.153968
6.484220
4.454235
2.200906
0.115164
-1.243520
-0.519546
0.883544
2.392955
3.006134
4.627116
6.867637
7.887637
6.453025
3.996356
1.002599
-0.745124
-1.510481
-1.008709
0.265418
1.443592
2.059525
4.228107
6.157836
7.259017
6.071734
4.156891
1.481077
-0.773543
-1.437464
-0.860533
0.340444
1.737943
2.372128
4.361229
6.274158
6.928227
6.290196
3.991747
1.453639
-0.871284
-1.243160
-0.070294
1.077958
2.116656
2.777699
4.289188
6.354812
7.141276
5.627498
3.362713
0.985100
-1.098087
-1.918637
-0.903537
0.396277
0.918569
1.456758
3.416493
5.709308
6.198298
5.247062
3.384886
0.899630
-1.501248
-2.178675
-1.082196
0.452344
1.256824
2.458365
4.381940
6.299022
6.310956
5.630374
3.297588
0.562203
-1.651684
-1.930368
-1.252892
0.540927
1.235556
1.962784
3.769570
6.124297
7.057052
5.632369
3.574027
1.319825
-1.064659
-2.240499
-1.329470
0.228299
1.162800
1.829779
4.133010
6.397212
6.449924
5.656047
3.475266
0.949472
-1.221878
-1.678084
-1.188484
-0.097896
1.054893
1.766188
3.997756
5.964087
6.145289
5.773929
3.294924
0.841476
-1.068909
-1.780654
-0.859122
0.357081
1.045910
2.370323
4.603120
6.809363
7.510390
6.122069
4.109394
1.944045
-0.037245
-0.585194
0.336759
1.233079
2.132646
3.020311
3.871086
6.110824
7.279801
5.872325
3.912775
1.474157
-0.700144
-0.884407
-0.024846
0.578500
0.972508
2.404082
3.932340
6.112794
6.699824
5.261630
3.312426
0.907014
-0.907344
-1.888826
-1.281185
-0.198228
0.647418
1.842185
3.786784
6.106986
6.972648
6.409142
3.740505
1.187012
-1.257031
-1.989023
-1.168924
-0.101188
0.462795
1.712874
3.796410
6.121045
7.009221
5.883725
3.732706
1.133183
-0.941764
-1.721794
-0.518765
0.809804
1.105870
2.390658
4.342266
6.104892
6.461898
5.620425
3.660100
1.060337
-0.759719
-1.578834
-0.930382
0.240901
1.336764
2.149748
4.532328
6.108043
6.753669
5.535182
3.847249
1.249412
-0.697314
-1.680997
-1.056358
0.410344
1.364877
2.295328
4.758040
6.780988
7.003779
5.510299
4.101584
1.450414
-0.347100
-0.984350
-0.682365
0.616736
1.135304
2.654831
4.759700
6.824050
7.424907
6.227710
3.905503
1.175585
-1.061270
-1.921824
-0.611090
0.605199
0.500027
2.098656
4.027540
6.356681
6.643594
5.541995
3.753366
1.194254
-0.755178
-1.478580
-0.252820
0.934382
1.470868
2.445661
3.821128
5.692647
6.145057
5.291068
3.427608
1.129228
-0.844007
-1.802310
-0.992311
0.326074
1.352628
2.158075
3.814694
5.789886
6.098094
5.007785
2.853539
0.606767
-1.526732
-2.173127
-1.339170
0.153787
0.877061
1.811681
3.868315
5.870996
6.716287
5.191840
3.200245
0.379393
-1.737712
-2.387120
-1.772851
-0.127608
0.908134
2.110409
4.380220
6.450007
6.617469
5.334071
3.117573
0.707427
-1.711572
-2.278603
-1.684316
-0.275023
0.520653
1.719914
4.029447
6.106069
6.558658
5.977750
3.595048
0.787199
-0.779535
-0.978729
-0.172133
1.211801
1.344695
2.382880
3.889874
5.964723
6.020976
5.353559
4.111202
1.310494
-0.636278
-1.788769
-0.367700
1.071691
1.361714
2.626726
4.824779
7.110627
7.878606
6.642976
3.781781
1.256008
-0.864891
-1.527485
-0.631810
0.806869
1.196970
2.451295
4.419852
6.483737
7.183867
6.608813
4.007475
1.167363
-0.898238
-1.332659
-0.891142
0.347510
1.502317
2.202538
4.122035
6.455104
7.119193
5.806045
3.501421
0.907796
-1.143677
-1.242351
-0.379710
1.251801
1.152730
2.311498
4.278864
5.875056
6.756885
5.114585
3.459026
0.427068
-1.282689
-2.174729
-1.385658
0.871753
1.653981
2.347245
4.189405
6.010112
6.414779
6.434495
4.356343
1.889853
-0.291064
-1.140048
-0.074964
1.004237
1.517348
2.399862
4.393074
6.790786
7.687449
6.717769
4.108397
1.741201
-0.657407
-1.265275
-1.083850
0.286721
1.356160
2.712942
5.000461
5.890409
6.480779
5.763778
3.417974
0.969347
-1.139758
-1.442247
-0.225425
0.544753
1.394567
2.797625
4.009587
6.089934
7.072192
6.232409
3.604994
1.444093
-0.249388
-0.588654
0.531737
1.664908
2.060031
2.371582
4.340396
5.868091
6.751502
5.571614
3.143866
0.690197
-1.769288
-2.203590
-1.536036
-0.025767
0.942012
1.260024
3.209210
5.295842
5.738460
5.286429
3.099808
0.231314
-1.301586
-1.407669
-0.781143
1.195296
1.873883
3.085740
4.320028
6.174045
6.924096
5.584437
3.379997
0.970811
-0.944648
-1.784592
-1.239156
0.269334
0.853345
2.161133
4.329008
6.281857
6.804576
5.935191
3.196075
0.275704
-0.901323
-1.737266
-0.987372
0.747968
1.307049
1.838022
3.930595
6.219327
6.331391
5.142957
3.321274
0.943750
-0.832663
-1.393867
-0.540178
0.036273
0.607054
1.684842
3.387461
5.537972
6.462892
5.876872
3.802677
0.971312
-0.997405
-1.193433
-0.077014
1.058356
2.038594
2.540377
4.124747
6.689496
7.215175
6.322268
4.107092
1.151066
-1.040935
-1.268250
-0.233146
1.170690
1.481265
2.578732
4.764781
6.601474
7.706923
6.546037
4.443823
1.520092
-0.456079
-1.077065
-0.630601
0.932792
1.724175
2.352116
3.999955
5.731956
6.749831
5.948459
3.951034
1.909219
-0.644696
-1.184578
-0.595209
0.853215
1.441464
1.970516
3.778999
6.089854
6.775126
6.062175
4.250210
1.667227
-0.795114
-1.178396
-0.347032
0.101533
0.942474
2.246750
4.256480
6.515864
7.107228
5.696544
3.361272
0.614242
-1.411086
-1.994374
-1.321524
0.028804
1.593996
2.301175
3.970263
6.098891
6.507815
5.912688
3.428378
0.964741
-1.348094
-2.637138
-1.123659
0.549327
1.031425
2.337743
4.447814
6.167321
6.898025
5.888261
3.230797
0.269439
-1.389500
-2.297868
-1.193214
0.557412
1.227621
2.416069
4.493493
6.061351
6.834357
5.748813
3.510537
0.759725
-1.269683
-1.508512
-0.820656
0.198485
1.391731
2.342235
4.287463
6.043353
6.593818
5.277865
3.406174
0.709888
-1.083467
-1.631681
-0.285848
0.697631
1.162248
1.513510
3.253489
5.434279
5.845260
4.969237
3.428313
0.615878
-1.333359
-2.092004
-1.480792
-0.583412
0.376411
1.475937
3.571489
5.592925
7.130904
5.982543
3.198970
0.845700
-1.068341
-1.747731
-1.012352
0.220647
0.717284
2.146518
4.229126
6.277558
6.941695
6.213756
3.451957
0.577445
-1.185474
-2.141716
-0.991193
0.590533
1.606587
2.301857
3.923549
5.753772
6.645442
5.711732
3.552140
1.183066
-0.851914
-1.278602
-0.390110
0.640683
1.404555
2.627449
4.220802
6.267642
6.880473
5.858096
4.007800
1.361849
-0.893930
-1.905387
-1.203862
-0.211244
0.673341
1.729486
3.599530
6.151164
6.276923
5.538852
3.575348
1.140466
-0.685797
-1.048757
-0.435052
0.327903
0.893487
2.297491
4.048519
5.998054
6.312743
5.356643
3.125655
0.627873
-1.313259
-1.647449
-1.222121
0.066335
0.808886
1.874572
3.954507
6.101892
6.753650
5.507491
3.347833
1.197748
-1.135189
-1.599802
-0.687362
0.214118
0.787152
1.700375
4.177646
6.307483
6.982837
5.304349
3.577013
0.730726
-1.180485
-1.326955
-0.906114
0.111001
0.803269
2.391175
4.357228
6.691073
7.811667
6.262179
3.592548
1.162247
-1.180110
-2.116823
-0.421828
0.531316
0.891993
1.858105
4.062994
5.908385
6.532517
5.504298
3.212253
1.301633
-0.994420
-1.598443
-0.837751
0.652629
0.953987
2.178195
3.826740
5.679811
6.446670
5.805924
3.426517
1.009005
-1.267807
-1.614649
-0.658193
0.305526
1.060493
1.789319
3.740833
5.926314
6.512187
5.678971
3.949360
0.898748
-0.760815
-1.558261
-0.704284
0.238034
1.223113
2.554376
4.451713
6.377776
7.313552
6.514560
4.153628
1.439487
-0.499010
-1.130129
-0.941542
0.299396
1.078347
2.232506
4.815627
7.098575
7.511374
6.727283
4.291159
1.316545
-0.560025
-1.138879
-0.985881
0.073951
1.127664
2.458290
4.672557
6.734218
6.993640
6.032395
3.898698
1.048962
-1.241494
-1.715270
-0.715409
0.191600
1.264856
2.618208
4.059884
5.788112
6.783866
5.426414
3.552123
1.395651
-1.307769
-2.537601
-1.702045
-0.306964
0.191077
1.400124
4.303154
6.634868
6.908141
5.989244
4.239651
0.994166
-0.999855
-2.000373
-1.169439
-0.005284
0.844100
2.359970
4.422055
7.291663
7.588340
6.276790
3.997315
1.122434
-1.237200
-1.422890
-0.129916
1.170499
1.668458
2.348581
4.131732
5.786826
6.563975
5.522628
3.546491
1.121108
-1.382418
-1.851354
-1.458542
0.377006
1.083882
2.137584
4.362757
6.412356
6.895267
6.097228
3.439051
0.820128
-1.316336
-2.433047
-1.156111
0.435515
1.231783
2.178501
3.669355
5.739068
6.728007
6.089267
3.888449
1.352806
-0.802684
-0.847626
0.604873
1.255456
1.306315
2.500839
3.970949
6.097198
6.954053
6.365670
4.043771
1.470424
-0.969499
-1.266045
-1.030873
1.220603
2.056748
2.799597
4.242826
6.492866
7.144954
6.447366
4.206790
1.403611
-0.971475
-1.747931
-1.314164
0.397037
1.218398
2.685171
4.547012
6.806170
7.948211
6.553016
3.643034
1.194610
-0.949843
-1.787961
-0.772392
0.514100
1.102027
2.125517
4.174322
7.400548
7.476975
6.415954
4.145101
1.373672
-1.220065
-1.925589
-1.118823
0.013476
1.007549
2.202415
4.435014
6.758033
7.488748
6.199077
3.556054
0.959330
-1.156680
-2.240623
-1.668970
-0.453089
0.395377
1.720564
3.927135
5.520118
6.119369
5.252425
3.016469
0.644318
-1.546289
-1.953556
-1.787215
-0.366937
0.446736
1.583255
3.058496
5.351394
6.347337
5.268224
3.545531
1.346525
-1.661407
-2.342918
-1.403602
-0.145360
0.863780
1.548618
4.031484
5.813518
6.991727
5.842404
3.830914
0.951445
-1.271289
-2.116092
-1.625874
0.026966
0.701335
2.082115
4.410726
6.427705
6.872088
5.923873
3.707660
0.619357
-1.578309
-2.454091
-1.437473
0.445046
0.880991
2.243147
4.038133
6.128758
6.263835
5.377200
3.101310
0.900942
-1.165532
-1.515764
-0.484036
0.895455
1.302035
2.270634
4.463159
6.063750
6.283460
5.045856
3.088297
0.237849
-2.006264
-2.846647
-1.577903
-0.366693
0.549652
1.843331
3.720736
5.657386
6.257726
5.159953
2.528624
-0.117636
-2.032834
-2.492381
-1.765965
0.115037
1.061059
1.700246
3.865550
5.703189
6.343530
4.914378
2.909641
0.509296
-1.407091
-1.993912
-1.244328
0.061519
0.854964
1.376354
3.480351
5.523620
5.851829
4.666614
2.278608
-0.007374
-2.066784
-2.214063
-1.124887
-0.297181
0.439745
1.553603
3.287341
5.474566
6.268632
4.837890
3.321994
0.810104
-1.171478
-1.417072
-0.335604
0.761794
1.380323
2.571546
4.531959
6.334537
6.707904
5.816607
3.378113
0.952822
-1.468357
-2.844682
-1.733373
-0.065633
1.044529
2.079872
3.617743
5.370399
6.568786
5.998015
3.140374
0.296546
-1.482886
-2.376106
-1.683199
0.129582
0.844431
1.452109
3.715321
5.876843
6.265813
5.849841
3.372639
1.168324
-0.740302
-1.629275
-1.008295
0.333808
0.908075
2.176504
3.614401
5.482820
6.936843
6.017169
3.708707
0.899502
-1.373600
-2.689325
-1.514621
-0.286941
0.417055
1.687370
3.859901
5.747001
6.575276
6.044065
3.418195
0.535382
-1.450862
-1.978161
-1.106981
-0.146016
0.893017
2.152315
3.527358
5.710166
5.934438
5.728015
3.355035
0.368859
-1.351986
-2.169370
-1.822643
-0.504835
0.880346
1.518934
3.721049
6.238034
6.033534
5.376195
2.718459
0.288837
-1.759245
-2.571976
-1.814857
-0.234112
0.346683
1.571712
3.526814
5.561841
6.462504
5.610030
3.418810
0.806363
-1.272854
-1.699844
-1.282972
-0.016109
0.858526
1.762879
3.991695
5.717257
6.387462
5.449111
3.212548
0.366045
-1.579893
-1.974799
-1.350101
0.183326
0.591666
1.720540
3.780354
6.137275
6.707006
5.616965
4.052158
1.180209
-0.900456
-1.457221
-0.615617
0.256968
1.372060
2.660389
4.229572
6.461604
7.160716
6.046096
3.821114
1.000156
-1.430938
-2.208639
-1.580003
-0.072568
0.990352
1.883567
3.790759
5.944957
6.699380
5.419166
3.605331
1.197165
-1.448398
-1.627485
-0.985799
0.046901
1.163844
1.710653
3.698970
5.385627
6.647471
5.864459
3.968214
1.782881
-0.741231
-1.498149
-0.048377
0.915219
1.974986
2.605409
4.091909
6.247582
7.474109
6.339904
3.688865
0.803964
-1.410412
-2.083629
-0.907540
0.392676
1.431616
2.634664
4.393443
6.510066
7.012076
6.011668
3.695630
0.652725
-1.095297
-2.011045
-1.238613
-0.087399
1.050818
2.361005
4.458832
6.078528
5.962174
5.455573
2.396654
0.009315
-1.518744
-2.405892
-1.571408
-0.055173
1.226073
1.752166
3.945744
5.618167
6.495725
5.144221
3.043724
0.200223
-2.067622
-2.694889
-2.111926
-0.731940
0.597198
1.937081
3.679166
5.556323
6.104033
5.628549
3.290635
0.744506
-1.441911
-1.707971
-0.835039
0.329230
1.117212
2.061261
4.004496
5.700118
6.645507
5.523578
3.351667
0.747078
-1.205235
-1.927094
-1.394947
0.048865
0.726710
2.181995
4.528702
6.368810
6.480687
5.315753
3.416682
0.908832
-1.551415
-2.499825
-1.491323
-0.244279
0.329271
1.725569
3.757874
5.848647
7.124766
5.902390
3.893360
0.971587
-1.486966
-2.498694
-1.734055
0.106648
0.845235
2.297923
4.234073
6.736609
6.799674
5.638577
3.419021
0.580211
-1.452368
-1.988888
-0.922803
-0.369020
0.831722
1.544789
3.178980
5.123492
6.608619
5.436305
3.228263
0.965653
-0.826295
-1.875043
-0.617971
0.086307
0.417720
1.956826
3.541869
5.276610
5.867564
5.004203
2.834332
0.686515
-1.267641
-1.574912
-0.899633
0.794406
1.438258
2.011378
3.961432
6.388076
6.893973
6.282680
3.436694
0.704301
-1.123305
-1.832770
-0.725693
0.235797
0.679168
1.977295
4.197094
6.058728
6.670756
5.824367
3.192283
0.502621
-1.394442
-2.370494
-1.910806
0.168050
0.994189
1.948507
3.902025
5.380269
6.386939
5.403968
3.471842
0.330579
-1.539824
-2.222269
-1.381360
0.211123
1.374228
2.618547
3.711757
5.919681
5.980025
5.229722
3.496901
0.373240
-2.158743
-2.415597
-1.572814
0.043948
0.951191
2.153062
4.326299
6.201667
6.213069
6.046351
3.200069
0.276073
-1.877328
-2.927687
-2.205652
-0.595332
0.427513
1.526452
3.657446
5.977286
7.064433
6.165915
3.589026
0.839908
-1.107644
-1.941339
-1.294012
0.170623
0.802366
2.219991
4.283081
6.329305
6.638560
5.736096
2.753655
0.653300
-1.471512
-2.162912
-1.394598
-0.142020
1.103871
1.808255
3.364896
5.572230
6.612727
5.029008
3.059964
0.209784
-1.453411
-2.194287
-1.365743
0.352580
0.728798
1.685362
3.757717
6.238711
6.669112
5.910186
3.287457
0.293677
-1.447483
-1.807311
-1.174029
-0.439033
-0.006475
1.429050
4.148945
6.106164
6.724280
5.152392
2.557653
-0.051833
-2.054469
-2.771325
-1.863044
-0.167238
0.741963
1.645517
3.654610
5.717303
5.965251
5.013185
2.660902
0.465199
-1.403613
-1.573404
-0.978535
0.517116
1.460599
2.357931
3.712781
5.717418
6.428164
5.223311
2.734635
0.247411
-1.978015
-2.241864
-1.331157
-0.207865
0.623573
1.371137
3.349782
4.736972
5.671737
4.897285
3.131382
0.814543
-0.649777
-1.623999
-0.706005
0.883039
1.451892
2.521397
5.093923
6.686776
7.054744
6.192609
3.792407
0.920756
-1.193383
-2.084108
-1.411675
0.048612
0.746979
1.869569
4.003096
6.301505
7.117953
5.946750
3.833889
1.235998
-0.517101
-1.639364
-0.643388
0.446195
0.605141
1.929251
4.101245
6.482892
7.403987
6.064340
3.433699
1.184697
-0.955073
-1.044960
-0.535074
0.944091
0.905546
2.296962
4.413301
6.416772
7.279178
5.631070
3.007356
0.126725
-1.750599
-2.662249
-1.982050
0.368114
1.418908
1.680156
3.449442
5.752925
6.338626
5.793616
3.626396
0.777481
-1.243460
-1.968119
-1.043983
0.038743
0.500535
1.961100
4.044847
6.229342
6.896449
5.981589
3.811263
1.125114
-1.135309
-1.836180
-1.332978
0.045239
0.728784
1.968440
3.917929
5.907104
6.510497
5.339496
2.703045
0.145843
-1.883603
-2.317333
-1.656164
0.143861
0.947205
1.716218
3.297319
5.961082
6.585570
5.747542
3.252652
0.332561
-1.556963
-1.993843
-1.634555
-0.042542
0.839112
2.342423
4.234146
6.103602
7.405337
5.584945
2.662769
1.052725
-0.947165
-1.602890
-1.091740
-0.043528
1.286401
2.066273
3.766541
6.207524
6.984616
5.684451
3.553586
0.840818
-1.533024
-2.463773
-1.586547
-0.014773
0.890442
1.618548
3.909783
6.277373
6.373694
5.446881
3.311234
1.302537
-0.939837
-1.576546
-0.869053
-0.041547
0.761970
1.918199
4.139319
6.574809
7.272784
5.694123
3.671998
1.231869
-0.394821
-0.955513
-0.388979
0.318452
0.602407
2.346403
4.477537
6.114589
6.835570
5.338624
2.987468
0.032798
-1.921046
-2.523753
-1.286065
-0.160940
0.299894
1.305229
3.401257
5.564895
6.167699
5.126777
2.363630
-0.402293
-2.378374
-2.967422
-2.218764
-0.785651
0.654747
1.841720
3.845150
6.171496
6.456887
5.365418
2.977042
-0.028660
-1.692220
-2.416313
-1.513134
-0.328485
1.133192
2.439684
3.908240
5.339179
5.749621
5.187213
2.742652
0.661654
-0.901500
-1.771965
-0.905289
0.220021
1.114476
2.372522
3.986241
5.751174
5.969970
5.339564
2.993361
0.198600
-2.142422
-2.183126
-0.976089
-0.447437
0.880952
1.737083
3.573400
5.630530
6.198539
5.407706
3.219645
0.553330
-0.926662
-1.595281
-1.209772
0.089026
0.643485
2.165533
4.174167
6.208571
6.534503
6.009376
3.423819
1.155206
-0.798420
-1.413864
-0.267146
1.107482
1.549760
2.247219
4.161407
5.967078
7.100373
6.271804
3.730391
0.625675
-1.620414
-2.160227
-1.821336
-0.445917
0.513227
1.929720
4.479020
6.253489
7.283683
6.164599
4.160813
1.511582
-0.627470
-0.964915
-0.540457
0.441600
0.954385
1.592708
3.947543
6.275577
6.775422
6.020186
3.858474
0.829011
-1.502778
-2.278128
-1.116611
0.150960
0.371096
1.619439
3.960350
6.158423
7.005992
5.726563
3.318286
0.662622
-1.146294
-1.202570
-0.461631
0.053188
1.076661
2.197616
4.121341
6.258292
6.621892
6.134849
3.393490
0.815346
-1.684175
-1.804278
-1.314269
-0.179961
1.044928
2.272548
3.874649
5.806668
6.677329
6.047942
2.923812
0.495757
-1.768176
-2.200422
-1.241241
-0.361593
0.855460
2.167139
4.071470
6.151153
7.068538
5.620065
3.251388
0.690039
-1.256041
-1.621376
-0.388264
0.243594
0.838065
2.430685
4.359603
5.975406
6.876822
5.922202
3.471618
0.982640
-1.082761
-1.718373
-0.756073
0.006359
0.643553
2.277357
4.217619
6.318271
7.020558
5.917031
3.697705
1.029840
-1.152685
-1.787839
-0.936351
-0.116291
0.737125
1.827170
3.768781
5.783652
6.262460
5.174338
3.455616
0.338065
-1.869562
-2.209534
-1.530581
0.009738
0.652482
2.088187
3.798003
6.091870
6.354314
5.382873
3.593174
0.743178
-2.065533
-3.187301
-2.063550
-0.704285
0.223444
1.731701
4.060585
6.351748
6.718554
5.863755
3.107038
0.638677
-1.226194
-1.777903
-0.777492
0.204917
1.559338
2.131558
4.215615
5.930095
