6.660072
5.532944
2.964132
0.597106
-1.553550
-2.530870
-2.165974
-0.645734
0.509687
1.894229
4.129844
6.144876
6.708359
6.010832
3.046852
0.671724
-1.510957
-1.765167
-1.060479
-0.239977
0.724764
2.091932
4.143432
6.764168
7.065592
6.433243
4.181433
1.039153
-1.342161
-2.549417
-1.468908
0.067628
0.821772
2.345084
5.064556
6.849323
7.249649
6.153759
3.970676
0.792622
-1.414535
-2.102692
-1.581404
-0.448862
0.526954
2.011879
3.945519
6.288685
6.902418
5.754570
3.113520
0.391560
-1.790709
-2.049651
-1.770960
-0.226513
0.548664
1.986781
3.974813
6.131962
6.300331
5.530846
3.198440
0.347084
-1.956074
-2.025318
-1.494004
0.381754
1.260513
2.161418
3.781213
5.383312
6.428350
5.563673
3.224854
0.821473
-1.135369
-1.799043
-1.662376
-0.180167
0.570398
1.915887
4.147796
6.734406
7.039591
5.977108
3.121286
-0.046604
-2.113641
-2.938802
-2.345489
-0.739228
-0.117100
1.176919
3.216936
5.623997
6.616621
5.621609
2.911307
0.013457
-2.005388
-2.390927
-1.797501
-0.042095
0.879655
1.736326
3.491002
5.819004
6.792139
5.469250
3.178787
0.832234
-1.703739
-2.284115
-1.457294
-0.374988
0.347448
1.669706
3.793781
5.235371
6.093189
4.452722
2.745224
0.174911
-2.364160
-2.920459
-2.330865
-0.316574
0.624046
1.246368
3.620077
5.773315
6.182468
5.483597
2.596710
-0.206594
-2.505521
-3.271505
-1.683551
-0.215698
0.632654
1.762929
3.551021
5.629818
5.929054
5.172737
2.933103
0.002224
-1.862172
-1.843950
-1.079869
0.293336
0.959034
1.737559
3.476329
5.906532
7.079008
5.844341
3.568496
0.188822
-2.345238
-2.701115
-1.954920
-0.651752
-0.168165
1.793720
3.585739
5.402260
5.801594
4.970875
2.694354
-0.137978
-1.685969
-2.530203
-1.780978
-0.510045
0.334517
1.235384
4.059213
5.792408
6.282421
5.329067
2.014874
-0.587321
-2.471712
-3.077957
-1.492010
-0.312645
0.111073
1.458585
3.177923
5.110657
5.248425
4.703259
2.834881
-0.126861
-2.056478
-3.145859
-2.047527
-0.563822
0.040425
0.955828
2.709980
5.386883
6.122028
4.852080
2.391230
-0.358144
-2.829031
-3.384763
-2.555508
-0.969872
0.136339
1.211805
2.956386
5.345657
6.438557
5.494059
2.652579
0.049386
-2.159361
-2.659983
-1.687734
0.055259
1.202404
2.283424
3.717163
5.450027
5.849487
5.039276
2.470504
-0.401200
-2.449721
-2.944916
-1.744527
-0.338037
0.065863
1.263647
3.509960
5.148846
5.612692
4.792816
2.320058
0.442926
-1.837363
-2.118893
-2.148764
-1.049595
-0.300385
1.084409
3.543695
5.189871
6.380968
4.998804
2.483106
-0.039756
-2.002916
-3.015184
-2.217531
-0.519568
0.439820
1.631521
3.393507
5.561268
6.259920
4.958340
2.860047
0.411368
-1.748849
-2.628530
-1.270000
0.281017
0.963556
1.695079
3.928185
5.514671
6.441124
5.564747
3.243177
1.219714
-1.167883
-1.833974
-0.773308
0.343704
0.899716
1.867414
3.826189
5.563995
6.360329
5.165934
2.666179
0.193833
-2.158723
-2.967129
-1.867471
-0.250116
0.438700
1.371565
3.528536
5.282846
6.145159
4.866262
2.988578
-0.017693
-1.568818
-2.015615
-1.126063
-0.231943
0.581490
1.657468
3.048007
4.813049
6.046112
4.853029
2.667331
-0.363504
-2.314347
-2.887095
-2.125894
-0.648587
-0.076876
1.426216
3.023796
4.565819
5.869097
4.931099
2.999753
0.117660
-2.166013
-3.031835
-2.403882
-0.887785
0.477899
1.641579
3.574526
5.622051
6.448298
5.195797
3.082516
0.651521
-1.185979
-1.792980
-1.035864
0.359535
1.068013
2.349124
4.060772
5.769421
5.913486
4.913537
3.033300
0.669802
-1.437361
-2.319263
-2.071883
-0.136156
0.542319
1.739176
3.575984
4.960405
6.059757
5.660517
3.864021
0.614813
-1.522142
-2.121080
-1.418838
-0.040302
0.771987
1.497539
3.730112
5.639824
6.432703
5.288280
3.253773
0.720266
-1.808638
-2.553185
-1.621856
-0.564654
0.209629
1.581268
4.199489
5.936192
6.987389
5.283951
2.578104
0.178876
-1.785813
-2.280149
-1.719991
-0.215280
0.496498
1.810012
3.546897
5.669849
5.760160
5.112831
2.643047
0.283459
-2.086371
-2.532525
-1.312616
-0.179600
0.559896
1.462212
2.935278
5.217293
6.162020
5.508648
3.296941
0.413770
-2.057234
-2.480676
-1.066594
0.159603
-0.008861
1.143066
3.057060
5.837927
6.660173
5.109415
2.777127
0.205145
-2.140741
-3.391906
-2.612906
-1.221854
-0.185678
1.553181
3.731527
5.343815
5.969526
4.624907
2.559271
0.127159
-1.916385
-2.666700
-1.937000
-0.558028
-0.035810
1.009243
3.007543
5.116030
6.148958
5.122040
2.449278
-0.558634
-2.765299
-3.746587
-2.706888
-0.507599
0.332118
1.730802
3.517442
5.671307
5.709812
4.486765
2.187946
-1.017625
-2.920321
-3.707380
-3.126253
-1.782968
-0.736650
-0.072968
2.482700
4.226075
4.580853
3.692577
1.609299
-1.509574
-3.367499
-3.880055
-2.919524
-1.133976
-0.249645
0.979026
3.056359
4.188236
4.774621
3.964918
2.128455
-0.817283
-2.576751
-3.936878
-3.131227
-1.603199
-0.487679
1.074270
2.099983
3.837529
4.927711
4.175950
2.310020
-0.495634
-2.967160
-3.203942
-2.425876
-1.259458
-0.574831
0.364594
2.486376
4.499288
5.206577
4.440976
2.196043
-0.771719
-2.743279
-3.420391
-2.158275
-0.941739
0.188411
0.988050
2.572119
4.186813
5.238375
3.932920
1.687373
-1.319285
-3.344604
-3.243959
-2.831585
-1.969583
-0.561924
0.627069
1.942417
3.894433
4.437238
3.770505
1.923056
-0.711154
-2.941187
-3.444238
-2.464976
-0.837809
-0.142868
0.865302
2.064213
4.073457
5.013535
3.894763
1.572747
-1.015636
-2.629254
-3.367075
-2.920603
-1.583231
-0.754612
0.331977
1.879284
3.965099
4.858038
3.434540
1.216911
-1.491736
-3.789304
-4.543908
-3.155825
-1.770156
-0.779486
0.136196
2.023947
4.453682
5.317526
3.456273
1.082609
-1.772989
-3.407793
-4.022268
-2.881155
-1.481515
-0.863920
0.956662
2.062360
3.474505
4.307965
4.060985
1.541742
-0.701753
-2.888750
-3.529252
-3.283678
-1.561765
-0.083681
0.916821
3.279704
4.915297
4.808608
3.299271
1.095907
-1.754067
-3.873571
-4.141397
-3.508701
-1.609200
-0.255399
0.754063
1.944032
3.803918
4.353214
3.050546
1.598730
-0.936927
-3.181501
-3.617167
-2.912347
-1.150723
-0.321633
0.488267
2.554822
4.594423
5.530895
4.384431
2.079591
-1.050616
-2.938334
-3.330623
-2.507650
-1.064622
-0.169398
0.555574
1.969709
3.775516
4.521910
3.787105
1.594372
-0.942860
-2.767950
-2.888047
-1.675694
-0.460575
0.137240
1.127922
2.518359
4.485200
5.241636
4.545386
1.826324
-0.497965
-2.726876
-3.754868
-2.356940
-0.637966
0.030264
0.829260
2.500970
4.418581
4.708173
3.799177
1.360557
-1.093367
-2.835852
-2.462749
-1.913877
-1.292797
-0.637400
0.472802
2.019870
3.653290
4.505632
3.810466
1.946924
-0.603248
-2.617564
-3.208052
-2.316987
-1.245523
-0.019444
0.769237
2.420626
4.427655
4.611180
3.920878
1.332656
-1.690054
-3.620264
-3.901193
-2.476395
-0.433228
0.345074
0.223063
1.765648
3.498709
4.366696
4.005404
1.685775
-1.326465
-3.046582
-3.709286
-2.889004
-1.580497
-0.282683
0.081135
1.602817
3.195331
3.733371
2.661752
0.455147
-1.963811
-3.981424
-4.580140
-3.968121
-2.393496
-1.241738
-0.313257
1.651139
2.976880
3.719908
3.524631
1.152493
-1.425184
-3.639960
-3.890385
-3.122175
-1.341915
-0.057757
0.181159
1.326685
3.156240
4.071964
3.560431
1.117005
-1.621232
-3.644981
-3.758480
-3.428575
-2.050531
-0.810454
0.504745
2.571241
3.134731
3.989701
2.819499
0.432089
-2.415476
-4.340518
-5.438295
-4.121926
-1.836152
-2.035194
-0.328753
0.769506
2.557969
3.490792
2.493925
0.813707
-1.638935
-3.592412
-3.629910
-2.687683
-1.510177
-0.255744
0.428534
1.650329
3.534449
3.827726
2.677398
0.321581
-2.425859
-4.481506
-5.333030
-4.387996
-2.226624
-1.599761
-0.371737
1.075615
3.054719
3.103446
2.263071
0.549779
-2.496449
-4.739840
-5.275078
-4.062036
-1.871275
-1.268546
-0.575097
0.977202
3.165193
3.664094
2.702890
0.116202
-1.901108
-3.994867
-4.958566
-3.617711
-1.756683
-0.313634
0.323406
1.520185
3.117762
3.560995
3.221325
1.578281
-0.997810
-3.052742
-4.070230
-2.946110
-1.390974
-0.537647
0.497947
2.986363
4.066847
4.255987
3.643819
1.605563
-1.085617
-3.683453
-4.509741
-3.426154
-1.982280
-0.256198
0.753595
2.219688
3.679215
4.692347
3.668248
1.507492
-1.330598
-3.214048
-3.723780
-3.030031
-1.473763
-0.367150
0.989376
2.120950
3.975695
5.172392
4.276430
1.686300
-1.371636
-3.351998
-3.362685
-2.081305
-0.568237
-0.388054
0.641774
1.589632
3.270148
3.813017
3.095856
0.939155
-1.608888
-3.638152
-3.689595
-2.870104
-1.227362
-1.035861
-0.205534
1.547735
3.189623
3.792274
3.004077
1.238835
-1.791723
-3.332460
-4.268334
-3.601010
-1.898802
-0.327929
0.801692
1.432036
3.075532
3.613489
2.803645
0.734373
-1.660831
-3.710699
-4.609242
-3.538965
-1.482176
-0.550806
0.421473
1.763830
3.201393
4.433796
3.171643
1.045025
-1.506580
-3.518402
-4.158187
-2.939288
-1.259693
-0.467127
0.532794
2.100636
3.597927
4.123573
3.064936
0.775960
-2.268494
-4.090880
-4.304354
-3.502256
-1.922295
-0.524350
0.286647
1.551060
3.315013
3.596763
3.292804
0.635461
-1.785363
-3.423693
-3.698537
-3.384923
-1.399893
-0.577558
-0.007942
1.168772
2.854420
3.465894
3.064555
1.140838
-1.178971
-3.268900
-3.788209
-3.288157
-1.803450
-0.907844
0.270343
1.787669
3.228522
4.275002
3.037042
0.846165
-1.823239
-3.796738
-4.444799
-3.113610
-2.348104
-1.237804
0.556445
1.905523
3.346081
4.263796
3.317405
0.818431
-2.019532
-3.786803
-4.130348
-3.376024
-1.660709
-0.508705
0.102618
1.531512
2.946102
3.266595
2.486226
0.672115
-2.242984
-4.139875
-4.660536
-3.402617
-2.701725
-1.099183
-0.150193
1.097251
2.917893
3.641218
2.538139
0.372088
-2.525792
-4.104667
-4.239087
-3.284317
-1.746405
-0.468568
0.245508
1.379895
2.460900
2.689663
2.461400
0.226152
-2.441279
-4.143176
-4.875729
-3.912845
-2.120516
-1.286840
-0.734390
1.108818
2.708912
3.766595
2.346547
0.272602
-2.434061
-4.337604
-4.907073
-3.344774
-0.963707
-0.165644
0.779371
2.120445
3.147593
3.399523
2.276005
0.126822
-2.588241
-4.181853
-4.185640
-3.017073
-1.838463
-0.815454
-0.474452
1.356576
2.414577
2.939272
1.912565
-0.105991
-2.894691
-4.948818
-4.872663
-3.005780
-1.908344
-0.957737
0.280436
0.851359
2.205665
2.959317
2.649768
0.918410
-1.185514
-3.605373
-4.453953
-2.938822
-1.699974
-1.034401
0.201326
1.678694
3.041393
3.876067
2.731831
0.400001
-1.819718
-4.105805
-4.845894
-4.181695
-2.659357
-0.996820
-0.268055
1.277040
2.888585
3.523607
2.618978
0.582292
-2.351862
-4.054364
-4.876005
-3.456869
-1.701937
-0.712862
-0.069044
0.762843
1.956978
3.215584
2.587094
0.611977
-2.014883
-4.368545
-5.059752
-2.976315
-1.754465
-1.082265
-0.058406
1.160265
2.768883
3.612511
2.787909
0.337420
-2.225451
-4.484262
-5.079639
-4.217305
-2.602752
-1.180968
-0.231492
0.698685
1.990560
2.953435
1.951106
0.132630
-2.961720
-4.926111
-5.346357
-4.200648
-2.391663
-1.472909
-0.511892
0.986072
2.005171
2.230048
1.743856
-0.304169
-2.781702
-4.773946
-5.618182
-4.523319
-2.741938
-1.973989
-1.313278
0.474097
1.836829
2.494585
2.116311
0.186028
-2.170539
-4.136006
-4.600676
-4.332721
-2.828847
-1.478710
-0.618608
0.839106
2.659081
3.150442
1.524074
-0.650956
-2.716601
-4.077317
-4.170778
-3.975068
-2.534615
-1.115850
-0.616225
0.490067
2.190382
3.062615
2.691743
0.482909
-1.964103
-4.049148
-4.513000
-2.894167
-1.841908
-1.279600
-0.201346
1.201841
2.656005
3.615334
2.191796
0.042757
-2.279473
-4.043266
-4.670572
-3.466141
-1.596029
-0.702633
0.196916
1.014318
1.865711
2.721634
1.682147
-0.214364
-2.656443
-4.591633
-4.885535
-4.058966
-2.375898
-1.079970
-0.699733
0.942785
2.186736
2.639626
1.722960
-0.137334
-2.361552
-4.368141
-4.775045
-4.259759
-2.548859
-1.161618
-0.446071
0.546114
1.882510
2.334256
1.375287
-0.048583
-2.431278
-4.351429
-4.244049
-3.191299
-1.853252
-1.298672
-0.227211
0.979333
1.943078
2.706043
1.997508
-0.343467
-3.140029
-4.671705
-4.437846
-3.835438
-2.048746
-1.050797
-0.188172
0.905082
2.027793
1.879903
1.163397
-0.527478
-2.858640
-4.401136
-5.145515
-3.947483
-2.680130
-1.487291
-0.331332
0.506309
1.603321
2.097783
1.268970
-0.346036
-2.705005
-4.387877
-5.049283
-4.018699
-2.542105
-1.276434
-0.655876
0.933263
2.208764
2.943605
1.841910
0.238935
-2.885239
-4.549372
-5.525024
-4.273450
-2.429840
-1.134760
-0.655111
0.613243
1.977172
2.739440
2.298001
-0.163793
-2.768975
-4.499955
-4.657901
-3.727918
-2.234327
-1.302116
-0.666239
0.439512
2.161471
2.848927
1.967841
-0.409311
-2.401049
-4.096664
-4.602142
-3.751790
-1.697287
-1.237782
-0.370966
0.913217
2.447280
2.382954
1.367894
-0.699368
-3.163987
-4.800928
-5.151245
-3.885880
-2.775581
-1.391232
-0.406310
0.864506
2.006802
2.484872
1.145367
-0.791905
-3.405041
-5.545227
-6.038749
-5.238265
-3.869443
-2.219028
-1.180111
0.394907
1.168397
1.463989
0.726968
-0.912333
-3.163573
-4.517266
-4.963963
-4.192200
-2.945763
-1.586292
-0.535459
0.308669
1.340806
1.592811
0.714175
-1.604948
-3.769118
-5.208028
-5.476089
-4.195927
-1.974188
-1.522419
-0.689141
0.347480
1.846642
1.956754
0.973458
-0.902308
-3.238482
-5.185800
-5.059238
-3.629682
-2.108168
-1.146854
-0.663461
0.627115
1.957910
1.611174
1.165465
-0.977742
-3.352897
-5.174751
-5.377500
-3.683155
-2.188444
-1.497147
-0.744811
0.704494
1.635199
2.264159
1.390758
-0.649143
-3.414052
-5.164823
-5.314000
-4.558006
-2.141541
-1.060551
-0.987234
0.059329
1.150462
1.163865
0.403758
-1.345862
-3.768160
-5.067561
-5.608825
-4.494262
-2.735579
-1.488720
-1.060854
0.178107
1.029495
1.496309
0.424637
-1.427816
-3.689181
-5.026695
-5.101237
-4.195642
-2.383476
-1.249163
-1.074366
-0.279268
1.283686
1.711255
0.781107
-1.226333
-3.765779
-5.860848
-5.953896
-4.532372
-2.589060
-1.817005
-1.108349
-0.250600
0.801882
1.055682
0.532481
-1.370785
-3.342589
-4.939321
-4.941683
-4.446251
-3.174484
-2.148788
-1.102608
0.057680
0.873897
1.675241
0.563585
-1.416382
-3.201555
-4.731001
-4.368039
-3.536196
-1.993444
-1.097595
-0.364176
0.673517
1.341490
1.739870
0.502189
-1.486367
-3.760986
-5.156356
-6.323833
-5.263890
-3.310579
-2.215681
-1.424050
-0.196910
1.114310
1.204642
0.374901
-1.499249
-3.762002
-5.016533
-5.651257
-4.529006
-2.651796
-1.194706
-1.038826
0.154016
1.885576
1.717894
1.344085
-0.959510
-2.832285
-5.024785
-5.451365
-4.049923
-2.646671
-2.166122
-1.395523
-0.133772
1.499425
1.777497
0.859279
-0.823423
-3.127041
-4.671224
-5.349902
-4.722558
-3.059519
-1.242178
-0.381294
0.560757
1.824011
2.322317
1.296628
-0.687251
-3.283896
-5.041988
-4.661852
-3.612558
-2.148075
-0.986362
-0.423887
1.018949
2.058560
2.537660
1.326337
-0.980788
-2.795213
-4.166003
-5.197867
-4.121403
-2.783981
-1.471783
-0.701191
0.009656
1.294431
1.504544
0.429597
-1.901554
-3.943233
-5.436700
-5.625434
-4.437453
-2.318598
-1.389416
-0.909734
0.626498
1.605823
1.878771
0.697848
-1.061507
-3.299336
-4.746138
-5.611433
-4.183239
-1.659678
-0.886425
0.017930
0.808294
1.709558
1.412079
0.445652
-1.596069
-4.394654
-6.275035
-6.870473
-4.908168
-3.512060
-1.753281
-1.155005
-0.273058
0.858057
1.150038
0.076322
-1.995920
-3.774071
-5.236444
-5.039719
-4.009022
-2.265244
-1.591692
-1.242917
-0.462206
0.633200
1.154877
-0.341405
-1.960314
-4.118633
-5.384230
-5.497029
-4.779859
-3.226658
-2.171741
-1.437833
-0.278764
1.426654
1.901022
0.631295
-1.204639
-2.649827
-4.570890
-4.907402
-3.800104
-2.024483
-1.542501
-0.339066
0.747760
1.884188
1.942326
0.780256
-0.999054
-3.440338
-5.206748
-5.554668
-4.631609
-2.600760
-1.402523
-0.938753
0.526469
1.147428
2.062795
0.491094
-1.131617
-4.034702
-5.245533
-5.467657
-4.371208
-2.607073
-1.005312
-0.676362
0.562967
1.106500
1.312363
0.580809
-2.068036
-4.553823
-6.459111
-6.178155
-5.409996
-3.227488
-1.872011
-1.580911
-0.350108
0.520353
0.594853
-0.230319
-2.058003
-4.753698
-6.453088
-7.090016
-5.787498
-3.639755
-2.411690
-1.264410
-0.098780
1.234384
1.442265
0.406930
-1.101005
-3.007962
-4.618456
-4.852839
-4.011938
-2.473690
-0.966181
-0.697940
0.179455
1.199003
1.613944
0.360232
-1.674112
-4.040755
-6.359746
-6.480624
-5.148552
-2.626467
-1.491766
-0.955868
0.407722
1.251603
1.879142
1.010285
-1.770095
-4.332325
-5.497813
-5.680714
-4.628263
-2.889210
-1.255163
-0.873303
-0.590975
0.589128
0.678103
-0.405211
-2.019352
-4.257524
-6.211153
-6.391969
-5.393011
-4.192923
-2.787695
-1.778091
-0.845140
0.110902
0.425632
-0.383910
-2.461906
-4.499021
-6.180822
-6.127295
-5.181436
-2.865055
-1.598633
-1.013777
0.156134
1.257699
1.539225
-0.097204
-1.881721
-3.683477
-5.391060
-5.431672
-4.388855
-2.656387
-0.490410
-0.557113
0.025683
0.570498
1.224921
0.285810
-1.798411
-4.191380
-5.905617
-5.615191
-4.217228
-2.828304
-1.505526
-1.023052
0.093987
0.999825
0.663049
-0.229592
-2.183243
-4.620209
-6.440672
-6.498674
-5.547332
-3.171915
-2.541050
-1.437939
-0.858719
-0.202832
0.084841
-0.717924
-2.788827
-4.909966
-6.874028
-6.717094
-5.504008
-3.242556
-3.115801
-1.593764
0.325079
1.129951
0.865032
-0.318560
-2.245977
-3.985243
-5.596957
-5.471404
-4.298735
-2.504179
-1.825052
-1.183480
-0.081159
1.368251
1.481104
0.495529
-2.018989
-4.520758
-5.960065
-6.008280
-4.522787
-2.608580
-1.808136
-1.080907
0.020260
1.226719
1.327547
-0.072848
-2.416344
-5.067473
-6.661561
-6.851694
-5.606815
-3.841299
-2.512821
-1.596835
-0.261716
0.458193
0.207526
-0.820359
-3.251175
-5.455453
-7.167912
-7.900900
-6.743392
-4.414076
-2.539581
-1.662049
-0.954722
-0.178244
0.062633
-1.310852
-3.319992
-5.241506
-6.803480
-6.950899
-5.204016
-3.177454
-1.706770
-1.934338
-0.709080
0.082980
0.063972
-1.150874
-2.878774
-5.078534
-6.507035
-6.844829
-5.486774
-3.505226
-2.205620
-1.520675
-0.659117
0.113421
0.620115
-0.603527
-2.506748
-4.837664
-5.965953
-5.963782
-4.955482
-3.136467
-1.983685
-0.580408
0.128678
0.946048
0.868048
-0.564714
-2.740766
-4.959976
-6.643540
-7.002898
-5.472036
-3.020971
-2.166416
-1.232841
-0.446317
0.431833
0.948615
-0.047194
-2.243101
-4.762017
-6.262511
-6.804677
-5.409554
-3.479431
-1.534454
-0.918648
-0.685363
0.125978
0.557304
-0.745481
-2.547339
-5.047811
-6.579087
-6.530796
-5.206749
-2.811575
-2.413866
-1.551695
-0.462684
0.095775
0.203086
-0.511863
-1.978375
-3.784728
-5.051080
-6.111824
-5.205698
-3.017532
-1.740637
-1.273827
-0.607933
0.229887
0.134171
-0.862044
-2.778648
-5.186267
-6.974971
-6.771235
-5.463046
-3.445440
-2.442692
-1.825436
-0.934993
0.355886
0.224345
-1.283426
-3.425922
-5.640272
-7.364665
-7.613724
-6.339448
-3.659546
-2.578056
-1.986628
-1.302286
-0.020425
0.171353
-1.353293
-2.952124
-5.076694
-6.486317
-7.292287
-6.173045
-4.275906
-2.212093
-2.132650
-1.407131
-0.150786
-0.116340
-1.072206
-3.313316
-5.663786
-6.869364
-7.046195
-6.056209
-3.592072
-1.952316
-1.651392
-0.896534
0.243500
-0.179287
-0.902256
-2.752084
-5.296659
-6.523603
-7.111567
-6.041991
-3.972626
-2.783104
-1.666257
-1.036467
0.397873
0.472535
-0.727111
-3.264064
-5.290981
-7.059567
-6.644061
-5.367703
-4.408239
-2.619122
-1.859284
-1.076319
-0.209759
-0.289186
-1.370020
-3.386067
-5.342822
-7.054479
-7.207076
-6.132201
-3.904539
-2.307703
-2.450106
-1.145842
-0.402792
-0.792130
-1.371609
-2.991391
-5.218238
-6.798214
-7.405860
-5.562435
-3.730570
-2.174633
-1.276957
-0.568808
-0.218020
0.118843
-1.223394
-3.017806
-5.359298
-6.712851
-7.520384
-6.087106
-3.625225
-2.107378
-1.358405
-0.474988
-0.060413
-0.186605
-1.650110
-2.731663
-5.104178
-6.376689
-6.830489
-5.523898
-4.004400
-2.601887
-2.321767
-1.720691
-0.466065
-0.443016
-1.290894
-3.204523
-5.616531
-7.357351
-7.548850
-6.157390
-4.145891
-2.441597
-1.904534
-0.891252
0.071278
-0.007883
-0.849758
-3.079695
-5.477730
-7.171011
-6.714567
-5.217131
-3.359346
-2.334421
-2.265931
-1.239193
0.078793
-0.390839
-1.517458
-3.523942
-5.593445
-6.997524
-7.807252
-6.414356
-4.501375
-2.676285
-2.245145
-1.184976
0.178449
0.672266
-0.208296
-2.285190
-4.468174
-5.990130
-6.857231
-5.241104
-3.544300
-2.037645
-1.791991
-0.980848
0.013416
0.326902
-0.677822
-3.010582
-4.685143
-5.933990
-6.239339
-5.147103
-3.371717
-2.327968
-2.189012
-0.608064
0.473838
0.359657
-0.773274
-2.672473
-5.309010
-6.659637
-6.595792
-5.182136
-3.550636
-2.758051
-2.049192
-0.728541
-0.170033
0.211905
-0.699600
-2.530190
-4.925085
-6.316029
-6.579185
-5.198591
-3.663866
-2.932165
-1.757401
-0.155146
0.123111
-0.138644
-1.101349
-3.273900
-5.377568
-6.754557
-6.067614
-5.431475
-4.347729
-3.215892
-2.434165
-0.781001
0.144690
0.977971
-0.314017
-2.701965
-4.331684
-5.767910
-5.775899
-4.554169
-3.218519
-1.924438
-1.775188
-0.491436
0.487946
0.681959
-0.821985
-2.998629
-5.493912
-7.301018
-7.734086
-5.251287
-2.849762
-1.947491
-2.094617
-0.864091
0.147184
0.487566
-0.534864
-2.609465
-5.202076
-6.814782
-6.643388
-5.263288
-3.935231
-3.007390
-1.868459
-1.119228
-0.233878
0.019954
-1.015128
-2.700844
-5.189434
-6.878553
-7.396451
-5.598876
-3.195263
-2.376875
-1.840221
-1.164210
-0.024364
-0.217104
-1.683681
-3.664143
-6.221600
-7.669196
-7.717992
-6.852782
-5.072223
-3.510088
-2.870663
-1.368254
-0.108387
-0.032587
-1.205162
-2.955576
-5.248405
-6.474942
-6.723392
-5.670214
-3.605435
-2.502545
-1.418391
-0.360858
0.526268
0.760647
-0.765087
-2.561468
-4.832706
-6.746851
-7.140234
-5.632075
-3.836694
-2.720546
-1.810176
-0.413998
0.611247
0.555804
-0.937413
-3.317947
-5.521345
-6.890460
-7.827127
-7.010730
-4.969316
-3.056879
-2.445172
-1.246175
-0.086872
-0.199611
-1.196449
-3.037031
-4.825318
-5.925303
-6.241949
-5.224469
-3.281136
-2.228880
-1.175137
-0.566881
0.089371
0.113165
-0.885078
-2.797554
-5.329584
-7.180282
-7.855989
-6.749579
-4.860523
-2.980034
-2.128912
-1.113303
0.266476
0.026507
-0.906937
-3.120850
-5.354151
-6.753142
-7.328313
-6.003258
-3.607899
-2.365267
-2.166090
-0.949803
-0.434372
-0.712822
-1.165638
-3.199417
-5.404538
-7.181705
-7.763699
-6.316319
-4.317539
-3.039947
-2.462898
-1.253018
-0.455289
-0.626487
-1.506668
-3.685775
-6.302819
-7.810124
-7.515716
-6.693999
-5.091729
-3.699205
-2.773136
-1.830758
-1.108225
-0.646276
-1.902237
-4.283363
-6.110567
-7.378161
-8.061111
-7.263858
-5.257963
-3.397730
-2.823820
-1.872690
-1.154067
-0.938537
-2.184824
-3.932840
-6.073358
-7.168336
-7.625075
-6.540179
-4.345162
-3.447204
-3.464762
-2.001392
-0.617975
-0.728489
-1.925407
-4.523396
-6.739783
-8.298461
-7.886513
-5.669922
-4.383852
-3.299155
-2.807011
-1.749624
-0.610843
-0.249481
-1.656649
-3.688528
-6.154223
-7.803925
-8.211469
-6.506368
-5.301210
-3.843946
-2.992058
-1.740534
-0.949600
-0.990828
-2.007394
-3.960102
-5.760298
-6.430020
-7.557998
-6.594294
-4.026663
-2.903457
-2.292660
-0.628259
-0.428452
-0.530083
-1.417944
-3.749841
-5.905958
-7.120568
-7.141927
-6.084854
-4.568739
-3.394102
-2.764902
-1.452489
-0.089078
0.242918
-0.967402
-3.454156
-5.705951
-7.741236
-7.176640
-5.973590
-4.078760
-2.967192
-2.225815
-1.109632
-0.182828
0.129599
-1.259970
-3.719678
-6.251358
-7.741827
-8.280637
-5.992924
-4.342770
-3.334338
-2.998280
-1.801047
-0.329750
0.018116
-1.316288
-3.489014
-6.139818
-7.804383
-7.542246
-5.716088
-4.503350
-4.400182
-3.205993
-1.659446
-0.338478
-0.229980
-0.999523
-2.997910
-4.995197
-6.885643
-7.009746
-5.895920
-4.582569
-3.366528
-2.818163
-0.951876
0.405016
0.294758
-0.490199
-2.746464
-5.592761
-7.553483
-7.994443
-6.717618
-4.885725
-4.213432
-3.182254
-2.029989
-0.730497
0.221622
-1.573856
-3.336926
-5.922483
-7.518776
-8.141839
-7.393755
-5.836472
-4.389332
-3.094892
-1.496075
0.101523
0.728064
-0.099890
-2.289175
-4.856082
-6.847332
-7.259694
-6.011252
-3.328236
-2.847632
-2.709409
-0.690830
0.110420
0.394341
-0.464827
-2.650694
-5.702804
-7.662464
-8.010627
-6.500266
-5.024253
-3.697194
-3.212434
-1.333313
-0.654829
-0.111855
-1.206823
-2.990842
-5.756508
-7.613888
-7.976603
-6.277848
-4.657279
-3.700620
-2.667874
-1.286821
-0.450389
-0.134096
-1.131077
-3.221974
-5.891742
-8.124868
-8.704770
-6.929250
-5.618063
-4.032333
-3.047320
-1.616896
-0.666834
-0.656864
-1.259155
-3.690338
-5.773638
-7.464949
-7.348948
-6.040752
-5.041636
-3.678152
-2.982174
-1.762349
-0.211164
-0.270352
-0.796745
-2.994792
-5.053842
-6.670947
-7.039999
-5.975603
-4.537895
-3.539441
-2.664422
-1.290515
-0.396997
-0.024063
-0.598179
-3.046371
-5.551791
-7.863735
-8.006997
-6.546553
-5.400578
-3.938972
-2.852695
-1.625662
-0.043169
0.386847
-0.256039
-2.403527
-5.365454
-7.294810
-7.975686
-7.106525
-5.491259
-3.701939
-2.370002
-1.274913
-0.100159
0.666770
-0.266687
-3.370524
-5.923060
-7.802657
-8.189874
-7.360958
-5.232854
-3.578392
-2.734051
-2.009094
-0.784380
-0.199845
-1.084705
-3.465662
-5.555637
-8.007994
-8.126604
-6.671583
-4.751464
-3.429466
-2.340168
-1.615860
-0.556108
-0.485842
-1.456146
-3.647687
-6.208398
-7.929415
-8.915233
-7.900090
-5.641613
-4.394304
-3.334418
-2.053815
-0.604216
-0.265913
-1.269001
-3.072701
-6.028217
-7.900747
-8.247952
-7.199779
-4.645119
-3.264361
-3.064909
-1.285201
-0.068143
0.283028
-1.089237
-3.395459
-5.866773
-7.492604
-7.886910
-6.639630
-4.735228
-3.324880
-1.859948
-1.100319
0.131905
0.361586
-1.015123
-3.031746
-5.785602
-7.675899
-8.069856
-7.246704
-5.772224
-3.711581
-2.614355
-0.917855
0.213217
0.911165
0.019876
-2.474284
-4.881912
-6.531535
-6.658952
-6.374519
-4.830483
-3.307161
-2.054228
-0.757895
0.580021
1.243558
-0.554499
-2.674217
-5.371610
-7.422159
-7.336887
-5.739472
-4.809951
-4.378048
-2.896383
-0.810310
0.712118
0.647233
-0.421799
-3.029791
-5.624049
-7.728088
-8.166858
-6.865883
-5.370912
-4.047739
-3.103655
-1.467222
-0.026834
0.607682
-0.367710
-2.492635
-5.329855
-7.305645
-7.683815
-6.555867
-4.613397
-3.593455
-3.285500
-1.625030
0.053753
0.893578
-0.338501
-3.096976
-5.804184
-7.715073
-8.226370
-7.370494
-6.044125
-4.616270
-2.812786
-1.234835
-0.398944
-0.342570
-1.343563
-3.554295
-6.016261
-8.199139
-8.809736
-7.346987
-5.363036
-4.422562
-3.334519
-1.765814
0.001019
0.103617
-0.516359
-2.921679
-6.083035
-8.033059
-8.804811
-7.574370
-5.441221
-3.519275
-2.823271
-1.592791
0.197618
0.230534
-0.459269
-2.736824
-5.530402
-7.199260
-7.952745
-6.877307
-5.514439
-4.564658
-3.171276
-1.255282
0.585551
1.141132
0.047838
-2.122910
-4.872089
-6.889228
-8.107637
-7.104157
-5.539412
-4.045378
-2.699223
-1.500890
0.072664
0.534990
0.214101
-2.217924
-5.218625
-7.459516
-8.482615
-7.207478
-4.760505
-3.499208
-3.194745
-1.463531
0.044130
0.287467
-0.209469
-2.594042
-5.336821
-7.789782
-8.273304
-7.167992
-5.498838
-4.203977
-2.941773
-1.801372
0.236056
0.807432
-0.297432
-2.135412
-4.926229
-7.142235
-7.762715
-5.891707
-4.330293
-3.519805
-2.953223
-1.427225
-0.090137
0.288667
-0.986113
-2.738976
-5.103707
-6.506814
-6.824729
-6.109223
-4.558000
-3.561605
-2.581897
-1.382019
0.351841
0.821663
-0.430738
-2.508060
-5.136137
-7.106829
-7.935488
-7.365355
-5.052797
-3.390769
-2.403681
-1.001646
0.885195
0.739752
-0.651142
-2.842968
-5.929553
-8.185778
-8.757860
-7.660784
-5.919343
-4.475557
-3.139424
-2.040545
-0.471592
0.241604
-1.400434
-3.599022
-6.394252
-8.939774
-10.047926
-9.037774
-7.041604
-5.172395
-3.803138
-2.479715
-0.977146
-0.225810
-1.075221
-2.908099
-5.763511
-7.160908
-8.215403
-7.068750
-5.431578
-3.861808
-3.010287
-1.926101
-0.159575
0.438928
-0.177098
-3.080283
-5.819779
-8.201128
-8.365412
-7.472392
-5.058683
-4.651773
-3.302357
-1.657531
0.340111
0.508302
-0.585915
-2.994623
-5.844192
-7.666677
-8.247931
-7.039721
-5.439674
-4.118065
-2.809565
-1.278502
0.227741
0.506833
-0.380285
-2.727881
-5.437221
-7.287897
-7.680525
-6.766809
-5.098875
-3.888144
-3.067611
-1.446042
0.242001
0.067320
-0.410565
-2.886621
-5.142140
-7.274136
-7.482110
-6.233074
-5.575883
-4.092638
-2.571719
-0.830339
1.122011
1.329046
0.272256
-2.346337
-4.891662
-7.389181
-7.657579
-6.437488
-4.892645
-3.983346
-2.817370
-1.518647
0.241320
0.561339
-0.057339
-2.195227
-4.608519
-6.941000
-7.383648
-6.724453
-4.932038
-3.710075
-3.093870
-1.317481
-0.181018
0.239005
-0.535057
-2.422447
-4.835470
-6.922027
-7.465648
-6.784292
-5.622166
-3.938183
-2.416150
-0.348820
1.069016
0.866012
-0.047543
-1.865938
-4.832477
-7.010015
-6.993776
-5.617111
-4.771981
-3.500978
-2.840829
-1.463322
0.621162
1.225248
0.059284
-2.085169
-5.414713
-7.996305
-8.293989
-7.460402
-5.629048
-4.237411
-2.965872
-1.314642
0.808014
1.223228
-0.385775
-3.061012
-5.389114
-7.171320
-7.408957
-6.678035
-4.703021
-3.486473
-2.619006
-0.982581
1.125492
1.201656
-0.003288
-1.843262
-4.815092
-7.371300
-7.900816
-6.563565
-4.826193
-3.235608
-2.007877
0.006688
1.227849
1.110383
-0.347995
-2.498676
-5.751344
-7.597088
-8.016930
-7.907757
-5.938707
-4.425456
-3.046603
-1.537234
0.888170
1.393089
0.212589
-2.697989
-5.548082
-7.168192
-7.389663
-6.745031
-5.501343
-4.522805
-3.121679
-1.309929
-0.188729
0.199352
-0.862600
-3.235648
-5.821844
-8.223581
-8.883511
-7.522239
-6.063021
-5.077443
-3.756327
-2.256899
-0.339836
0.151245
-0.864466
-3.576155
-6.143919
-8.385507
-9.230066
-8.406578
-6.025721
-4.718228
-3.547956
-2.006737
-0.180416
0.103398
-0.932749
-3.209223
-5.714760
-8.027654
-8.817841
-6.841187
-5.517823
-3.910064
-2.880669
-1.198120
0.789728
1.259422
-0.680032
-2.664481
-5.782324
-7.537939
-7.580384
-7.209785
-5.036735
-3.823991
-2.230642
-0.756392
0.878936
0.867752
-0.113488
-2.451472
-5.597124
-7.321651
-8.130245
-7.688947
-6.568522
-5.038974
-3.432097
-1.854512
-0.304523
0.207369
-0.212280
-2.693068
-4.860950
-7.085045
-7.787769
-6.689920
-5.565657
-4.175657
-3.003760
-1.413980
-0.416986
0.712724
-0.475647
-3.068247
-5.960866
-8.620016
-9.474760
-8.403326
-6.569586
-4.976694
-3.408365
-1.574232
-0.274315
0.152928
-1.136158
-3.321475
-5.626902
-7.309121
-7.398239
-6.904546
-5.919833
-4.300827
-2.817554
-1.350445
-0.043259
0.662234
-0.439583
-2.774606
-5.694005
-7.836266
-7.894896
-6.946976
-5.076958
-4.393868
-3.365100
-2.104883
-0.193865
0.139694
-0.704279
-3.424492
-6.129786
-7.850266
-8.092392
-7.057508
-5.499531
-4.599569
-2.911036
-1.224057
0.352736
0.895021
-0.261434
-1.826403
-5.455626
-7.724226
-7.680647
-6.672026
-5.036353
-4.151098
-2.523033
-0.727197
0.853998
1.652565
0.214521
-2.009158
-4.903625
-7.290690
-8.602541
-7.770300
-5.791993
-4.361593
-3.196672
-1.006693
0.779140
1.344466
0.437766
-2.233800
-4.904906
-7.196579
-7.994473
-7.169453
-6.086647
-4.888152
-3.777326
-1.825575
0.170369
1.296010
0.595343
-1.848454
-4.473289
-6.626172
-7.328104
-6.571405
-4.900554
-3.581306
-2.048115
-0.227043
1.567770
2.682812
0.561630
-1.659098
-4.831721
-6.649177
-7.526914
-6.315635
-4.789955
-3.574937
-2.439749
-0.692932
0.931831
1.263355
-0.106258
-2.420099
-4.924759
-7.136063
-8.162962
-6.973305
-6.018314
-4.301990
-2.625237
-1.348001
0.437166
0.815696
-0.043070
-2.194523
-5.128073
-7.657866
-8.027418
-6.512239
-5.075058
-4.289568
-3.137025
-1.467588
0.390055
1.072563
0.116926
-2.622977
-5.025230
-7.376305
-8.625632
-7.372992
-5.676914
-4.654218
-2.589785
-0.211540
1.314182
1.309820
0.261333
-2.507825
-4.933933
-6.826693
-7.320157
-7.050153
-5.179572
-3.845878
-2.597536
-0.770012
0.657843
1.826738
1.055302
-1.569177
-4.074224
-6.425802
-6.918806
-6.004429
-4.561295
-3.908081
-2.814409
-0.647450
1.294214
1.983042
0.914989
-1.477610
-4.382511
-6.986283
-7.555387
-7.183513
-5.498611
-3.974168
-2.978610
-1.101246
1.246696
1.604165
1.036505
-1.600025
-4.076161
-6.657954
-7.346818
-7.313687
-5.220868
-3.493769
-1.967428
-0.048475
1.576176
1.953619
0.390180
-2.031166
-4.586293
-6.844261
-7.966078
-7.314770
-5.769854
-3.668677
-2.845868
-1.032712
0.834034
1.410242
0.816072
-0.982148
-3.595923
-6.549674
-7.198096
-6.605728
-5.434518
-4.154909
-2.457701
-0.756512
1.067757
1.727454
0.574330
-1.426786
-4.360905
-6.613953
-7.181051
-5.980280
-4.363155
-3.343457
-2.846223
-1.147205
1.178114
1.560246
0.448431
-1.795099
-4.213741
-6.888007
-7.603767
-7.255408
-5.723719
-4.537775
-3.354486
-1.465913
1.064195
1.668570
1.015133
-0.890480
-3.549930
-4.925889
-6.132695
-5.393723
-3.764929
-3.093710
-1.387892
0.136109
1.841082
2.505165
1.260527
-1.321615
-4.665657
-6.979220
-7.433077
-5.588563
-4.462534
-3.421030
-1.954795
0.288260
1.776329
1.917501
0.893543
-1.752958
-4.548165
-7.191739
-7.248333
-6.534723
-5.074144
-3.581249
-2.219041
-0.706366
0.835764
1.458067
0.485065
-1.690823
-4.160379
-6.593665
-7.598584
-6.384767
-4.529822
-3.442436
-2.125777
-0.352352
1.981133
2.677943
1.855916
-0.493549
-3.752823
-6.152991
-6.940165
-5.960752
-4.525037
-3.353204
-2.560367
-0.506277
1.560242
1.391224
0.887596
-1.764267
-4.311596
-7.006220
-7.725026
-6.563604
-5.155701
-4.150187
-2.889380
-0.364218
1.396973
1.852478
1.295903
-1.033519
-3.814085
-6.343863
-6.736390
-5.910616
-5.207821
-4.031397
-2.425196
-0.045506
2.050716
2.293396
1.609760
-0.909489
-3.671052
-6.065141
-6.821101
-6.038164
-4.832801
-3.349718
-1.474113
0.690444
2.681095
2.714754
1.695040
-0.689654
-4.051637
-6.605835
-7.467230
-5.756491
-4.478086
-3.628681
-2.492415
-0.641075
1.458834
2.565979
1.319894
-0.696236
-3.328763
-5.782985
-6.633245
-5.549269
-3.960350
-2.667214
-1.830276
-0.158557
1.717401
2.585394
1.848040
-0.252884
-2.940546
-5.180354
-6.314171
-5.507939
-3.913423
-2.725785
-1.427624
-0.082767
1.525798
2.774256
1.790293
-0.807474
-3.979084
-6.436769
-7.427229
-6.838528
-5.300220
-4.009956
-2.570595
-0.106882
1.486916
2.674726
1.379477
-0.638707
-3.552585
-5.838445
-7.059329
-6.268062
-4.559776
-3.540946
-2.310418
0.145493
1.939579
2.020735
0.938618
-1.398783
-4.477556
-6.659365
-7.419734
-6.684585
-4.622291
-3.589303
-2.518318
-0.385442
1.257116
1.468687
0.656672
-1.332392
-3.655468
-5.861342
-7.161391
-6.619227
-5.034018
-3.588428
-1.804765
-0.311103
1.621115
2.053005
1.306716
-1.664105
-4.405681
-6.862027
-8.154952
-7.124479
-5.223816
-3.886709
-2.334182
-0.077454
1.987865
2.450496
1.862878
-0.065159
-3.745787
-5.653291
-6.389534
-4.656281
-4.243570
-3.523897
-2.221400
-0.194981
1.944069
2.466806
1.113294
-1.476524
-3.870930
-6.401522
-6.953802
-5.781912
-4.373587
-3.736522
-1.642223
0.259220
1.879965
2.360355
1.660489
-0.145903
-3.101300
-5.564488
-6.820202
-5.574720
-4.025299
-3.030215
-1.429418
0.764465
2.686459
3.223155
2.090279
-0.029964
-3.743058
-6.006076
-6.933909
-6.633759
-5.258816
-4.094541
-2.415905
0.198784
2.266972
2.968466
2.274942
-0.626468
-3.651486
-5.921971
-6.867389
-5.671710
-4.699750
-3.434102
-2.512544
-0.353168
1.599718
2.287678
1.451746
-0.490361
-3.525084
-6.165951
-7.310147
-6.196423
-4.630666
-3.393353
-1.926679
0.465513
2.275679
3.226830
2.046404
0.203655
-2.600998
-4.705938
-5.835593
-5.128415
-3.497452
-2.632651
-0.860355
0.683685
2.138290
2.403236
1.336538
-0.567808
-3.001614
-5.631218
-6.146589
-5.684666
-4.355279
-3.372355
-1.661811
0.375254
2.576648
3.379036
2.562699
0.669931
-2.029529
-4.852878
-5.814062
-5.202932
-3.904223
-2.445148
-0.953746
1.179968
3.574659
4.660631
3.824184
1.350890
-1.662203
-3.482136
-3.904001
-2.636986
-2.192678
-0.917840
-0.362666
1.530263
3.319880
4.568262
4.040153
1.304485
-1.353827
-3.693954
-4.504224
-3.428418
-2.187191
-1.330096
-0.432466
1.481897
3.490671
4.414881
3.568222
1.427378
-1.220980
-3.940297
-4.627683
-3.888837
-2.554227
-1.437160
0.155436
2.014453
3.842679
4.921246
3.926266
1.918629
-0.760668
-2.956428
-3.792495
-3.212424
-1.896763
-1.027283
0.567390
2.497628
4.651592
5.394371
4.639319
1.730387
-1.300923
-4.128374
-4.566575
-3.990986
-3.077515
-1.500424
-0.082527
2.337156
4.340162
4.693506
3.779096
1.177076
-1.792239
-4.198210
-5.117849
-3.950217
-2.310150
-1.566544
0.152767
1.756052
3.313507
3.920720
3.254175
1.352756
-1.550077
-4.088572
-5.134061
-4.159002
-2.530099
-1.415686
-0.344030
1.277312
3.207260
3.682093
3.774984
1.217113
-2.013683
-4.373476
-5.160653
-4.006476
-2.427162
-1.556162
-0.332129
1.353247
3.641558
4.270396
3.678073
1.328851
-1.716181
-4.397917
-5.065680
-4.723494
-3.242032
-2.087249
-0.690403
1.595453
3.568733
4.285550
3.853317
0.898394
-1.857472
-4.014049
-4.216632
-3.572618
-2.014319
-1.291347
-0.312699
1.722278
3.973747
5.133076
4.259462
2.330951
-0.379973
-3.225629
-4.095100
-3.442339
-1.852235
0.114063
0.439876
2.156177
4.242398
4.927635
4.665505
2.147588
-0.353978
-2.906529
-3.898315
-2.562153
-1.532202
-0.832911
-0.127799
2.144400
4.592092
5.551132
4.530437
2.983612
0.215132
-2.217010
-3.346045
-2.433561
-0.804999
0.497659
1.544767
3.494951
5.765808
5.920328
5.252357
2.739017
-0.031546
-2.052838
-2.546218
-1.351030
-0.758597
0.535329
1.619805
3.296299
5.486675
6.163624
5.084232
2.918606
-0.051950
-2.341491
-3.234959
-2.713307
-1.517416
-0.351518
0.494421
2.597570
4.714149
5.375954
3.961651
1.927003
-0.449854
-2.669320
-3.600303
-2.760200
-1.212849
0.245086
1.235520
2.451330
4.845691
5.768963
4.952358
2.843360
0.426171
-1.683725
-2.291303
-1.959057
-0.829253
-0.546793
0.776220
2.917531
5.414921
5.886814
4.887664
2.169496
-0.083544
-1.814157
-2.696095
-2.059772
-0.187517
0.335892
1.167819
3.374614
5.817163
5.996223
5.099064
2.856003
-0.133739
-1.928762
-2.581980
-0.659985
0.095520
0.556185
1.225113
2.824172
4.968021
6.041042
5.038698
2.836374
0.534861
-2.076745
-2.364744
-1.399898
-0.096561
0.414766
1.039783
3.104058
5.128159
5.950832
5.430462
3.492731
0.753317
-1.669696
-1.971910
-0.773834
0.510906
1.155608
2.531651
4.466161
6.479807
6.550550
5.132757
2.803587
0.290879
-1.545752
-2.065078
-1.673517
-0.447682
0.621335
1.878794
3.980147
6.027700
6.239393
5.331169
3.436822
0.704329
-0.516038
-1.183837
-0.851704
0.057787
0.870787
2.079930
3.983584
6.283539
6.740982
5.941383
3.642319
0.609762
-1.582883
-1.581111
-1.209562
0.288118
1.538813
2.887311
4.140974
5.701389
6.163136
5.476196
3.712252
0.997357
-0.944421
-1.915971
-0.943525
0.332897
1.322091
2.412623
4.086731
5.610670
6.600544
5.585831
2.798145
0.999705
-0.407798
-1.034013
-0.167547
0.536730
1.105128
2.185410
4.666224
6.489162
7.336521
5.935549
4.137372
1.366507
-0.899008
-1.366776
-0.130041
0.510176
1.345384
2.363285
4.477242
6.322079
6.756552
5.933769
3.873145
0.957067
-0.843631
-0.938547
-0.853339
0.259558
1.504810
2.709818
4.449306
6.422977
7.176697
6.178450
3.935399
2.107362
-0.342153
-1.197744
-0.667516
0.160942
1.328288
2.805421
4.918739
6.871084
7.406147
6.721550
4.189019
1.459284
-0.321884
-1.381811
-0.517977
0.596106
1.370639
2.821637
4.454632
6.801880
7.500195
6.067247
4.078072
1.591848
-0.141182
-0.892156
-0.472233
1.467115
1.721163
2.875628
4.908039
6.718554
7.140608
6.513313
4.373574
1.599098
-0.378877
-0.985128
0.138924
1.975981
1.787582
2.599851
4.687044
7.220612
7.402470
6.426718
4.699915
1.900947
-0.171216
-1.059498
-0.044445
1.344690
2.154047
2.878554
4.963066
7.258450
7.614277
6.432732
3.976509
1.120301
-0.654848
-1.073965
-0.339443
0.543739
1.240525
2.671385
4.390311
6.017250
6.858105
5.430180
3.755758
0.881607
-1.043399
-1.965206
-1.366695
0.048946
1.281481
2.147059
3.805813
5.812069
6.622704
5.938307
4.457333
1.946669
-0.279076
-0.757957
0.365408
1.555407
2.323753
2.896765
4.844841
6.115639
7.038906
5.841824
3.857892
1.243491
-0.723546
-0.633055
0.159281
1.024246
1.574043
2.485615
4.349313
6.396976
7.023972
5.974560
4.076363
1.446550
-0.603826
-1.223944
-0.318254
1.118706
1.865370
2.539915
4.422939
6.570980
7.053410
5.824163
4.073623
1.694128
-0.059046
-0.702842
-0.007559
1.900597
2.324877
3.127757
4.562225
6.120358
7.325220
6.482143
4.024575
1.805466
0.181434
-0.988334
-0.180531
1.333347
2.533611
2.807360
4.395972
6.369102
6.787634
6.063122
4.385931
1.986581
0.304818
-0.528229
-0.242205
0.591618
1.722139
2.828293
4.363107
6.185755
6.777447
5.815178
4.339939
1.993465
0.298830
-0.089761
0.044195
0.929375
1.250410
2.400985
4.538043
6.362854
7.404984
6.554558
4.680666
2.144981
0.044413
-0.346048
0.007484
1.224886
1.519114
2.796630
4.908695
6.412407
6.998230
6.282276
4.300614
1.873628
-0.173890
-0.478635
0.333757
1.494759
2.719839
3.555116
5.075706
7.044542
7.567013
7.062838
4.820397
2.683305
0.497421
0.256785
1.393253
1.529175
2.269323
3.503533
5.471521
6.859680
7.967838
6.921383
4.632339
2.289934
0.191866
0.259580
0.953674
1.591822
1.827824
3.149880
5.797033
7.925346
8.630129
7.471107
5.164719
2.606226
0.199801
-0.513534
-0.104376
1.038519
1.920027
2.980272
5.147476
7.029606
8.051056
6.985229
4.962368
2.467771
0.305084
-0.578729
0.357899
1.550684
2.629244
3.409319
4.703066
6.918074
7.686947
6.566814
4.929516
2.273312
0.671454
0.206520
0.387844
1.073648
2.112732
3.016642
4.931545
6.620535
7.508564
6.747910
4.158019
1.748587
0.036540
-0.434861
0.434057
1.504023
2.269539
2.828717
4.538344
6.229042
7.164614
6.178581
4.348823
1.691854
-1.099437
-1.701492
-1.483856
0.518286
1.640087
2.474940
3.811242
6.066811
6.458584
6.366404
4.375832
2.118224
0.104294
-0.480151
0.011278
1.288067
1.467598
2.538132
4.483403
6.598246
7.734760
6.411942
4.628583
1.991818
-0.456175
-1.017644
-0.023117
0.738605
1.459545
2.222144
4.191551
6.204041
7.046005
6.501247
4.276210
1.658137
-0.530885
-1.602174
-1.023218
0.230204
1.346475
2.792017
5.485540
6.858047
7.780279
6.562035
4.505134
1.857000
-0.347763
-1.175735
-0.237047
1.090769
1.327661
2.395051
4.559544
7.132576
7.741188
6.559696
4.423820
1.994802
-0.659082
-0.976619
0.042816
1.425047
2.368076
2.595840
4.524536
6.564331
7.450905
6.458961
4.503344
2.218016
-0.397207
-1.151182
-0.184527
1.358824
2.195065
2.906347
4.668536
7.073872
7.688179
6.390123
4.375238
1.980000
-0.406630
-0.936687
0.236309
1.720903
2.614054
3.760075
5.088326
7.076340
7.537260
5.904991
3.659286
1.094063
-0.316485
-1.403129
-0.352885
0.471621
1.024092
1.986161
3.686589
5.491905
6.427330
5.228680
3.411107
1.011299
-0.828313
-1.343047
-0.469124
0.621504
1.099137
2.240252
4.080099
5.741812
6.791830
6.200098
3.957813
1.850786
-0.590247
-0.308122
1.031807
1.261862
1.552324
2.534211
4.847497
6.281734
6.860344
6.138725
3.556456
0.850945
-1.014164
-1.195807
-0.601680
0.521202
1.554237
2.408528
4.018288
6.390570
7.550056
6.634054
3.996450
1.710670
-0.447447
-1.092002
-0.429061
0.317972
1.043027
2.616209
4.542635
6.157175
6.785797
5.819382
3.523265
1.509841
-0.300345
-0.115814
0.640699
1.702017
1.912851
2.492455
4.545562
6.633621
7.595749
7.108238
4.675645
2.134148
0.013507
-1.041536
-0.410171
0.809717
2.143944
3.678446
5.520761
7.348873
7.931877
6.415239
4.403743
1.948957
-0.114295
-0.486347
0.496126
1.202745
2.671474
3.374415
5.441566
7.013794
8.109608
7.048939
4.369843
1.431863
-0.508554
-1.078650
-0.482685
0.967342
1.736986
2.715465
4.539343
6.471390
6.858580
5.984261
4.051922
1.842566
0.365297
-0.024246
0.286884
1.283154
1.987955
2.591651
4.234940
6.588295
7.066282
6.306068
4.355361
1.717350
-0.133724
-1.242676
-0.299449
0.621681
1.820402
2.991172
4.779215
6.456921
7.376484
6.230228
4.349791
1.434797
-0.364511
-0.970778
-0.112679
1.085983
1.936262
3.304667
4.977947
6.684019
7.575842
6.533796
3.665030
1.242455
-0.627194
-1.051435
0.012165
0.900370
1.732672
2.923418
4.515797
5.869761
6.813807
5.630558
3.858069
1.533264
-0.362883
-1.133635
-0.588616
0.045603
1.026126
2.892066
4.252061
6.589983
7.440525
6.954622
4.379610
1.821445
-0.181174
-0.690014
0.236609
1.083952
2.084173
2.519884
4.777000
6.749748
7.103809
6.069319
4.417124
1.603934
-0.093210
-0.135533
0.342487
0.679413
1.598708
2.903149
4.989918
6.503941
7.134369
5.724476
3.793203
1.614870
-0.332370
-0.852522
0.076458
1.443756
1.867971
2.552583
4.403504
6.623016
6.921192
5.548595
3.895878
1.426717
-0.022799
-1.273622
-0.762689
0.617508
1.219915
2.346766
4.456410
6.492388
7.536388
6.453068
4.709533
1.876599
-0.386415
-0.869975
-0.495737
0.679220
1.460679
2.965130
4.879483
6.620636
7.991243
7.217180
4.860361
2.152541
-0.004766
-0.620888
0.837536
2.062847
2.243713
3.106392
4.813581
6.589237
7.059685
5.866264
4.032210
1.886307
0.236292
-0.499225
0.365160
1.601635
1.916342
3.222149
4.775224
6.583214
7.044880
6.639187
3.947193
1.306991
-0.756689
-1.361707
-0.028688
1.330595
2.324455
2.571168
4.622948
6.587879
7.624474
6.857958
4.550006
2.049451
-0.030581
-0.981208
0.257061
1.727364
2.341539
2.928425
4.695300
6.559135
6.858189
6.358290
4.391406
2.087359
0.471125
-0.295209
0.131416
1.389282
1.568703
2.713922
4.665219
6.862022
7.302261
6.055527
4.185869
1.423907
-0.322956
-0.925244
0.168674
1.948139
2.117617
2.782487
4.855814
7.028008
7.084476
6.323896
4.106118
1.475050
-0.924588
-1.000821
0.087557
1.480759
1.461548
2.270387
4.512613
6.191694
6.987782
5.935337
3.943889
1.549718
-0.223528
-0.931448
0.206528
1.295021
1.844707
2.642945
4.980583
6.473106
6.786457
6.022999
3.983356
1.309573
-0.821276
-1.486216
-0.533245
0.076748
0.836501
2.423618
4.329774
6.217541
6.980331
6.055016
3.610613
0.839636
-1.318656
-1.870737
-0.766102
0.743368
1.413416
2.410081
4.758384
6.849487
7.765131
6.612835
3.922331
1.996258
-0.578351
-1.160176
-0.441796
0.467697
1.394417
2.768964
4.653751
7.201077
8.319489
7.018707
4.799101
2.454101
0.727432
-0.185284
0.717102
1.601461
2.190771
3.179266
5.178984
7.365314
7.887850
6.471218
4.249604
1.686741
-0.462772
-1.245575
0.259348
0.859499
1.991070
2.860289
5.378378
7.347454
7.886263
6.982166
4.874061
1.637426
-0.304136
-1.381267
-0.539908
0.818535
1.290516
2.540014
4.833692
6.502272
6.811363
5.966934
3.400289
1.465664
-0.510016
-1.255019
-0.782302
0.313206
1.442562
2.695875
4.800835
6.400898
6.603714
5.577396
3.553518
1.306401
-0.720160
-1.368975
-0.368406
0.811119
1.350260
2.539440
3.988391
6.769020
7.306293
6.081501
4.115060
1.600147
-0.973263
-1.320343
-0.973858
-0.031248
1.072005
2.366595
4.212248
5.998489
6.661556
6.030647
4.172119
1.896983
-0.251827
-0.927864
-0.032650
1.462278
1.568126
2.248038
4.272019
6.424187
6.958998
5.896929
3.485927
0.511194
-0.562134
-0.961720
0.004400
0.711870
1.463280
2.338770
4.665195
6.480278
6.935665
5.931662
3.575511
1.115218
-1.015845
-2.295097
-1.127609
0.786707
1.130151
2.107512
4.518594
6.226257
6.994473
6.045223
3.955092
1.877205
-0.429111
-1.364495
-0.478344
0.674572
1.478210
2.497135
4.462962
6.573418
7.560936
6.756805
4.626387
1.731045
-0.291585
-0.690911
0.543037
2.275202
2.104946
2.884292
4.542393
6.562717
7.609764
6.562246
4.666804
1.878016
-0.625607
-1.051385
0.188705
1.101732
1.735917
3.153922
4.935801
6.740948
7.489983
6.989899
4.665888
2.529537
0.885208
-0.317847
0.178844
1.245945
2.625402
3.398820
4.954779
6.796677
7.584034
6.908230
5.061691
2.473599
0.574414
-0.537950
0.343941
1.657019
2.043327
2.925227
5.322037
7.434439
8.068291
7.155792
4.753809
2.164362
0.088672
-0.414655
0.086452
1.423664
2.184126
3.167860
4.980824
7.248920
7.525402
6.804367
4.068665
1.666641
-0.062530
-0.729921
0.024908
1.353422
1.861778
2.548412
4.712653
6.596092
7.271431
5.947990
3.852341
1.258595
-0.882981
-1.814814
-0.716161
0.702036
1.336349
2.160243
4.254169
6.243547
6.620056
5.930618
3.770932
0.495123
-1.595474
-1.635196
-1.043865
0.324953
1.078959
2.481917
4.477474
6.635452
7.225311
6.059280
3.521940
1.219321
-0.679873
-1.287866
-0.608257
0.576723
1.349037
2.754725
4.453828
6.346272
6.718555
5.903576
3.422093
0.527293
-1.062273
-1.378205
-0.722655
0.688351
1.295333
2.518434
4.053039
5.813604
6.667383
5.831972
4.331075
1.966712
0.243322
-0.023689
0.285519
0.893023
1.465059
2.325128
4.238447
6.275618
7.275024
6.133577
4.253523
1.901618
-0.544383
-0.907474
-0.592229
0.987621
1.478491
2.510015
5.041647
6.934921
7.286835
6.683180
4.180785
0.903882
-1.127595
-1.741153
-0.191032
1.558693
2.246244
2.784450
4.531696
6.391947
7.034893
6.033882
3.490194
1.384575
-0.760457
-0.798007
0.182344
1.151085
1.716465
2.540965
5.085918
6.829618
7.212158
6.511364
3.965251
0.930105
-1.294175
-2.089107
-1.209452
-0.285083
0.810025
2.352715
4.277390
6.424625
7.237209
6.362850
4.036727
1.620069
-0.529415
-0.759902
-0.334555
0.956190
1.382766
2.658724
4.652809
6.619987
7.820221
6.611610
4.245463
1.756400
-0.116132
-0.846699
-0.316696
1.071445
1.754757
2.903560
4.673983
7.161514
8.018749
6.708851
4.639752
2.145195
0.488720
-0.679398
-0.009596
1.092274
2.504377
3.597921
5.022064
6.849098
7.234570
6.549553
4.392176
1.544862
-0.503585
-1.442953
-0.606438
0.721474
1.596738
3.157545
5.388554
7.516060
7.799782
6.632843
4.064672
1.256552
-0.768223
-0.929740
0.482344
1.715189
2.442312
3.370492
4.911213
7.047556
7.200136
6.150253
4.038134
1.309551
-0.891769
-0.957485
-0.379228
0.118711
1.379704
2.477139
4.518741
6.569263
6.981392
5.949787
4.046516
1.319648
-0.594543
-1.401508
-0.171988
1.116426
1.546919
1.918766
3.950015
6.300125
6.904070
5.880058
3.624146
0.785129
-1.430509
-2.040578
-1.036201
0.346207
1.361670
2.472277
4.832967
6.526762
7.340343
5.920467
4.352329
0.973799
-1.122945
-1.434974
-1.123479
-0.000097
0.712920
2.175036
4.044477
5.997221
6.395065
5.456783
3.805124
1.094919
-0.803311
-1.203035
-0.158468
0.773731
1.553609
2.372417
3.923266
6.707661
6.899050
5.166389
2.782660
0.713895
-1.002894
-2.052204
-1.108165
0.271820
1.060404
2.394963
3.986216
6.193138
6.941662
6.077862
3.693610
1.239789
-0.836693
-1.330968
-0.323446
1.082867
1.722910
2.774489
4.150884
6.448807
7.605492
5.987284
4.039898
1.647425
-0.371417
-1.071130
-0.463664
0.944077
1.619376
2.663182
4.117751
6.445435
7.048658
6.024639
3.725460
0.951654
-0.694722
-0.619877
0.097151
0.733383
1.216403
2.320938
4.498097
6.934097
7.196499
6.191965
4.170923
1.868670
-0.477180
-1.215727
-0.478606
0.526230
1.409276
2.161348
4.046091
6.558105
7.376472
6.831356
4.774826
2.235308
0.055132
-0.663058
0.389149
1.061369
1.551859
2.596051
5.077862
7.177090
8.022449
6.879333
4.766977
2.292591
0.691950
0.254791
0.905975
1.527758
2.284746
3.068841
5.090927
6.899582
8.084068
6.149063
4.091575
1.672899
-0.529032
-1.719924
-0.588719
0.518711
1.254105
2.376838
4.430434
6.191839
6.757881
5.696228
3.943871
1.810430
-0.222525
-1.351002
-0.338541
0.665665
1.803623
2.476302
4.163630
5.957649
6.776815
5.659973
3.841692
1.256275
-0.773890
-0.887856
-0.633998
0.176607
1.475103
2.899662
4.568582
6.813086
7.809311
7.077915
4.783031
2.058885
-0.055880
-0.693718
0.003202
1.461132
2.111406
3.530139
5.123688
6.956482
7.484957
6.384624
3.627021
1.175035
-1.219773
-1.923948
-0.981307
0.143892
1.167113
1.959054
4.111453
6.087311
6.512632
5.716133
3.583517
0.765133
-1.535716
-2.331607
-1.306953
0.094133
1.068189
1.919246
3.745856
5.088982
6.371666
5.230633
3.456648
0.865511
-1.275018
-1.568481
-0.360602
0.608870
1.185662
2.192248
3.982975
6.142220
6.638050
5.536638
3.607137
1.063270
-1.074717
-1.941422
-0.262704
1.021830
1.556772
2.500173
4.724559
6.637554
6.572422
6.016363
3.560708
1.082662
-1.103116
-1.240818
-0.050678
0.783007
1.345100
2.097905
3.918846
5.894516
6.703400
5.208086
3.893314
1.494881
-0.058822
-0.983981
-0.636518
0.884142
1.164601
2.306231
4.287491
5.984959
6.993587
6.246422
4.132244
1.458585
-0.522018
-0.929623
0.178015
1.008148
1.436715
2.471986
4.980148
6.441885
7.298985
6.365993
3.682895
1.324726
-0.563086
-1.113530
-0.260722
1.173798
1.762127
2.982348
4.884117
7.018665
6.976099
5.806072
3.689040
0.487138
-0.922234
-1.803835
-1.202766
0.109325
1.237603
2.215781
4.361330
6.543093
6.722904
6.125486
3.885041
1.658927
-0.075500
-0.939837
-0.188066
1.067446
1.587620
2.580100
4.128054
6.246994
6.824806
5.833342
3.725292
1.420120
-0.731977
-1.186719
-0.096956
1.567343
2.260973
2.391095
4.334973
5.851303
6.390945
5.783930
3.806152
0.983766
-1.417835
-1.969044
-1.282857
0.346975
1.662653
2.323857
4.629250
6.430153
7.152000
6.379627
3.902377
1.329975
-0.109143
-0.823566
0.122784
0.550192
1.384673
2.414248
4.614047
6.443762
7.489960
6.265423
4.752281
1.930973
-0.480053
-1.388266
-1.002214
0.766834
1.383575
2.277166
4.409661
6.510311
7.381310
6.357208
3.257914
0.859172
-0.835405
-1.666554
-1.383334
-0.294214
0.946000
2.064691
4.211843
6.044029
6.823910
5.137352
3.190182
1.022763
-0.460005
-1.553085
-1.060944
0.723850
1.623978
2.130751
3.789686
6.356525
7.539062
6.599562
3.554838
0.344109
-1.507906
-2.186723
-1.446627
0.215025
1.608747
2.948627
4.227878
5.537552
6.674885
5.814579
3.625837
0.751042
-1.139829
-1.771891
-0.587155
0.598541
1.067234
1.909532
3.870639
5.688721
6.603386
5.353237
3.515416
0.997602
-0.946641
-2.116763
-1.155791
0.391375
1.299086
2.236914
4.002715
6.120060
7.321384
6.387100
3.709347
1.074353
-0.694725
-1.412739
-0.472370
1.087425
1.977921
2.833313
4.482638
6.216110
6.915033
5.455242
3.350407
1.049188
-0.750246
-1.723532
-0.698209
1.090200
1.215590
1.782775
3.711569
5.903999
6.243666
5.577473
3.364843
0.722514
-1.124282
-1.735694
-0.721589
0.555454
0.867231
1.741513
3.911625
5.901920
6.789974
6.089941
3.654899
1.089025
-0.442791
-1.417951
-0.827377
1.055309
1.212354
2.372907
3.955301
6.180542
7.537815
6.324383
3.579298
1.496272
-0.583448
-1.032357
-0.867831
0.496565
1.077563
2.206391
4.024746
6.145182
6.662506
5.612095
3.524746
0.856917
-0.821184
-1.458486
-0.568265
0.231468
0.858191
2.413777
4.540034
6.991690
7.405928
6.340622
3.646878
0.864532
-1.354330
-2.176832
-0.571587
0.843315
1.431762
1.953889
4.424944
6.771986
7.167398
6.191717
3.613166
1.068100
-0.903943
-1.907497
-1.205559
0.471266
1.263321
2.383917
4.612400
6.776024
6.877913
5.918694
3.588039
1.102424
-0.899437
-1.607520
-0.456066
0.384098
1.073566
1.726149
3.701063
6.233444
6.447258
6.010679
3.884274
1.126609
-1.010760
-1.822488
-1.019319
-0.300785
0.770962
2.575053
4.217113
6.275352
7.121901
5.786961
3.701897
1.578496
-0.429507
-1.240891
-0.504826
0.578396
1.500330
2.959713
5.199238
6.999924
7.372463
6.140110
3.653926
0.900289
-1.421323
-2.136982
-1.928364
-0.142206
0.920007
2.110806
4.706610
6.701269
7.304756
5.633673
3.357306
1.051283
-1.052082
-1.402052
-0.703842
0.709488
1.677730
2.714788
4.622335
6.511074
7.196560
5.629326
3.737487
1.347223
-1.084613
-1.745002
-0.920441
0.749819
1.761177
2.640410
4.552947
6.326632
7.363945
6.356445
4.718075
2.254679
-0.064962
-0.961613
-0.544220
0.876104
1.106774
1.884587
4.226462
6.532310
7.037373
6.279703
4.201604
1.276940
-0.876304
-1.718465
-0.891126
0.066586
0.831759
2.428958
4.401311
6.639061
7.966240
6.206053
3.418550
0.711447
-1.186111
-1.809983
-0.914372
0.473759
0.892488
1.988434
4.572083
7.095451
7.568787
6.183926
3.934185
1.372987
-0.485004
-0.414247
0.664980
1.059635
0.989758
1.830528
3.636051
6.077707
6.960039
6.171021
4.267035
1.072598
-1.104703
-1.820015
-1.158886
0.321142
1.339500
2.580842
5.074337
7.085339
7.251537
6.149437
4.055152
1.397537
-1.054278
-1.718918
-0.659755
0.204412
1.248699
2.421040
4.835030
6.958254
7.642870
7.004139
4.371699
1.791404
-0.289837
-0.813560
0.444811
1.150888
1.700737
2.513607
4.571376
7.239727
8.159716
6.353737
4.455452
1.544706
-0.256967
-0.601976
-0.232511
0.811089
1.539236
2.379055
4.515555
6.767536
7.129482
6.529221
3.806869
1.429973
-0.889081
-1.933083
-1.025653
0.492151
0.781299
2.058240
4.194307
6.079567
6.341063
5.969183
3.896125
0.760397
-1.275914
-2.255693
-1.191885
0.141499
1.086898
2.274081
4.693453
7.172888
7.613455
6.019287
3.406846
1.213936
-0.912577
-1.431660
-0.527922
0.580002
0.946679
1.670835
3.739449
6.096733
7.219797
6.273602
3.717834
1.011568
-1.495317
-2.099880
-0.991357
0.226903
0.912827
2.328205
4.377268
6.264923
6.630966
6.082546
3.490936
0.870571
-1.542621
-2.213169
-1.580132
-0.155114
1.103197
2.166493
4.366627
6.431484
6.832825
5.749327
3.892015
0.770251
-0.940474
-2.058457
-1.464035
0.451809
1.484287
2.770652
5.331593
7.073933
7.738594
5.962461
3.947136
1.110888
-0.710472
-1.497600
-0.897912
0.405159
1.050865
2.591719
4.545436
6.170904
7.179443
6.342957
3.595089
0.751000
-1.112987
-1.715189
-1.316340
0.230789
1.229600
2.278368
4.307518
6.962282
7.549435
6.006990
3.748005
0.571033
-0.890594
-1.776429
-1.032046
0.715183
1.422799
1.904359
4.397985
6.930260
7.503757
6.230198
3.385505
0.937429
-0.958879
-1.937665
-1.101912
-0.364841
1.024653
1.990338
3.842249
5.900574
6.217400
5.607336
3.047216
0.645641
-1.220650
-1.379046
-0.653925
0.045984
1.064763
2.507939
5.001534
7.035328
7.090851
6.041306
3.795834
1.379958
-1.160659
-2.210608
-1.422990
-0.309055
1.038091
2.170758
4.417247
6.779510
7.502644
5.897366
3.713363
1.077852
-0.919740
-1.355082
-0.496980
0.901497
1.305645
2.344554
4.762367
6.270380
7.232006
6.626690
4.423906
1.090049
-0.625140
-0.814752
0.188763
0.711458
1.322500
2.317966
4.619205
6.413118
6.786303
5.757759
3.499282
0.371697
-1.827838
-2.183637
-1.065413
0.370630
0.597780
1.722666
3.707441
5.799095
7.083447
5.908495
3.489889
0.828221
-1.244671
-2.087900
-0.869689
0.331171
0.822634
1.893048
4.105968
6.702631
6.880924
5.689291
3.171523
0.614680
-1.241338
-1.872557
-1.108932
-0.051852
0.704775
1.961434
3.760853
5.964878
7.213577
6.389553
3.575553
1.425148
-0.773995
-2.200041
-1.143580
0.088070
0.877974
2.095410
3.819093
6.032307
7.289513
6.065723
3.146298
0.479218
-1.664943
-2.340718
-1.574214
-0.770645
0.229884
2.181772
4.368181
6.135605
6.971828
5.738018
3.100080
0.281163
-1.501544
-2.201283
-1.893338
-0.545301
0.595632
1.921806
3.939487
5.825632
6.813065
5.476133
3.241548
0.631566
-1.641374
-2.281326
-1.440843
-0.104565
0.474694
1.705917
4.005432
5.927214
6.207073
5.033310
2.350781
-0.287751
-1.839621
-2.369282
-1.281801
-0.133929
0.782312
1.581164
3.627475
5.429718
6.314285
5.205448
2.815450
0.067012
-2.183276
-2.715538
-0.814741
0.328745
1.498666
2.003213
3.677049
5.809475
6.359087
5.805756
3.306710
0.798537
-1.228836
-1.932741
-1.653411
-0.523083
0.509367
2.309394
3.853217
5.927525
6.661098
5.508896
3.568925
0.771394
-1.711729
-2.600855
-1.567776
-0.473400
0.661016
1.623481
4.114745
6.383305
6.996265
6.227394
3.923489
1.140577
-0.677302
-1.674138
-0.906767
0.750387
1.767472
2.406491
4.979971
7.201748
7.223171
6.300728
3.812191
0.716367
-1.011838
-1.865386
-1.607916
0.224430
0.618124
1.600760
4.030678
6.076588
7.132610
5.801975
3.636097
0.415999
-2.072994
-2.583765
-1.186529
0.093929
0.824640
2.300075
4.337558
6.318844
6.685835
5.421944
3.595143
1.155609
-1.125972
-2.150990
-1.371284
0.197561
1.016598
2.134199
4.125360
6.223671
7.422169
5.677568
4.091207
1.287553
-0.972617
-1.754394
-0.499732
0.605537
1.724586
2.849142
4.419051
6.273571
6.591993
5.676838
3.191337
0.373846
-1.666003
-2.417513
-1.304834
0.141921
1.118969
2.498396
4.411399
6.252239
6.862747
5.648535
2.929867
0.616716
-1.309884
-1.799747
-0.708455
0.110281
0.451200
1.490148
3.080921
5.536144
6.301661
5.559896
3.589266
0.859294
-1.315053
-2.059160
-1.365025
0.280544
0.934850
1.648832
3.901878
5.930397
