6.482909
4.771605
2.803594
0.000079
-2.617373
-3.034687
-2.377777
-0.846437
-0.133807
0.812324
2.757559
5.401317
5.979114
4.990371
2.914961
0.430392
-2.020960
-2.667656
-1.902103
-1.021539
0.360424
1.562370
3.655330
5.781112
6.322288
5.953700
3.285536
0.706702
-1.080398
-1.209185
-0.907371
0.554252
0.967155
2.351044
3.947897
6.207494
6.817645
5.042117
3.166928
0.337317
-2.484073
-3.547618
-2.797760
-1.142275
0.167622
1.635667
3.451617
5.552846
6.588862
4.791667
3.204244
0.314845
-1.668786
-2.511876
-1.639608
-0.228995
1.049729
2.218557
4.181847
5.505759
5.812140
5.059772
2.448928
-0.453997
-2.489478
-3.376954
-2.505095
-0.014512
0.998670
1.632604
3.764465
5.570861
6.293983
4.872216
2.837024
0.057054
-2.249098
-2.723114
-1.895827
-0.992745
-0.077446
0.971132
2.841742
5.106975
5.422965
4.784076
3.249442
0.167385
-1.474010
-2.164447
-1.511841
-0.409524
0.114768
1.253651
3.243693
5.234008
5.886870
4.973475
2.864520
-0.005062
-2.010651
-2.648581
-1.911797
-0.173919
1.249621
2.007385
3.273074
5.414109
6.797744
5.599135
2.968095
0.289001
-2.675214
-2.853765
-1.749607
-0.899796
0.378805
1.073415
3.086485
5.591868
6.490087
5.345809
2.723270
-0.388580
-2.304850
-2.921571
-2.292192
-1.193181
0.311864
1.424839
3.681743
5.566466
6.135699
5.161338
3.319458
0.688131
-1.876328
-2.801445
-1.916749
-0.271345
0.679678
1.940207
3.392475
5.656341
6.651383
5.240729
3.107622
0.376863
-1.978796
-2.445865
-1.196255
-0.535761
0.328145
1.038101
3.190428
5.819678
6.285670
5.040271
2.697555
-0.187077
-2.295779
-3.473203
-2.718369
-0.749623
0.164290
1.359156
3.413812
5.864488
6.739673
5.432372
3.066737
0.398929
-2.261189
-3.075333
-2.308812
-0.377303
0.438123
1.158635
2.847471
5.111949
5.730182
5.244945
3.526559
0.509233
-1.543208
-2.446321
-1.936377
-0.954591
0.261847
1.858241
4.005537
6.513671
6.643987
5.833453
3.232277
0.513541
-1.863166
-2.822569
-1.319965
-0.200825
0.327749
1.140511
3.512679
5.841887
6.676715
4.938134
2.822608
0.290486
-1.726119
-2.755812
-1.564570
-0.389657
0.227708
1.618885
3.573967
6.210193
6.312900
5.181895
2.959082
-0.291354
-2.327822
-3.061491
-2.215594
-0.323831
1.013605
1.334142
3.390480
5.363355
6.299869
4.766299
2.426326
-0.225276
-2.552034
-3.288836
-2.324959
-0.686869
0.219522
1.399757
3.266097
5.244174
6.128396
5.483581
3.201095
0.460120
-2.072220
-2.689605
-2.113204
-0.787569
0.183851
1.313054
3.289100
5.319392
6.258662
5.225307
2.638262
0.213269
-1.762212
-2.348229
-1.315598
-0.103337
0.482022
1.482169
3.819524
5.928205
6.242698
5.355020
3.004659
0.163026
-1.605479
-2.806013
-1.631632
-0.260180
0.287290
1.696651
3.705166
5.523482
6.309791
5.392184
2.854492
-0.484487
-2.374464
-3.227636
-2.559972
-1.036336
-0.068172
1.443341
3.308410
5.619018
6.758771
4.738196
2.526764
-0.369597
-2.745582
-2.919039
-1.993803
-0.473566
0.177525
1.436791
3.008306
5.355220
5.833922
4.941005
2.640394
-0.172821
-2.127912
-2.960303
-2.669182
-0.885056
0.433963
1.445140
2.529942
4.529802
5.869880
4.267009
1.693228
-0.987940
-2.419804
-3.006504
-2.299081
-0.792416
0.128947
1.094847
2.732007
4.940963
6.036836
5.113519
2.456314
-0.445705
-2.912415
-3.363566
-2.491077
-1.167151
-0.354587
1.016846
2.924488
4.820575
5.117267
4.374714
1.975712
-0.652890
-3.021367
-4.016096
-3.058956
-1.616664
-0.428294
0.583585
2.615836
4.861646
5.316466
4.636821
2.249920
-0.148928
-2.350040
-3.097572
-2.182105
-1.634908
0.112552
1.212177
3.074985
5.396949
5.399806
4.040683
2.189765
-0.826355
-3.373034
-4.346776
-3.815761
-1.803876
-0.952033
0.272841
2.226026
3.959476
5.066806
4.038482
2.005941
-0.600426
-2.779095
-3.595521
-2.127586
-0.517299
-0.190499
0.627822
2.701125
4.687934
5.804835
4.494559
2.077583
-0.471977
-2.395070
-2.735672
-1.462993
-0.577540
0.609290
1.029676
2.587145
4.686282
4.912436
4.538584
2.405690
-0.037976
-2.407872
-2.967749
-2.223166
-0.245839
0.715008
1.515227
2.968334
4.927352
5.543860
4.339198
2.105983
-0.958465
-3.122533
-3.923019
-2.948322
-1.651904
-0.540521
0.805184
2.596006
4.321546
5.144113
3.934037
1.336660
-1.217171
-3.674582
-3.921026
-3.524898
-2.124123
-0.502175
0.214011
1.824625
4.113605
4.965068
3.784363
1.193419
-0.923500
-3.067601
-3.742182
-2.883377
-1.534123
-0.567386
0.141376
2.280537
3.987072
4.901244
4.067801
1.756437
-1.234454
-3.480824
-3.748542
-3.252789
-1.675879
-0.157753
0.572846
2.829224
4.435261
4.871589
3.835023
1.655353
-1.166765
-2.793069
-4.027816
-3.594618
-1.999243
-1.131989
0.392682
2.431280
4.839225
5.393531
4.919532
2.116666
-0.860813
-3.274120
-4.146694
-3.005000
-1.503625
-0.281552
1.189477
2.703299
4.523946
5.221793
3.948835
1.827931
-0.895749
-2.937022
-3.298089
-2.180269
-0.954364
-0.093645
0.651936
1.857361
4.514309
5.110053
4.347169
1.823677
-0.739598
-3.235627
-3.741255
-2.400479
-0.676797
0.290587
1.130553
2.986292
4.446462
5.342942
3.775362
1.152953
-1.243249
-2.733915
-3.612435
-2.883585
-1.482597
-0.687893
0.675482
2.028082
3.439864
4.056617
3.952688
2.069318
-0.728997
-2.965423
-3.492855
-2.620445
-1.500797
-0.059237
0.936996
2.670868
4.988225
5.516925
4.398376
2.236053
-0.511005
-2.750550
-3.213064
-2.036518
-0.515471
0.406301
1.495317
2.685254
5.038024
5.995603
4.881204
1.963631
-1.334056
-3.329556
-4.126863
-3.084873
-1.459504
-0.514126
0.439870
2.150483
3.880524
4.893268
3.563847
1.834098
-1.298115
-3.625911
-4.000548
-3.093857
-1.579309
-0.410660
0.649855
2.285487
3.964041
4.429778
3.568112
1.092191
-1.230637
-3.415774
-3.533923
-2.289037
-1.302779
-0.513493
0.536671
2.085809
4.061542
5.040359
4.320342
2.119153
-0.911541
-2.880380
-3.523303
-2.419147
-1.336631
-0.329679
1.171315
2.842752
4.305676
4.822097
3.208515
0.975897
-1.446540
-3.017262
-3.291165
-2.560526
-1.060899
-0.378860
0.649190
1.897347
3.727126
4.660815
3.438726
0.599016
-1.868589
-3.911784
-4.739230
-3.717383
-2.196791
-1.605536
-0.772265
1.132611
3.355247
3.737685
3.128502
0.847066
-2.042956
-4.268951
-4.968422
-3.945786
-2.404396
-1.482285
-0.483094
1.462531
3.268650
3.644184
2.526350
0.574411
-1.827496
-3.905166
-4.851820
-4.152707
-2.349748
-1.030026
0.036960
1.863782
3.409035
4.298415
3.002584
1.635781
-1.739669
-3.303467
-4.070524
-2.652762
-1.535995
-0.588367
0.455591
1.743529
3.749136
4.200886
2.803129
0.804946
-1.519084
-3.293579
-4.638103
-4.337472
-2.325321
-0.600670
0.453082
1.819715
3.584685
4.539724
3.416965
0.922994
-1.689909
-3.754364
-3.958864
-3.152838
-1.534674
-1.070978
-0.082875
1.662594
3.326908
4.114887
3.631797
0.926849
-1.264619
-3.197987
-4.117538
-3.381036
-1.821477
-1.248558
-0.125874
1.441414
3.080024
3.778164
2.988235
1.138938
-1.564230
-2.784362
-3.573481
-2.550595
-1.530002
-0.656366
0.454137
1.750471
3.769292
4.328604
3.315768
1.326558
-1.546300
-3.906993
-4.454313
-3.212821
-1.785581
-0.988621
-0.299720
1.398528
3.058578
3.767395
3.123443
0.615352
-1.647527
-3.619911
-4.429072
-3.797588
-2.192383
-1.464916
-0.407550
1.062348
3.003924
3.916130
3.180140
1.553106
-1.369228
-3.184703
-4.136146
-2.882203
-1.158814
-0.466462
-0.203643
1.718716
3.371043
4.220555
3.815636
1.701879
-1.257669
-3.083858
-4.372286
-3.084173
-0.957660
-0.430828
0.447667
2.330543
3.618274
4.607915
3.591006
1.142560
-1.527531
-3.516096
-3.528147
-2.809772
-1.002856
0.078685
0.687453
1.857207
3.938392
4.466496
3.487447
1.164828
-1.210274
-3.229838
-3.689797
-2.579524
-1.551242
-1.122556
0.431087
1.308094
3.545089
3.847728
3.383258
1.168230
-1.599514
-3.775484
-4.098825
-3.041103
-1.191672
-0.763682
0.315928
2.320786
3.986086
4.431871
3.270776
1.259960
-1.574841
-3.600784
-3.306415
-3.068774
-1.184371
-0.735108
-0.606844
1.601781
3.396740
4.756204
4.170027
1.418213
-0.756964
-2.914658
-3.690397
-2.610584
-0.968165
-0.395284
0.629786
2.628468
4.288393
5.273944
3.754842
1.965954
-0.404894
-2.383687
-3.728108
-3.159154
-1.507596
-0.157334
0.729929
2.349828
3.854696
4.415013
3.539783
1.184936
-1.680205
-3.433743
-3.942629
-2.897961
-1.335042
-0.453715
-0.027355
1.960273
3.682659
4.239643
3.585277
1.447354
-1.260439
-3.194965
-4.489309
-3.335646
-1.604409
-0.507929
-0.125955
1.552358
3.289466
4.084775
3.112406
0.758638
-1.723670
-3.870904
-4.800285
-3.597237
-1.851739
-0.998497
-0.369336
0.884725
2.443067
3.432837
2.982038
1.300871
-1.464324
-3.561284
-3.595500
-2.590069
-1.193761
-0.387466
0.225088
1.914961
3.913958
4.496774
3.671638
1.567444
-1.194952
-3.000269
-3.442370
-2.728785
-0.933759
-0.107425
0.489806
1.885409
3.507061
4.165211
3.307144
1.001981
-2.012784
-4.197322
-4.883052
-4.417950
-2.851549
-1.701180
-0.556273
0.951889
2.494040
3.703524
2.585848
0.346438
-2.130589
-3.609939
-4.591477
-3.756105
-1.806436
-0.567316
0.269966
0.910828
2.439518
3.296720
2.009806
0.037261
-2.388341
-4.255083
-5.339253
-3.849454
-2.279761
-1.546268
-0.350791
1.020844
2.780285
3.239775
2.053343
0.218851
-2.343553
-4.143290
-4.857872
-3.841518
-2.028062
-0.758326
-0.186114
0.992438
2.673223
3.474773
2.705658
0.220779
-2.428949
-4.361885
-4.088232
-3.413995
-1.911954
-0.624778
0.168561
1.375916
2.565449
3.190727
2.768613
0.455937
-2.142401
-4.560612
-5.313451
-3.702306
-2.294228
-0.854372
-0.671209
0.969480
2.454325
3.196134
2.369901
-0.126258
-2.937945
-4.385324
-4.637396
-3.546004
-2.104268
-1.243555
-0.564566
0.897896
2.060760
2.782635
1.961222
-0.357682
-3.318854
-5.432424
-6.349963
-4.959540
-3.221955
-1.736281
-1.173333
-0.120733
1.372418
2.216549
0.583990
-1.199235
-3.328340
-5.326776
-5.828003
-4.761624
-2.548148
-2.020478
-0.826451
0.683166
1.392097
2.067613
1.277965
-1.043405
-2.775299
-4.298670
-4.903820
-4.219707
-2.623839
-1.331183
-0.953632
0.282208
2.320848
2.487034
1.949877
-0.271571
-2.856637
-5.063363
-5.319762
-4.172994
-2.460160
-1.262146
-0.360981
1.219395
2.426724
3.035900
2.096956
-0.346074
-2.993027
-5.372408
-5.691974
-5.496073
-3.237216
-1.415726
-1.117324
0.413927
1.556002
2.235523
1.241863
-0.827046
-3.311488
-5.195074
-5.685499
-4.639706
-3.007271
-1.528592
-0.999875
0.655373
1.679050
2.126952
1.149028
-0.226865
-2.604823
-4.342845
-5.011492
-3.700727
-1.843902
-1.181133
-0.651030
0.896092
2.059387
2.459539
1.684369
-0.658578
-3.026164
-4.444162
-4.506839
-3.651476
-2.179849
-0.849603
-0.723284
0.517382
2.033545
2.622728
1.611122
-0.201619
-2.947566
-4.568552
-4.487641
-3.340068
-1.507880
-0.476335
-0.272476
0.785793
2.309495
3.009194
2.112834
0.255715
-2.484298
-4.154827
-4.340949
-3.662581
-1.698422
-0.800446
-0.706263
0.672568
2.250283
2.449731
1.463007
-0.666456
-2.974105
-4.160449
-4.414999
-3.475420
-2.019626
-1.626147
-1.091515
0.305316
2.608884
3.050292
1.745722
-0.213284
-2.004768
-3.759664
-4.124782
-3.679513
-1.462853
-0.588531
-0.305006
1.123937
2.439404
2.769878
1.747989
-0.040225
-2.336419
-4.121891
-4.318461
-3.611194
-1.955018
-0.834651
-0.212847
1.036564
2.806778
4.047997
2.943329
0.497496
-2.277536
-3.716327
-4.030287
-3.021813
-1.457665
-0.406039
-0.607914
0.467102
2.054310
2.401033
1.538685
-0.408344
-2.957924
-5.129363
-5.201509
-4.273206
-3.474253
-2.547437
-1.145490
0.669665
1.642712
2.016882
1.357808
-0.851481
-2.794539
-4.342010
-4.371159
-3.573970
-1.967360
-1.564260
-0.493994
0.617592
1.931694
2.060483
1.137003
-0.724772
-3.129510
-4.991279
-5.252633
-3.676368
-1.856118
-1.280755
-0.802118
0.408273
1.838930
2.960144
2.328595
-0.050447
-2.825754
-4.430916
-5.331661
-4.536595
-1.874969
-1.174489
-0.853012
0.522951
1.806130
1.911348
1.336843
-0.828081
-2.895761
-4.784616
-5.034173
-3.456491
-1.745059
-1.035447
-0.531522
0.696839
2.139740
2.155923
0.764297
-1.066346
-3.481831
-4.775802
-5.647326
-5.164181
-3.463730
-1.974710
-0.540737
0.434290
1.302953
2.028598
0.882552
-1.060002
-3.606404
-5.381929
-5.288723
-4.429601
-2.500867
-1.394412
-0.692639
0.395009
1.913541
1.967381
1.537536
-0.591936
-3.032266
-4.930601
-5.541298
-4.551688
-2.389905
-1.660264
-0.727032
0.387518
1.919830
2.330693
1.749063
-0.235713
-2.755243
-4.340091
-5.206208
-4.376665
-2.149325
-1.163047
-0.813223
0.349986
1.712576
2.625186
1.109708
-0.849566
-3.531306
-5.362549
-6.230369
-5.148728
-3.134370
-1.662871
-0.865955
0.447124
1.504228
1.669607
1.237979
-0.632735
-2.856798
-4.972349
-5.662047
-4.648586
-2.857388
-1.789380
-0.630286
0.902167
2.804094
3.128052
1.957785
-0.369859
-3.061796
-4.688993
-5.137232
-4.027060
-2.457976
-1.521558
-0.446643
1.135819
2.451492
2.176050
1.615387
-0.454427
-2.442003
-4.416692
-4.722093
-4.027883
-1.946860
-0.912557
-0.368226
1.008077
2.454766
2.387316
1.095146
-0.712629
-2.945411
-4.709349
-5.249956
-4.281573
-1.850066
-1.178868
-0.290545
1.220764
2.876725
3.386282
2.321083
0.058845
-2.021585
-3.533028
-4.375855
-3.163749
-2.015676
-0.979196
-0.260391
0.922398
2.588430
3.011713
2.360012
-0.004230
-2.433088
-4.216334
-4.556619
-3.801259
-1.890891
-0.921981
-0.018643
1.032776
2.319445
2.597912
1.739491
-0.612985
-3.141665
-4.474279
-4.748371
-3.442702
-1.474456
-1.378779
-0.286562
0.669794
2.003275
2.263127
0.879610
-0.945383
-2.798963
-4.476036
-5.386647
-4.424263
-2.188674
-1.100242
-0.831280
0.904359
2.185546
2.580509
1.340215
-0.584312
-2.741734
-4.571001
-4.965900
-4.149240
-2.461080
-1.685046
-0.516039
1.238091
1.849949
2.071049
0.694481
-0.867852
-3.144967
-5.554356
-5.644741
-4.194211
-3.256904
-1.789302
-1.194446
0.775270
1.623271
1.567931
0.290898
-1.770634
-3.977374
-5.481449
-5.182213
-3.847993
-2.858096
-2.181163
-1.129664
-0.110722
1.109031
1.589044
0.744725
-0.956400
-2.991983
-4.749922
-5.142428
-4.402754
-2.525208
-1.982026
-1.151525
0.012314
1.138810
1.777320
0.748104
-1.394886
-3.651897
-4.785415
-5.342186
-4.209520
-2.089625
-0.608493
-0.148146
0.492718
1.550754
1.805381
0.589902
-1.498040
-3.776090
-5.436838
-5.653676
-4.671099
-2.666127
-1.623624
-0.885250
0.191966
1.291405
1.951927
0.513720
-1.628521
-3.865284
-5.685912
-6.264455
-4.802876
-2.652684
-1.671544
-0.513186
0.878544
1.338583
1.099799
0.080853
-2.015802
-4.029537
-5.533709
-5.607150
-4.816194
-3.075316
-1.591620
-1.304619
-0.389354
0.322865
0.632663
-0.364445
-2.364399
-4.453914
-6.045559
-5.849029
-4.316264
-2.969249
-2.040713
-1.953691
-1.014736
0.047943
0.424470
-0.653346
-2.151462
-4.268127
-6.338708
-5.911438
-3.954013
-3.037208
-1.977349
-1.026073
-0.106709
0.740382
1.106496
-0.110957
-1.944673
-4.448797
-5.839098
-5.488162
-4.640847
-3.199336
-1.717801
-1.466381
0.139766
0.628225
0.694477
-0.303176
-2.282993
-4.607151
-6.049917
-6.211168
-4.736481
-2.584561
-1.815656
-1.527200
-0.619423
0.328533
0.292248
-0.815449
-2.715823
-4.938822
-6.590686
-6.535222
-5.036002
-3.168227
-1.727454
-1.029194
-0.106558
0.685026
0.898726
-0.387682
-2.650003
-4.764007
-6.563923
-6.518195
-5.261472
-3.450885
-2.212737
-1.363996
-0.093653
0.822289
0.954747
-0.344473
-2.173748
-4.147290
-5.893058
-5.518703
-4.505521
-2.997397
-1.617179
-0.977814
0.243133
1.149823
1.224174
0.275269
-1.724232
-4.507371
-6.293733
-6.367827
-4.886416
-3.036994
-2.464280
-1.600317
0.326083
1.299098
1.399344
-0.009965
-1.744636
-4.201946
-5.893934
-6.380632
-5.093322
-2.730430
-1.733134
-1.509242
-0.610561
0.628680
1.116977
-0.194350
-1.779609
-3.423880
-5.386931
-5.373593
-3.813445
-2.061719
-1.016166
-0.769037
0.399465
1.818104
1.768004
0.848398
-0.777245
-3.316618
-4.972273
-5.642553
-4.717769
-2.532521
-1.734794
-1.317865
0.021087
1.607794
1.636834
0.558898
-2.106304
-4.577624
-6.060088
-6.256773
-5.300086
-3.904105
-2.081136
-1.987584
-0.661777
0.693840
0.989365
-0.428164
-2.361017
-4.146769
-5.388839
-6.337976
-4.457988
-2.809981
-1.731874
-1.902914
-0.913128
0.176023
0.540584
-0.699652
-2.268166
-4.514916
-6.093605
-6.397508
-4.869782
-3.181806
-2.140523
-1.585176
-0.504091
0.866731
0.515338
-0.727074
-2.524629
-4.870277
-6.254994
-6.927485
-5.128095
-3.554046
-2.248223
-1.717621
-0.992634
0.481976
0.682621
-0.726652
-2.545478
-5.015101
-6.682917
-7.062521
-5.655595
-3.993146
-2.607266
-1.620859
-0.547542
0.239049
0.214492
-0.925084
-2.452741
-4.115533
-4.829261
-5.711812
-4.777785
-2.487020
-0.977399
-0.632106
0.451747
1.454797
1.282483
0.139782
-2.519273
-4.157728
-6.162445
-6.435208
-4.709441
-2.856627
-1.564715
-1.443622
-0.778436
0.377045
0.555366
-0.262082
-2.174707
-4.572618
-6.556579
-6.982901
-5.408203
-3.347209
-2.133544
-0.863993
-0.042869
0.461926
0.852679
-0.540211
-2.508599
-4.565874
-5.814317
-6.055168
-4.498284
-2.821721
-2.024613
-1.161084
-0.156754
1.133540
1.169159
0.416320
-1.752666
-3.771359
-5.706372
-5.983508
-4.845244
-2.883815
-1.647931
-1.019207
0.313922
0.893876
0.907647
-0.312081
-2.314786
-4.552039
-6.420000
-7.117096
-5.871408
-3.420100
-2.559669
-1.758159
-0.388396
0.847823
1.097655
-0.251677
-2.467530
-4.875422
-5.911407
-5.827351
-4.937104
-2.670657
-1.654450
-1.127979
0.215488
0.953873
0.949896
0.106198
-2.456464
-4.411900
-5.729962
-5.756242
-4.377416
-2.547969
-1.252500
-0.338565
0.275690
1.242427
1.541669
-0.150694
-2.193563
-4.865189
-6.475601
-6.165640
-5.133594
-3.179774
-2.187387
-1.586502
-0.196576
0.838486
1.497811
0.234603
-2.386250
-4.841002
-5.935027
-5.746266
-4.406871
-3.672629
-2.053578
-1.581704
-0.366205
0.413599
0.421894
-0.128418
-2.266239
-4.620078
-5.623820
-5.652871
-4.803920
-4.135480
-3.165343
-2.237313
-1.082730
-0.148121
-0.327299
-1.124975
-3.216202
-5.153555
-6.699442
-6.502782
-4.962218
-3.219720
-2.178641
-1.634786
-0.482107
0.640216
0.512053
-0.457828
-2.605967
-5.231122
-7.152964
-6.929871
-5.302070
-3.088618
-2.203893
-1.542665
-0.487199
0.449183
0.601077
-0.583774
-2.552672
-4.666516
-5.941968
-6.400844
-5.749646
-3.613488
-2.138570
-1.776625
-1.290672
-0.250260
0.182245
-0.946702
-2.397087
-4.936988
-6.193546
-6.589134
-5.718935
-3.612258
-2.344218
-1.860881
-0.466419
0.200184
0.376203
-0.758828
-2.280071
-4.759777
-6.149885
-6.116441
-5.142633
-3.340873
-1.955659
-1.486903
-0.943265
0.426849
0.653524
-0.909589
-2.745498
-4.702746
-6.122314
-5.710435
-4.541055
-2.495168
-1.498782
-1.289708
-0.634482
0.227856
1.007664
-0.420706
-2.656233
-4.892333
-7.254140
-6.299550
-4.783286
-3.224442
-1.953168
-1.783105
-0.560143
0.709006
0.808106
-0.198380
-2.438775
-4.237117
-5.704757
-6.258053
-4.969035
-3.252728
-1.908153
-1.528101
-0.256405
0.852269
0.657683
-0.918442
-3.067666
-5.318576
-6.827454
-6.815664
-5.450336
-4.079476
-3.104138
-2.135216
-1.214792
-0.389694
-0.297774
-1.142716
-2.932863
-4.843589
-6.224396
-6.548738
-5.302341
-3.575650
-2.355689
-1.853657
-0.953618
-0.264887
0.389844
-0.665660
-2.927478
-5.245543
-7.086580
-7.329525
-5.759217
-3.658748
-2.377992
-2.102751
-0.733336
0.664923
0.367105
-0.804734
-3.220138
-5.341689
-6.969349
-7.421557
-5.556062
-3.552972
-2.582837
-2.211763
-1.628022
-0.421250
-0.497689
-1.687058
-3.386510
-5.141370
-7.195371
-7.201507
-5.892014
-3.698920
-3.023890
-2.049169
-0.873921
0.037792
-0.126319
-1.349416
-3.348096
-5.742661
-7.505043
-7.924581
-6.637742
-5.006522
-2.947721
-2.246825
-1.154797
0.126812
0.106312
-1.397421
-2.968357
-5.114771
-6.825821
-7.361448
-6.495754
-4.444657
-2.888071
-2.124911
-1.389799
-0.282398
0.495831
-0.796499
-2.418654
-5.233944
-6.967314
-6.404887
-5.174465
-3.914155
-3.029362
-2.132123
-1.314738
-0.025179
0.247658
-1.138654
-3.238525
-5.566800
-7.320409
-7.417684
-5.958851
-4.385940
-3.325200
-2.532687
-1.449444
-0.479160
-0.077441
-1.202568
-3.135717
-4.790469
-6.465163
-6.863375
-5.649015
-3.688336
-2.618930
-2.054585
-0.847142
0.467962
0.407731
-0.844561
-2.963185
-4.468957
-6.056826
-6.599145
-5.558032
-3.544740
-3.121709
-2.230168
-1.081527
0.080618
-0.203857
-1.178918
-3.094572
-5.558082
-6.955976
-7.170965
-5.705741
-4.177758
-3.108400
-2.171411
-0.942255
-0.251531
-0.000432
-1.076644
-2.758205
-4.894614
-6.958532
-7.397312
-6.716640
-5.299755
-3.812886
-2.734844
-1.853083
-0.495816
-0.633170
-1.629800
-3.417594
-5.430290
-6.841777
-7.264342
-5.986119
-3.739285
-2.429101
-1.875394
-0.507356
0.491698
0.286986
-0.916528
-2.956451
-5.365546
-7.113775
-7.384444
-5.453614
-3.670907
-2.638232
-1.920500
-1.162213
0.364826
0.183398
-1.305812
-3.014890
-5.325547
-6.821141
-7.010220
-5.586711
-4.282499
-2.928449
-1.758815
-1.018991
-0.487468
-0.190058
-1.472375
-3.623836
-5.695285
-7.492365
-7.351941
-6.150322
-4.173871
-3.094199
-2.389224
-1.324527
-0.293193
-0.284326
-0.848649
-2.817924
-5.068230
-6.682525
-6.991410
-6.342566
-4.494639
-3.077753
-2.534181
-0.739988
0.374103
0.566933
-0.543050
-2.964405
-5.580763
-7.013121
-7.150674
-6.272847
-4.319870
-2.882875
-1.964921
-0.899441
0.565878
0.046282
-0.970361
-2.899287
-5.079833
-7.309927
-7.643023
-6.237858
-3.528646
-2.345441
-1.954121
-1.022885
0.187769
0.515329
-0.911956
-3.133619
-5.552839
-7.331007
-7.404822
-6.120033
-4.339427
-2.623945
-2.056848
-0.995992
-0.376805
-0.509761
-1.479211
-3.814976
-5.973340
-7.689498
-7.538230
-6.322604
-3.904054
-3.684151
-2.646885
-1.130946
-0.149529
-0.015192
-0.675939
-2.929763
-4.934249
-6.639604
-7.476851
-6.348813
-4.481207
-2.872062
-1.934932
-1.353758
-0.609612
-0.066151
-1.233424
-3.562881
-5.808989
-7.261253
-7.298417
-6.434880
-4.739850
-2.823656
-2.125462
-1.023573
0.246626
0.244559
-1.306596
-3.329669
-5.867181
-7.968150
-8.291352
-6.293480
-4.272495
-3.338793
-2.900922
-1.782262
-1.061988
-0.415488
-1.938722
-3.801655
-6.108036
-8.226028
-8.307034
-7.161272
-5.538656
-3.926506
-3.072219
-1.647124
-0.715738
-1.061464
-1.924846
-3.653356
-5.989689
-7.594720
-7.346242
-5.844009
-3.895967
-2.680276
-2.197660
-1.530927
0.013602
-0.333297
-0.935342
-2.646375
-5.614275
-7.740573
-8.252952
-6.855890
-5.041903
-3.519347
-2.421956
-1.523838
-0.565545
-0.537436
-1.266845
-3.170451
-5.210253
-6.842313
-6.729918
-5.574454
-4.520496
-2.940887
-1.709366
-0.703524
0.250048
0.928701
0.298821
-2.547384
-4.684504
-6.416200
-7.114811
-6.248270
-3.981025
-2.483678
-1.792653
-0.341311
-0.030229
-0.108147
-1.289401
-3.431643
-5.759288
-7.198423
-7.559595
-6.122277
-4.003352
-2.735415
-2.154466
-1.103794
-0.447024
-0.613659
-1.445982
-3.696539
-5.707407
-7.220964
-6.693973
-5.512499
-3.909300
-3.006806
-2.795527
-1.152473
0.027808
0.128913
-1.218423
-3.091372
-5.426535
-7.380660
-7.657287
-5.663638
-3.319417
-2.783372
-2.476166
-1.483274
-0.131829
-0.081883
-1.092695
-3.135829
-5.616297
-7.041854
-7.515413
-5.738706
-4.117706
-3.054568
-2.144672
-1.384986
-0.121202
-0.404542
-1.372752
-3.476026
-5.550070
-7.476347
-8.023313
-6.819174
-5.232421
-3.757913
-3.115523
-1.932417
-0.641126
-0.351590
-1.486466
-3.056361
-5.291739
-6.998844
-7.248498
-5.944165
-4.352169
-3.342524
-2.768603
-1.393847
-0.062205
0.215855
-1.007394
-3.174121
-5.630878
-7.322800
-8.325371
-7.120084
-4.989404
-3.706420
-2.698532
-1.812939
-0.340559
0.144612
-1.260430
-3.112084
-5.447912
-6.746082
-7.487791
-6.298657
-4.499760
-3.249516
-2.701023
-1.674212
-0.182968
0.055301
-1.240136
-3.295150
-5.517238
-6.836058
-6.983857
-6.267847
-3.941620
-2.965780
-2.467918
-1.241615
-0.097252
0.319879
-1.083494
-3.209524
-5.343972
-7.239095
-7.775354
-6.250503
-4.286013
-2.846599
-2.591490
-1.169922
0.030938
0.037292
-0.380409
-2.896337
-5.626520
-7.568469
-7.507222
-6.125497
-4.518023
-3.669239
-2.649327
-1.172059
0.059005
0.649772
-0.950638
-3.089887
-5.613434
-7.684378
-7.811775
-6.413629
-4.559239
-3.614810
-3.081017
-1.913898
-0.546619
-0.428145
-1.385383
-3.479157
-5.729619
-7.075628
-7.731354
-6.822687
-5.834504
-4.355512
-3.073557
-1.888843
-0.896235
-0.631103
-1.241748
-3.350991
-5.562943
-7.857664
-8.261600
-6.885502
-4.844387
-3.451509
-2.985489
-1.590944
-0.583632
-0.475666
-1.287715
-3.481087
-5.644822
-7.471632
-7.583369
-6.550231
-5.314316
-4.215795
-2.454552
-0.892483
0.086111
1.026244
0.058803
-1.763343
-4.364429
-5.777923
-6.256169
-5.794206
-3.822979
-2.848702
-1.773064
-0.788527
0.055415
0.373147
-0.581265
-3.139112
-6.519719
-8.255798
-8.530809
-7.483443
-5.808548
-4.121288
-3.132940
-1.759204
-0.942773
-0.886239
-1.348280
-3.370872
-5.965811
-8.195900
-8.683170
-7.477148
-5.235611
-3.580097
-3.423336
-2.603176
-1.074624
-0.918387
-1.655644
-3.689378
-5.958609
-7.991909
-8.443238
-7.233975
-4.880322
-3.894231
-3.220259
-1.717739
-0.571120
0.012939
-0.505109
-2.734530
-4.923302
-6.926271
-6.544948
-5.865216
-4.046599
-2.684158
-2.182225
-0.977100
0.343689
0.590039
-0.829679
-2.701482
-5.398425
-7.981525
-8.323350
-7.357714
-5.443741
-3.914522
-2.885081
-1.561176
-0.359857
0.155427
-0.986917
-3.087728
-5.451283
-7.097504
-7.782798
-6.654341
-4.698618
-3.378458
-3.201539
-1.775003
-0.313527
0.234878
-0.741733
-2.764520
-5.056807
-7.149274
-7.548937
-6.502797
-4.893874
-3.387427
-2.623864
-1.414740
-0.163011
0.191635
-0.630214
-2.588727
-5.631114
-7.729108
-8.591669
-7.962395
-5.879766
-4.362074
-3.360641
-1.955460
-0.568980
0.678735
-0.304503
-2.608675
-5.619854
-7.473324
-7.922316
-6.868027
-4.997387
-3.961115
-3.297213
-1.606658
-0.826723
-0.365716
-0.940904
-2.828007
-5.028585
-7.181288
-7.793598
-6.665341
-4.721265
-3.749892
-2.838844
-1.216061
-0.302589
-0.006640
-1.215251
-3.503556
-5.571196
-7.602028
-8.041229
-6.795739
-5.126591
-4.018013
-3.145295
-1.991052
-0.580139
0.109884
-1.362021
-3.194160
-5.557727
-7.670729
-8.802436
-7.590418
-5.966132
-4.971725
-4.050945
-2.295175
-1.029693
-0.882745
-1.438081
-3.484647
-5.816949
-7.587968
-7.755874
-7.034666
-5.617304
-3.869455
-2.942578
-1.810133
-0.779537
-0.308541
-1.185687
-2.898523
-5.502458
-7.427356
-7.799945
-6.389376
-5.474558
-4.323116
-3.337340
-1.839891
-0.799218
0.122613
-0.849740
-2.668021
-5.190025
-7.213758
-7.004320
-5.800455
-3.976601
-2.819270
-2.155241
-1.171270
-0.090550
0.960631
0.065207
-2.086207
-5.099233
-7.463764
-8.156491
-6.988628
-5.065798
-3.549791
-2.346522
-0.693188
0.468186
0.429924
-0.775849
-2.979403
-5.308298
-7.518939
-8.170849
-7.183926
-5.283883
-3.942959
-2.891084
-1.419442
-0.233592
0.250525
-0.762931
-2.392278
-5.532929
-7.897477
-8.924353
-8.011819
-5.969187
-4.785657
-3.551483
-1.803520
-0.305434
0.143094
-0.554891
-2.694922
-5.175184
-7.057837
-6.801076
-5.589169
-3.621633
-3.135139
-2.781206
-1.335282
0.369559
0.039867
-0.599227
-2.663418
-4.918225
-6.743032
-7.240112
-6.144109
-4.459178
-3.361128
-2.434355
-1.425837
-0.034928
-0.051219
-0.807567
-2.970546
-5.532916
-7.250817
-7.627309
-7.145909
-5.066957
-3.956806
-3.132725
-1.317022
0.380829
1.114001
-0.363732
-2.715650
-5.134428
-7.239341
-7.737241
-6.823254
-5.067196
-3.507603
-2.772427
-1.062617
0.187366
0.737214
-0.041512
-1.915124
-4.566339
-6.698924
-7.571277
-6.545577
-5.036586
-3.798443
-2.447776
-0.893825
0.034064
0.584828
-0.515332
-2.240746
-4.984717
-6.910120
-7.188164
-6.444582
-5.108406
-4.242338
-3.204645
-1.393507
0.079442
0.743606
-0.598819
-2.623563
-4.961143
-7.099305
-7.316051
-6.367148
-5.040054
-3.808347
-2.465588
-1.270948
0.440244
0.553388
-0.361777
-2.784871
-5.404456
-7.393407
-7.666627
-6.599140
-5.562270
-4.216567
-2.308029
-1.461423
-0.102326
0.708566
0.213086
-1.696740
-4.645810
-6.775313
-7.066870
-5.786673
-4.945984
-3.363599
-1.829805
-1.037439
0.430442
0.976546
0.046235
-2.218419
-5.036542
-6.947126
-8.011999
-6.680943
-4.719120
-3.867866
-2.519663
-0.711992
0.118705
1.230350
0.383874
-2.068789
-4.835479
-6.701459
-7.529382
-6.796774
-5.064152
-3.770620
-2.245357
-1.067079
0.655759
0.697778
-0.096502
-2.171704
-4.745552
-6.455157
-7.059515
-5.623738
-4.701510
-4.095802
-3.056864
-0.970358
0.701134
1.068761
-0.167224
-2.356473
-4.393321
-6.340108
-6.709805
-5.691753
-4.485791
-3.812116
-2.558174
-1.136970
0.339301
1.785488
0.165918
-2.097784
-4.973490
-7.133715
-7.732092
-6.767419
-5.110695
-3.586960
-2.455980
-1.036406
0.314328
0.414481
-0.363814
-2.470461
-5.426610
-7.968399
-8.610630
-7.233072
-5.389997
-3.955585
-3.020268
-1.714137
-0.196990
0.028014
-0.745981
-2.980279
-5.604293
-7.838234
-8.584754
-7.184266
-5.378128
-4.261003
-3.094418
-1.524796
-0.219895
0.168318
-0.854974
-3.625375
-5.656111
-7.792778
-8.002321
-7.170262
-5.902455
-4.853279
-3.255168
-1.858140
0.297296
0.632836
-0.443955
-2.409125
-4.984127
-7.017866
-7.412743
-6.356017
-5.263959
-3.512462
-2.333257
-0.405736
0.998040
0.894400
0.092792
-2.443376
-5.274653
-7.474270
-8.165426
-7.107962
-5.064810
-3.601105
-2.016247
-0.663093
0.747596
0.948670
-0.166070
-2.914785
-5.166563
-7.224885
-7.533913
-6.961429
-4.848969
-3.666047
-2.482111
-0.961997
0.445476
1.002334
0.203130
-2.011790
-4.743384
-7.374681
-8.037544
-6.697276
-5.365447
-4.548720
-3.174543
-1.189571
0.650023
0.599193
-0.548696
-3.000111
-5.765469
-7.997181
-8.946545
-7.678385
-6.182679
-4.280296
-3.042069
-1.370716
0.063252
0.453424
-0.820318
-2.820362
-5.410165
-7.791878
-8.662127
-8.174137
-6.395763
-5.239400
-3.722568
-2.253265
-0.202807
1.013104
-0.706767
-2.543502
-5.018186
-7.343195
-8.226036
-7.025635
-5.626081
-4.835785
-3.587570
-1.742661
-0.130075
0.445434
-0.155690
-2.612002
-5.332109
-6.823991
-7.021921
-6.634826
-4.931038
-3.255118
-2.401735
-1.493116
-0.104241
0.248147
-0.894521
-3.121396
-5.342077
-6.788548
-6.799804
-6.317141
-4.449673
-3.370707
-3.021009
-1.612273
0.464850
0.660579
-0.251187
-2.557286
-5.246982
-7.310822
-7.503374
-6.409114
-5.386510
-4.202945
-2.472879
-1.182530
0.648114
1.146564
0.593114
-1.803512
-4.697827
-7.301113
-7.528402
-7.067019
-4.572492
-3.323969
-2.558699
-0.959688
0.401903
1.634101
0.748128
-2.228916
-4.948432
-7.017129
-6.964788
-5.980408
-4.454187
-3.267426
-2.087633
-1.011827
0.729887
1.452632
0.633948
-1.673197
-4.537472
-6.451669
-7.096579
-5.545451
-4.236997
-3.472727
-2.299698
-0.890677
0.697042
1.392304
0.322289
-1.911867
-4.082811
-5.658274
-6.512794
-5.223107
-3.806283
-2.392462
-1.436248
0.077685
1.973886
2.514401
1.405462
-1.305230
-4.157484
-6.220472
-6.969612
-6.313544
-4.644029
-2.991772
-1.671728
0.085629
1.290085
1.807490
1.083063
-0.864808
-3.519591
-5.868281
-6.300067
-5.809544
-4.483742
-3.293008
-1.897833
-0.690359
0.950125
1.736545
0.417038
-1.650348
-4.108400
-6.537016
-7.404480
-6.925056
-4.901549
-3.429996
-2.822559
-1.321745
0.696324
1.625796
0.919707
-1.354602
-3.753383
-5.725675
-6.268915
-5.104328
-4.013896
-2.940233
-1.962828
-0.486253
1.116789
1.664432
1.042233
-1.194261
-4.103218
-6.151067
-6.625360
-5.692462
-4.047976
-3.252228
-2.379604
-0.447069
1.524282
1.963712
1.835332
-0.723778
-3.268299
-5.827772
-5.999540
-4.937527
-3.608249
-2.750643
-1.589785
0.012042
1.625049
1.993216
1.394177
-0.335787
-3.139412
-5.578274
-6.154037
-5.777909
-4.495032
-3.324424
-1.720219
0.266097
2.148604
2.457868
1.644599
-0.387811
-2.963582
-5.288057
-5.615182
-4.565337
-3.158120
-2.200772
-1.627503
-0.021488
2.289899
2.693954
1.161479
-1.281327
-4.132469
-6.717608
-7.563943
-5.772136
-4.447431
-3.576198
-2.537831
-0.982240
0.942986
1.581683
1.070489
-1.422906
-3.974209
-6.028222
-6.687428
-5.676861
-4.004063
-2.781230
-1.871828
-0.324802
1.433337
1.883180
0.728235
-1.161479
-3.819547
-6.067589
-6.613641
-5.246655
-3.684628
-3.224135
-1.682728
-0.017235
1.313852
1.386578
0.938487
-1.395673
-4.292918
-6.074874
-6.793993
-6.446916
-4.859238
-3.056437
-2.150553
-0.676580
1.131349
1.787751
1.016501
-1.359937
-3.542163
-5.774425
-6.082038
-5.527209
-4.403335
-2.596670
-0.811992
0.417587
2.081655
2.974106
2.057363
-0.308257
-3.266852
-5.577069
-6.503606
-5.252471
-4.017139
-2.596884
-1.032436
0.616323
2.693097
3.548185
2.567882
0.091228
-3.377345
-5.820713
-6.641564
-5.900105
-4.248607
-2.613223
-0.990016
0.453308
2.322175
2.835998
1.824730
-0.211251
-2.971530
-5.515326
-6.251689
-5.027879
-3.255105
-2.045875
-1.029663
0.400273
1.864925
2.749452
2.273776
0.263358
-2.244578
-4.282203
-4.929587
-4.705657
-3.350585
-2.543126
-1.213392
0.833476
2.925586
3.549012
2.517413
0.437491
-1.965819
-3.754216
-3.558787
-3.316078
-1.752130
-1.361862
-0.404301
1.171755
3.011330
4.277081
3.022449
0.680421
-2.328469
-4.224935
-5.016147
-4.482636
-2.982328
-1.860254
-1.260981
0.390348
2.643115
3.453301
2.833470
0.744205
-2.336768
-4.096355
-4.577441
-3.766819
-2.390956
-1.491611
-0.664133
1.175739
2.669895
3.439476
2.971847
0.738059
-2.203366
-4.489685
-5.001131
-4.419079
-2.940527
-1.854004
-0.735791
1.136751
3.511386
4.361104
3.456290
1.060929
-2.331998
-4.877748
-5.777625
-5.076387
-2.971159
-1.447711
-0.257047
1.446758
3.676762
4.681613
3.216130
0.592630
-1.856143
-4.276383
-5.047030
-4.408320
-3.216947
-1.676661
-0.659317
1.842820
4.072277
4.557206
3.579247
1.047693
-1.582505
-4.151638
-4.615544
-3.985522
-2.801255
-1.538253
-0.182488
1.724710
4.186881
4.729127
3.830522
1.112437
-1.346725
-3.913844
-4.708232
-4.429745
-2.720685
-1.817805
-0.587360
1.841453
4.214664
4.344683
3.871466
1.394058
-1.714458
-4.279902
-4.789340
-3.848490
-2.855831
-1.820638
-0.753357
1.221968
3.034890
4.189903
3.211413
0.658319
-2.091426
-4.334002
-5.080176
-4.344591
-2.844240
-1.382064
-0.672695
1.290784
3.251005
4.034566
2.915742
0.794614
-2.081074
-4.420007
-4.898229
-4.355270
-3.464066
-1.648481
-0.851674
0.236722
3.018474
4.095210
2.936639
1.518979
-1.001664
-3.179567
-4.265931
-3.405232
-1.882615
-0.973038
0.280769
2.011583
4.140832
4.744721
3.560041
1.771388
-0.985729
-3.725906
-4.830158
-4.359650
-2.473213
-1.335937
0.157324
1.656157
3.653553
5.055869
3.611873
1.332684
-1.580444
-3.940475
-4.584249
-3.461076
-1.996851
-0.746329
-0.225611
1.538151
3.151222
4.282291
3.508877
1.305163
-1.480161
-3.571970
-4.299456
-3.010926
-1.952762
-1.409562
-0.399919
1.109981
3.329956
4.381042
3.279139
1.345785
-1.147066
-3.617998
-4.305367
-4.044645
-2.708360
-1.248244
0.207138
1.828661
3.729560
4.569369
3.817321
1.549022
-1.463089
-3.724854
-4.501134
-3.802083
-2.344027
-1.445808
0.114964
2.321680
4.572677
5.152987
4.255412
1.520646
-1.364042
-2.957265
-3.759864
-2.682301
-1.368274
-0.821104
0.253312
2.086809
4.168167
4.858352
4.567515
1.953118
-0.722655
-2.715565
-3.598818
-2.899547
-1.986128
-1.029953
0.446848
2.432377
4.740092
5.520774
4.620904
2.646057
0.002281
-2.239189
-2.779104
-2.591988
-1.094357
-0.138817
0.986560
2.661851
4.582183
5.344310
4.256930
2.099412
-0.876291
-2.716643
-3.679124
-2.682080
-1.238432
-0.654686
0.709147
2.713630
4.845822
5.455928
4.652743
2.183323
-0.175644
-2.002588
-2.629957
-1.998095
-0.738138
0.328581
0.843286
2.187265
4.338367
5.263705
4.596980
2.642902
-0.167224
-1.824164
-2.669016
-1.829170
-0.293725
-0.017526
1.141864
2.843615
4.902530
5.733251
4.406141
2.614711
0.217316
-1.771501
-2.447680
-1.641149
-0.925806
-0.362150
1.481142
3.311885
4.682208
5.781871
4.592074
2.892780
0.553144
-1.309684
-1.209521
-0.474832
0.410304
1.296887
1.615961
3.114989
5.079333
5.944880
4.819270
2.734797
0.575929
-1.353723
-2.235469
-1.637997
-0.487174
0.899307
1.857705
3.814061
5.692019
6.547526
5.704606
3.713490
0.920977
-1.583213
-2.286283
-1.442748
-0.283389
0.551585
1.302580
3.748434
5.895738
6.370692
5.579179
3.676389
0.878020
-1.103243
-1.955325
-1.082032
0.753644
1.299052
1.863168
3.706137
5.382365
6.003772
4.973208
3.464603
0.321923
-1.178953
-2.095800
-1.337750
-0.116981
0.500797
1.335575
3.631639
6.209609
6.719176
5.369975
3.638240
1.282322
-0.512513
-1.529800
-1.079566
-0.110770
1.662976
2.846893
4.027070
6.007367
6.259299
5.459758
3.501613
0.429251
-1.417477
-1.936532
-1.284022
0.006633
0.929089
2.010322
3.583868
5.833285
6.022437
5.091861
2.692122
0.161600
-1.830771
-2.151273
-0.932223
0.508988
0.826266
1.840402
3.550197
5.479129
5.925193
5.433597
3.327849
1.136281
-0.575158
-1.281102
-0.263200
0.600230
1.373660
1.930161
3.466804
5.229440
6.170287
5.324086
3.478233
1.330565
-0.588688
-1.584134
-0.953205
0.103742
1.086532
2.424889
4.108158
5.819308
6.454925
5.817473
3.658385
1.685473
-0.564763
-1.589456
-0.695130
0.634566
1.620416
2.402170
4.180894
6.256068
6.481368
5.797624
3.625994
0.872793
-0.901114
-1.956640
-0.747895
0.286227
0.514414
1.443318
3.601820
6.019298
6.866191
5.782430
3.713101
0.924034
-0.808724
-1.119835
0.125981
0.805774
1.269790
2.131309
4.121380
5.870170
6.420648
5.075019
3.805570
1.725718
-0.198599
-0.781281
0.573535
1.077188
1.197474
2.448978
4.340175
5.765672
6.791060
6.178334
3.919408
1.516367
0.138207
-0.432752
-0.201383
1.218844
2.139087
2.866864
4.067780
5.776172
6.834922
5.596789
3.611769
0.999636
-0.498380
-0.938124
0.190782
1.036172
1.659703
2.780265
4.199343
6.314590
7.186999
5.649039
3.612448
1.117329
-0.383803
-1.225058
-0.830753
0.800895
1.305434
2.198932
3.822892
5.826692
6.886878
5.699504
3.146007
0.760393
-1.049717
-1.449547
-0.752538
0.780086
1.919215
2.412816
4.219854
6.001468
6.479562
5.512362
3.712517
1.108595
-0.656362
-0.852842
-0.962348
-0.158854
0.957491
2.075855
3.795381
6.259101
6.625243
5.647414
3.651125
0.866719
-0.365017
-0.878178
-0.098683
0.727057
1.561685
1.807885
3.939093
5.785556
6.629727
5.914826
3.990324
1.491305
-0.836347
-1.093094
-0.427033
0.539657
1.498916
2.874079
4.601010
6.454047
7.256492
6.071769
4.073690
1.116409
-0.553150
-1.267160
0.142968
1.520467
1.885320
2.721572
5.070954
6.680079
7.290545
6.013648
4.376978
1.459018
-0.294467
-0.364439
0.422587
1.651052
2.242679
2.930982
4.212647
5.755916
6.558318
5.567134
3.234805
0.737489
-0.924307
-1.152692
-0.882845
0.397292
0.941212
2.571173
4.225841
6.249515
6.803451
5.873456
3.449739
1.217550
-0.413411
-1.350442
-0.354096
0.672048
1.553428
2.471329
4.327663
5.610190
6.161368
5.570586
3.510757
1.417618
-1.212676
-1.895550
-1.041137
0.114154
0.730211
1.966753
4.031491
5.933333
6.767934
5.505136
3.246387
0.414660
-1.405256
-1.461020
-0.714131
0.329782
0.829942
2.460348
4.452072
5.970391
6.522296
5.589240
3.290910
0.920480
-0.606917
-1.339390
-0.574981
0.593253
1.153663
1.799046
3.616566
6.333091
6.707732
5.536370
3.280787
0.895171
-1.022102
-1.802366
-1.040082
0.255994
0.856254
2.134329
3.850979
6.213302
7.050443
6.019736
4.279797
1.748187
-0.672302
-1.294914
-0.273137
0.444745
1.394572
2.805715
4.459620
6.655219
7.561122
5.998567
3.997619
2.025436
-0.418334
-0.498600
0.346381
1.120801
1.836133
2.495715
4.694972
6.297339
6.567401
5.657519
3.423805
1.250772
-0.403901
-0.364978
0.557017
1.627421
1.952783
2.709422
4.426106
6.954036
7.797019
6.795926
4.836253
1.871606
0.068835
-0.548895
0.468844
1.173570
1.542790
2.504885
4.842765
6.712272
7.440978
6.234523
3.703525
0.629436
-1.104448
-1.582396
-0.851359
1.251004
1.788556
2.668853
4.446296
5.851153
6.533713
5.957740
3.798182
1.356177
-0.117499
-1.166775
-0.156737
1.180123
1.472394
2.246088
3.881546
6.124171
6.446067
5.538947
3.122051
0.976277
-1.114788
-1.435109
-0.990936
0.426188
1.524692
2.839809
4.230404
5.774695
6.547217
5.815419
4.013903
1.639593
-0.493102
-1.212208
-0.480762
0.304965
1.718053
2.320425
4.302499
5.921821
6.872024
6.313581
4.319876
1.552010
-0.233542
-1.128834
-0.325923
0.993760
2.077531
2.505313
4.727561
6.529035
7.442103
6.232453
3.912810
1.636213
-0.263420
-0.849023
0.209071
0.600446
1.646737
2.909858
4.461708
6.444240
7.322534
5.810670
3.676748
1.043610
-0.787483
-1.085009
-0.471971
0.286147
1.419635
3.000896
4.882974
6.260352
6.640302
5.395961
3.265231
0.619064
-0.598228
-1.089394
-1.039855
0.028703
1.339198
2.416084
3.485640
5.358912
5.650847
5.461047
3.253252
1.309217
-0.309834
-1.629103
-0.704164
0.535911
1.413117
2.186235
4.160704
6.816407
7.044154
6.114167
4.061965
1.483627
-0.521231
-0.934306
0.369742
1.141694
1.370482
2.128657
3.982353
5.792544
6.642964
6.094924
3.790331
1.384261
-0.317804
-1.383511
-0.628487
0.935781
1.257718
2.456095
5.041863
6.662309
7.662215
6.751868
4.301415
1.370984
-0.170211
-0.828412
0.083781
1.155890
2.007636
3.403261
4.818805
6.497233
7.369750
6.412654
4.245631
1.818871
0.397313
-0.657168
-0.218284
0.953889
1.251882
2.455683
4.838172
6.620612
7.168002
5.815619
4.051548
1.880076
0.003598
0.111868
0.558311
1.334832
1.882657
2.188588
4.380086
5.992990
6.451875
5.935428
4.387909
1.767534
-0.526013
-0.954971
-0.090371
1.138530
1.761075
2.893858
4.461266
6.543139
7.471078
6.533332
4.037165
1.712300
-0.665098
-1.074349
-0.166564
1.225520
1.481271
2.810303
4.789868
6.764455
7.433486
6.231669
4.241348
1.837343
-0.390442
-0.875554
-0.546468
0.516532
1.334185
2.153698
4.198998
6.640315
7.030532
6.221715
4.321642
1.584931
-1.023252
-1.822130
-0.717250
0.938680
1.925593
2.628974
4.317615
6.206927
7.481439
6.405644
4.468261
1.786289
0.275657
-0.568352
-0.386833
0.924565
1.255705
2.212510
4.416750
6.465846
7.162313
6.362659
3.835207
1.582185
-0.269569
-0.709419
0.248832
1.005193
1.771605
2.575960
4.369933
6.264525
7.027049
5.906690
3.403906
0.592278
-1.321613
-1.667378
-0.865751
0.144320
1.377185
2.579184
4.462706
6.506726
6.909411
5.825850
3.300879
1.089986
-0.439922
-1.548404
-0.731403
0.058047
0.721354
1.993807
4.042505
6.323497
7.050269
5.101979
3.310066
1.576132
-0.303295
-0.960714
-0.984270
0.287465
1.143183
2.040665
4.026012
5.755630
6.575215
5.809365
3.344398
0.670233
-1.434818
-1.792830
-0.749660
0.104150
0.756884
2.084102
4.166177
6.331397
6.656688
5.141490
3.425188
0.512342
-1.570634
-1.926386
-1.120720
0.171372
1.245986
2.230547
3.997087
6.068690
6.999854
5.826524
3.773912
0.794576
-1.124660
-1.901546
-0.533534
0.425199
0.926333
1.874127
3.970237
5.909165
6.261058
5.572328
3.477932
1.062527
-1.211105
-1.740698
-1.143581
-0.066812
0.687411
2.152876
3.935598
5.856158
6.668319
5.740895
4.119236
2.226788
0.248922
-0.800042
0.113284
1.551089
1.737983
2.633219
4.537860
6.302714
6.726897
6.146262
3.991374
1.302541
-0.588286
-1.150688
-0.386495
0.763587
1.605870
2.609306
4.298893
6.344520
7.476230
6.316909
3.821056
0.947262
-0.711657
-1.528221
-0.492866
0.550742
1.121191
2.176788
3.627684
5.611735
6.421985
5.308928
2.956767
1.070027
-1.229868
-2.492090
-1.547488
-0.034429
1.107707
1.666554
3.545293
5.462848
6.509051
5.382110
3.424370
1.231240
-0.439512
-1.405243
-0.351195
0.795487
2.090123
3.079006
4.416044
5.904704
6.885175
6.586074
4.123697
1.853149
0.021004
-0.981851
-0.295938
0.805085
1.942721
2.861217
4.639560
6.264192
6.917174
6.299243
4.118671
1.477687
-0.732439
-1.545601
-1.075171
0.209371
1.215879
2.508019
4.232756
6.641990
6.709157
5.999499
3.776654
0.996819
-1.327507
-1.615848
-1.520483
0.030627
1.077005
2.354582
3.835134
6.228808
6.954341
5.902860
3.776820
1.267458
-0.578838
-1.543179
-0.753245
0.329936
0.484373
1.765500
4.114285
6.322499
7.155059
5.886817
4.100384
1.357451
-0.815104
-1.130590
0.412665
1.510982
1.674029
2.565642
4.202012
6.351735
6.628434
6.502032
3.999216
1.293100
-1.084406
-1.286779
-0.156718
0.817952
1.751960
2.826414
5.185729
6.690495
6.924928
5.589950
3.116940
0.411692
-1.919818
-2.183283
-1.342778
-0.478368
0.712234
1.779908
3.095120
4.905654
6.273011
5.650207
3.719063
0.683910
-0.966495
-1.876488
-1.441478
-0.236695
0.556850
1.773345
3.580741
5.840091
6.746142
5.263452
2.582381
0.399700
-1.428438
-2.352240
-1.213133
0.577300
1.060707
2.269015
3.896567
5.782920
6.759580
5.864518
3.513226
0.983886
-0.808486
-1.494364
-0.512603
0.377107
1.098421
1.966604
4.136722
6.198890
5.930791
5.694787
3.952211
1.382936
-0.726104
-1.299796
-0.468040
0.832009
1.608560
2.204199
4.535972
6.189036
6.639171
5.353833
3.304786
1.630370
-0.127702
-0.385629
0.862191
1.962529
1.774096
2.377833
4.386990
6.262874
6.415689
5.498282
3.557407
0.509993
-1.165499
-1.634811
-0.312980
0.400928
0.970063
2.198854
4.136211
6.286567
6.811358
5.748260
3.451894
1.119922
-0.748719
-0.770060
0.661922
1.350696
2.364108
3.404967
4.719068
6.825187
7.256038
5.825007
3.317059
1.083622
-0.847204
-2.002571
-1.178076
0.278861
1.441010
2.004517
4.043828
6.195834
7.394750
6.451116
4.440614
1.499385
-0.632315
-1.205214
-0.382539
0.274995
1.389729
2.858712
4.901984
6.889773
7.540551
5.804162
3.401081
0.741663
-1.400698
-1.728155
-0.958090
0.465293
1.400101
2.128164
4.161381
6.388587
7.359336
6.527770
4.219017
1.426488
-0.628652
-1.198283
-1.064901
0.499707
1.493916
2.132283
4.031297
6.340484
7.567748
5.900409
3.660205
1.020830
-0.373883
-0.999167
-0.490468
0.573543
1.415918
2.163119
4.398499
6.229587
6.944385
6.000714
3.823288
1.468285
-0.843066
-1.655699
-0.970205
0.523150
0.827432
2.258419
4.174348
6.637425
7.075997
5.950976
3.846526
1.530006
-0.637928
-1.031831
-0.098271
1.297555
2.415896
2.603131
4.154420
6.230147
6.662574
5.872020
3.235267
0.372526
-1.254234
-1.435444
-0.717092
1.072352
2.009070
1.973474
3.866387
5.893834
6.775407
6.190787
3.907711
0.861837
-0.967124
-1.954511
-1.932905
-0.313905
0.907192
2.296549
4.525679
6.076282
6.873935
6.423974
3.752866
1.170177
-1.104184
-1.727036
-0.922910
0.209191
0.813572
1.609021
3.883175
5.803672
6.619964
5.873851
3.764923
0.863899
-1.316045
-2.282514
-1.106935
0.528974
0.913704
1.617237
3.924932
6.297572
6.824065
5.361106
3.949618
1.044248
-1.312031
-1.783810
-0.890766
-0.180648
0.777471
2.026885
4.409954
6.273303
7.062163
6.308978
3.885083
1.130993
-0.669129
-1.876736
-0.658521
1.106671
1.738698
2.071333
4.340789
6.836848
7.323524
6.045850
3.400974
0.609959
-1.450804
-2.951933
-1.852336
-0.397280
0.263187
1.813818
3.860529
5.881324
6.405602
5.732490
3.397098
0.804351
-1.337284
-2.609517
-1.280437
0.120519
1.491605
2.281986
4.007030
5.993396
6.426383
5.795993
3.564807
1.011987
-1.201866
-1.828334
-0.755751
-0.020877
0.893889
2.063530
4.137892
5.754546
5.850787
5.401313
3.284759
0.200686
-2.085343
-2.718353
-2.146402
-0.993464
0.807920
1.415687
3.813133
6.233256
7.338191
5.871737
3.713610
1.374702
-0.659324
-1.496467
-0.829882
0.803985
1.117092
1.851873
4.122998
5.867423
6.594384
5.264800
3.415120
1.278627
-1.082847
-1.490171
-0.748922
0.395022
1.015310
1.970488
4.291197
6.400973
7.091113
6.708922
4.527219
1.809425
-0.965418
-2.174176
-1.023624
0.378499
1.046878
2.213985
4.346236
6.641440
7.108470
6.240363
4.253660
0.825411
-1.248102
-2.399845
-1.199333
0.247977
0.686238
2.151169
4.183897
6.673717
7.710586
5.926400
3.365767
0.195812
-1.395245
-1.979049
-1.449699
-0.104606
0.603735
1.692133
3.388778
5.677350
7.149587
5.861339
4.121788
1.558495
-0.905600
-1.591808
-0.565747
0.574937
1.353018
2.417873
4.483176
6.204001
7.434905
6.301475
3.476851
1.211880
-1.098847
-2.332432
-1.745488
-0.612304
0.758200
2.388932
4.569936
6.569880
7.457719
6.182456
4.573375
1.310566
-0.452553
-1.538753
-1.509647
0.004478
0.526879
1.297406
3.442066
5.447673
6.309606
5.541221
3.510004
1.010257
-1.099840
-1.794473
-1.232904
-0.290307
1.216978
1.998704
4.729419
6.056624
6.407077
5.391929
3.596679
1.666218
-0.230884
-1.975862
-1.291710
0.004098
0.693470
1.875964
4.004158
6.685977
7.529790
6.630076
3.927245
1.278179
-0.935700
-1.478894
-1.324645
-0.486487
1.031610
2.497280
4.488718
6.296618
6.923278
5.798423
3.359171
0.669272
-1.345153
-2.445971
-1.622667
-0.015536
0.710079
2.494020
5.032447
6.830798
6.853801
5.592267
3.563041
0.835018
-1.457803
-1.871000
-1.147238
0.244008
0.970708
1.752884
3.341548
5.743144
6.041301
5.736812
3.980198
0.986187
-1.463122
-2.080906
-1.368298
-0.206278
1.017432
2.083892
4.565608
6.405942
7.076510
6.148339
4.031042
1.626575
-0.201686
-0.738713
-0.108142
1.052920
1.745756
2.624132
4.549550
6.667144
6.990684
5.497626
3.921705
1.171411
-1.078922
-1.720493
-0.942702
0.211085
0.894661
2.495199
4.354362
6.135493
6.301547
5.604358
2.869931
-0.136179
-1.937760
-2.449538
-1.813053
-0.467701
1.045056
2.262563
4.006435
5.834113
6.552028
5.573167
3.480607
0.926470
-1.071812
-1.723401
-0.857486
0.443683
1.080148
2.171405
4.236268
5.928851
6.713321
5.922709
3.310075
0.682547
-1.378145
-2.165792
-1.374198
-0.251450
0.857329
2.025730
4.746371
6.596898
7.738748
6.371562
4.084403
0.866385
-1.033568
-1.981925
-1.257275
0.006974
0.881497
1.846099
4.163754
6.960507
7.192603
5.910930
3.455805
1.279610
-0.530449
-1.233709
-1.088867
0.288421
1.676095
2.420768
4.495763
6.058610
6.495063
5.840053
3.621243
1.099690
-1.194783
-1.628603
-0.351588
0.820092
1.088655
2.309875
3.967652
5.854623
5.905223
4.769729
3.139741
0.765262
-0.971326
-1.879538
-1.356690
-0.161922
0.839755
1.959601
3.844694
5.718566
6.037177
4.799003
3.064723
0.686852
-1.260240
-2.417329
-1.721529
-0.582528
0.177764
1.459169
4.042654
6.043895
6.614585
5.517730
2.838466
0.707273
-1.348677
-1.940388
-1.218313
-0.031222
0.622388
1.651335
3.809534
6.030131
7.139422
5.380761
3.309708
0.515456
-1.597095
-1.810511
-1.341897
0.145965
0.731661
1.889591
3.420332
5.130542
6.609420
5.017943
2.726768
-0.047028
-2.396391
-3.257638
-2.576219
-0.582294
0.180531
1.107519
3.072515
5.568431
6.119285
4.695048
2.298846
-0.402882
-1.887693
-2.099877
-1.236121
0.262435
0.687270
1.733433
3.050396
4.806245
5.965724
4.801301
2.325247
-0.094044
-1.968724
-1.909095
-1.099779
0.248097
0.753277
1.347642
2.837747
5.127383
5.730979
4.861613
2.900930
0.181540
-1.937247
-2.510709
-1.315100
0.486279
0.808097
1.483389
3.557436
5.665690
6.577037
5.228457
3.079758
0.549531
-1.696281
-1.931801
-0.846530
1.112615
1.212488
1.917307
3.843254
5.558589
6.258405
5.896140
3.768551
1.332117
-0.499884
-1.254467
-0.715284
0.269080
0.998857
2.203255
3.771224
5.865809
6.300334
5.933436
3.329618
0.601931
-1.374623
-1.767971
-1.562633
-0.259487
0.918347
1.903263
4.147467
6.033607
6.346837
5.014560
2.896283
0.504032
-1.126945
-1.826500
-0.715097
0.470048
1.499546
2.621691
4.317435
6.121095
6.925691
5.742682
3.317691
0.992453
-0.797765
-1.438523
-0.234519
0.481559
1.170773
1.885891
3.617436
5.882642
6.694404
6.317855
4.050596
1.708926
-0.091994
-0.501215
-0.555227
0.578256
0.733750
2.417888
4.041148
6.520095
7.167621
6.280082
4.251046
1.596646
-0.840944
-1.471555
-0.616207
1.015658
1.520668
2.029664
4.108608
6.413913
6.496596
6.201190
4.050352
1.270787
-1.398179
-2.269369
-1.594838
-0.178475
0.946309
2.072368
3.828833
5.689967
6.813666
6.636863
4.204958
1.053346
-0.994596
-1.521448
-0.851738
0.717746
1.298676
2.502238
4.306744
6.370282
6.875367
5.983153
3.820910
1.562811
-0.990118
-2.163364
-1.467962
0.053901
0.812004
2.261157
4.395084
6.700416
7.100982
6.375875
3.526463
1.841478
-0.373443
-1.295812
-0.304151
1.501792
1.761804
2.661266
4.397838
6.554338
8.313855
6.940858
4.645057
2.025029
-0.142845
-0.823225
-0.709229
0.627097
1.355664
2.821147
4.829635
6.873450
7.625211
6.700042
4.165536
1.097994
-0.928445
-1.669168
-0.802339
-0.070440
0.681481
1.931865
4.120838
6.545213
7.541934
6.026381
3.494633
0.986689
-1.014791
-1.374239
-0.790264
0.537393
1.357421
2.283328
4.246500
6.518073
7.327622
5.712916
3.474897
1.139482
-0.818412
-1.444968
-0.560373
0.296268
1.184744
2.076321
4.177691
5.914966
5.803803
4.920547
3.246033
1.152906
-0.756892
-1.628459
-1.336176
0.091973
0.971634
1.939096
3.495865
5.638623
6.459674
5.524837
3.815577
1.217136
-1.166929
-1.504655
-1.090817
0.288358
0.639874
1.966700
4.474572
6.254924
7.372951
6.523055
4.400071
1.161411
-1.106830
-1.899459
-1.165487
0.020761
0.948535
2.278883
4.267552
6.362481
6.972625
6.446662
4.015422
0.675618
-1.598732
-1.914207
-1.559405
-0.194686
0.248131
1.628304
3.471841
5.835927
6.874373
5.902846
3.747116
0.776187
-1.653666
-2.742174
-2.072767
-0.280108
0.660576
1.687049
3.958694
5.666200
6.732787
5.682057
3.876737
0.857125
-1.232743
-1.735560
-0.998841
0.033542
0.836204
1.982226
4.230346
6.714297
7.306724
6.009521
3.518693
0.803803
-1.781154
-2.134361
-1.509073
0.163350
0.813828
1.557961
3.383047
5.809587
6.061399
4.867164
2.589230
-0.061537
-1.855668
-2.826993
-1.808729
0.053514
1.402840
1.438603
3.247957
4.973941
5.762050
5.175483
3.335477
0.524913
-0.950496
-2.270206
-1.777994
-0.491667
0.379184
1.721371
3.578361
5.652732
6.777492
5.539004
3.038567
0.137004
-1.881644
-1.878458
-0.915653
0.065906
0.889985
2.001335
3.927907
5.428510
6.690372
5.541926
3.235236
0.447517
-1.612943
-2.637115
-1.892467
-0.212128
0.256856
1.711660
3.618290
5.861850
6.167853
4.823909
2.889481
0.212462
-1.663490
-2.453717
-1.924713
-0.526393
0.428940
1.766317
3.664419
5.430202
6.095576
5.682334
3.500735
0.554013
-1.094666
-2.128850
-1.619164
-0.563273
0.411011
1.169433
3.316404
5.784083
6.420691
5.380935
3.030017
0.546265
-1.657119
-2.124114
-1.551652
-0.506115
0.478629
1.316616
3.312430
5.714072
6.528049
5.279750
2.969660
0.082055
-1.883965
-3.186354
-2.413242
-1.400491
-0.397295
1.214433
3.252617
5.415153
6.078256
4.992225
2.325610
-0.245264
-2.359509
-2.737489
-2.122641
-0.945204
0.468947
1.734086
3.370576
5.720817
6.596772
5.396283
3.421181
0.619440
-1.721165
-2.499519
-1.559412
-0.044816
0.685773
1.581574
3.403835
5.703738
6.515939
5.237208
3.464528
0.769403
-1.790298
-2.221391
-1.178364
0.294984
0.909644
1.421929
3.571678
5.999330
6.304183
5.777606
3.067797
0.298004
-1.364005
-1.768286
-0.955872
0.237319
0.942341
1.896498
3.508286
5.844344
5.945109
5.248385
3.056269
0.608862
-1.282358
-2.150380
-1.179554
0.021247
0.730096
1.538358
3.181998
5.933652
6.939099
6.296462
3.970073
1.404951
-0.845758
-1.546015
-0.390787
0.854417
1.336418
2.401150
4.680243
6.281287
7.556697
6.664020
4.038342
1.081621
-1.210395
-1.843271
-0.801032
0.402284
1.305038
2.916425
5.022914
7.343894
7.881207
6.809005
4.015882
1.155329
-0.938633
-1.356247
-0.113823
0.710458
0.656929
2.423984
4.818042
6.511405
7.169469
6.463311
4.631097
2.059869
-0.909514
-1.816523
-0.924697
0.161534
1.347921
2.166805
4.042114
6.202184
6.880500
5.811088
4.048002
1.195125
-0.595730
-1.217473
-0.445966
0.113360
1.236619
1.855769
3.898175
5.934230
6.423663
5.560880
3.555278
1.372292
-1.047714
-2.164701
-1.478615
-0.361111
0.541031
1.789926
4.030684
5.817172
6.999640
6.121518
4.214763
1.105792
-1.021173
-2.314857
-1.900574
-0.531182
0.263659
1.971390
4.240431
6.601008
6.660426
5.684623
3.485408
0.969758
-1.003008
-1.693007
-0.868758
0.372022
1.252554
2.009362
3.717491
5.495776
6.175208
4.901404
2.901948
0.678555
-1.624700
-1.771849
-0.753039
0.022496
1.074456
2.115231
4.079751
5.819823
6.014773
5.144647
2.867082
0.495271
-1.518745
-2.265845
-1.148363
-0.145907
0.646599
1.526264
3.165342
5.438720
6.122300
5.324889
3.139825
0.811115
-1.204051
-1.968942
-1.245576
-0.308601
0.601647
1.952313
3.846625
5.696956
6.358682
5.837203
2.959408
0.173608
-1.501636
-2.148760
-1.069488
0.515758
1.722939
2.390435
3.958236
5.417092
6.102189
5.276896
2.752786
0.012564
-2.141254
-2.837503
-1.626119
-0.636544
0.499326
1.591172
3.467339
5.164424
6.381858
5.815421
3.017627
0.800525
-1.143719
-2.473343
-1.826663
-0.450722
0.055388
1.398006
3.700866
5.395497
6.562510
5.610305
3.006554
-0.083810
-2.025146
-2.141225
-1.409369
-0.186195
0.946684
1.585148
3.721919
5.697986
6.305331
5.138202
3.366002
0.803356
-0.933901
-1.553431
-1.280676
-0.268526
0.837161
1.850748
3.888042
6.280471
6.906177
5.960671
2.957685
0.316998
-2.041731
-2.471161
-1.430326
-0.076976
0.923971
2.292018
4.168493
6.304683
6.761210
5.218329
2.861368
0.548652
-1.785404
-2.693898
-1.915483
-0.495299
0.591564
1.737021
3.635451
6.002448
6.474332
4.954906
3.104289
0.816965
-1.214174
-1.600344
-1.096515
0.215257
0.875688
1.945042
3.456938
5.758082
6.311034
5.290490
2.932923
0.294481
-1.561367
-2.176908
-1.164962
-0.058473
1.256187
2.573464
4.208597
5.755479
6.577407
5.413608
3.024618
0.034446
-2.328280
-2.560878
-0.823457
0.558953
0.817639
1.634378
3.070956
5.012746
5.509202
4.947642
2.815496
0.396961
-1.921788
-3.000675
-2.286181
-0.818341
0.013782
1.286078
3.864635
5.731252
5.948121
5.024199
2.998681
1.019639
-0.727689
-1.356478
-0.575931
0.650697
1.538568
2.277659
3.858508
5.374190
5.806102
4.818740
3.103672
0.759708
-1.236701
-1.633160
-1.009122
0.045087
1.119176
1.896079
3.479023
5.416974
6.214189
5.378684
2.803880
0.562827
-1.369405
-1.538476
-0.867597
0.013730
0.701535
1.528646
3.469725
5.569064
6.869376
5.740165
3.870638
1.273516
-0.942728
-2.004632
-1.862092
-0.215249
0.817979
1.795366
3.950000
6.193439
6.784663
6.196998
3.921557
0.949302
-1.091845
-1.919243
-0.776028
0.623839
0.962326
2.479692
4.750949
6.597640
6.890121
5.490397
3.463510
0.628503
-1.591639
-2.304017
-1.518430
-0.112597
0.765655
2.120568
3.796718
5.910506
6.490569
5.440467
3.139807
0.507230
-1.331925
-1.917821
-1.356110
-0.249411
0.571923
1.770603
3.800180
5.484355
6.285224
5.374570
3.262729
0.553053
-1.453545
-1.861940
-0.897751
0.189231
0.763121
1.619898
3.642162
5.740369
6.451194
5.206679
3.035688
-0.194179
-2.328331
-2.821527
-2.250232
-0.912162
-0.025945
1.167167
3.342066
5.559688
6.391414
5.362273
2.824871
0.485831
-1.633641
-2.114429
-1.668085
0.036581
1.024276
2.068918
3.461380
5.446105
6.650111
5.480262
3.069224
0.514301
-1.651352
-2.499339
-1.817378
-0.937942
0.007808
1.231610
3.362309
5.652160
6.146495
5.047317
2.772057
0.578490
-1.481391
-1.652244
-1.418691
-0.495980
0.175560
2.026584
3.749341
5.514155
5.735003
4.942369
2.793317
0.127714
-1.655411
-2.346174
-1.292578
-0.511242
0.588573
1.580326
4.602893
6.172145
5.719573
4.876576
2.923388
0.064840
-1.988608
-2.757802
-2.518586
-0.687632
0.110324
1.505850
3.486288
5.797904
6.694232
5.776292
3.363478
0.693934
-1.996867
-2.815798
-1.866403
-0.740304
-0.214457
1.121449
3.311653
5.385711
6.327247
4.618804
2.354814
-0.251154
-1.962576
-2.443775
-1.397423
-0.214654
0.607290
1.583138
3.519762
5.245128
5.634131
5.278533
2.845791
-0.095677
-2.053988
-2.844405
-1.819695
-0.273747
0.464595
1.852556
3.617835
5.481467
6.116084
4.383183
2.633967
-0.143953
-2.038197
-2.451816
-0.857773
-0.114707
0.759052
1.886554
3.718982
5.645228
6.445312
5.622222
3.636669
0.753084
-1.256819
-1.614643
-1.010022
0.313872
1.092738
2.652700
4.357700
5.857463
6.067386
5.402064
3.523459
0.649415
-1.607454
-2.531128
-1.763328
-0.664294
0.585367
2.503209
4.288966
6.103805
6.733533
5.238681
3.402382
0.911536
-1.011872
-1.319782
-0.935510
-0.029465
0.391025
1.503213
3.742608
5.817281
6.893912
5.411771
3.322373
0.866874
-1.140874
-1.684544
-0.900169
0.555137
1.474656
2.474340
4.579225
6.241326
7.348453
5.898429
4.007315
1.280744
-0.831074
-1.195848
-1.071216
0.067882
0.779471
1.827276
4.313139
6.447318
7.409230
5.890513
3.473852
0.713611
-1.140491
-1.446756
-0.857186
0.618188
1.644387
2.271740
3.789195
6.164794
6.749595
5.252246
3.162100
0.970182
-1.038252
-2.081105
-0.965045
0.858970
0.984865
1.815500
3.560880
5.532641
