6.177708
5.506039
3.160237
0.768176
-1.245095
-2.502904
-1.644167
-0.400200
0.510834
2.013140
3.649152
6.028093
6.883097
6.078959
3.868747
1.065267
-0.996854
-1.178514
-0.904678
0.637698
1.582197
2.578812
4.881911
6.973703
7.545778
5.882311
3.899553
1.117546
-1.097763
-2.151723
-1.421374
0.099002
1.130688
2.579955
4.417098
6.575304
6.664927
6.073931
3.283862
0.149302
-2.180374
-2.838215
-1.926023
0.099202
1.017097
1.584030
3.969426
6.179787
6.984457
5.261547
3.105767
0.182358
-2.021463
-3.252447
-2.181071
-0.986666
0.156050
1.661224
3.662418
5.678566
6.176706
4.968317
2.968765
0.013284
-2.167586
-2.957188
-1.591633
-0.386645
0.504103
1.448412
3.343712
5.537725
6.129507
5.235422
3.332767
0.727002
-1.741562
-2.534851
-1.851030
-0.385266
1.054612
1.726878
3.883631
5.935596
6.700344
5.125622
3.019147
0.056066
-1.789678
-2.598769
-1.364341
-0.252753
0.279658
1.159045
3.532252
5.888153
7.039053
6.155893
3.542342
0.730989
-1.161138
-1.794808
-1.051621
0.377419
0.937439
2.536059
4.670186
6.594046
6.432596
5.115755
3.276881
0.167174
-2.415139
-3.355874
-2.111547
-0.844708
0.116797
2.097133
3.983943
5.900892
6.356253
5.314829
3.014935
0.435188
-1.610594
-1.756221
-1.109196
-0.027318
0.899288
2.311251
4.293900
5.757401
6.116713
5.219519
3.259643
0.709703
-1.747620
-2.015912
-1.086387
-0.149481
0.829691
1.824018
3.976932
6.675951
7.407114
6.540216
3.857639
0.762395
-1.271649
-1.745330
-1.654469
0.209112
0.939470
2.007968
4.199814
6.414425
7.139967
6.710081
3.801173
0.810706
-1.372905
-2.254226
-1.232390
0.720098
1.070348
2.128004
4.076285
5.862209
6.928473
6.357096
3.442889
0.986635
-0.737034
-1.262993
-0.570673
0.321082
1.401125
2.461967
4.319864
6.572876
6.710398
5.351698
2.989817
0.256202
-1.588302
-1.955577
-1.072153
-0.129484
0.665547
2.152515
3.660206
5.187872
6.245253
5.429857
3.351518
1.111601
-0.997129
-2.057605
-1.169128
0.138678
1.188551
2.044856
4.652071
6.764637
6.693483
5.494560
2.906458
0.008206
-1.993824
-2.932761
-1.986943
-0.374202
1.592957
2.260480
3.940279
5.442118
6.733191
5.808481
3.159812
0.659645
-1.320785
-1.252162
-0.826362
-0.104218
0.909738
2.152530
3.972702
5.781961
6.196211
5.190046
3.025050
0.320083
-1.832164
-2.109295
-1.620741
-0.248429
0.343303
1.665678
3.790521
6.133961
6.762936
5.002207
2.662418
0.174511
-1.988074
-2.595041
-2.379972
-0.879246
0.177900
1.581013
3.322233
5.386278
5.828741
4.255943
2.253971
-0.698202
-2.978009
-3.145212
-2.746697
-1.506483
-0.399031
0.697889
2.433412
4.287201
5.327885
3.960692
2.044210
-0.515940
-2.676642
-2.927300
-2.438190
-0.778887
0.144538
1.300573
2.806780
4.676713
4.795135
4.183809
1.845857
-0.121989
-2.110210
-2.372350
-0.976144
-0.075766
0.174525
0.926401
2.854724
5.010067
5.542969
4.844133
2.006930
-1.174150
-2.738799
-3.138030
-2.791186
-1.007750
-0.317851
0.678126
3.290605
4.739439
5.187637
4.219036
2.267322
-0.127208
-2.058108
-2.523063
-1.945391
-0.612787
0.368789
1.566265
3.359369
5.408899
5.793627
4.754126
2.607540
-0.293784
-2.501414
-3.126671
-1.896483
-0.875397
0.152385
1.246207
2.843390
4.781964
6.030058
4.438149
2.416434
-0.806591
-3.086297
-3.153871
-2.564971
-0.900814
-0.206106
0.463945
2.522490
4.504820
5.888752
4.607347
2.600914
-0.465891
-2.686147
-3.167990
-2.291537
-0.596283
-0.371293
0.727534
2.874563
4.902634
5.979305
5.176208
2.670136
-0.319392
-2.438969
-3.319825
-2.120303
-0.599904
0.471000
1.023521
3.322603
5.300508
5.538723
4.705080
2.484017
-0.043393
-1.990638
-2.563772
-2.255404
-1.269088
0.395136
1.201064
3.449936
5.064074
5.904554
4.548801
2.471691
-0.037625
-1.844060
-2.657204
-1.745290
-0.993349
-0.061768
0.970399
3.039822
5.528292
5.793036
4.901581
2.381776
0.090251
-2.263051
-3.233717
-1.912479
-0.696087
0.347004
1.297888
3.017041
4.900462
5.632082
4.391541
2.539034
-0.310386
-2.469224
-2.733425
-2.158266
-1.185209
0.027724
1.036136
2.671830
4.344463
4.539400
4.055418
2.451250
-0.478618
-2.633240
-3.337599
-2.500177
-1.081532
0.591895
1.626517
2.628096
4.452116
5.608822
4.377453
2.413480
-0.524404
-2.125956
-2.611393
-1.779615
0.155283
0.690766
1.578702
3.468743
5.165112
5.927612
4.905407
2.344073
-0.595720
-2.439474
-3.728409
-2.455747
-0.935231
-0.642426
0.837863
2.795756
4.852999
5.410393
4.792306
2.490448
-0.422890
-2.676010
-3.374714
-2.414806
-1.281579
-0.015889
0.604038
2.380141
4.664283
4.940733
4.204344
1.557893
-1.257615
-3.340581
-4.464025
-3.104405
-1.574861
-0.578112
0.288555
1.968402
3.891320
4.709619
4.431026
2.153405
-0.689063
-2.633042
-2.977576
-2.317679
-0.960538
-0.062628
0.787958
2.719531
4.588061
4.638978
3.495387
1.396912
-1.321330
-3.498013
-3.347050
-3.065368
-1.941604
-0.741118
0.786309
2.552684
4.489020
5.054205
3.738609
1.739537
-1.048204
-3.262489
-3.133874
-2.314785
-1.283384
0.258179
1.466282
2.636932
4.528593
5.003347
4.297760
2.059170
-0.250980
-2.143904
-2.649523
-1.500478
-0.189461
0.294147
1.074764
2.417299
4.741841
5.705259
4.817453
2.377458
-0.192525
-2.151935
-2.284516
-1.920106
-0.584154
0.604657
1.494521
3.383097
4.832039
5.316681
3.986640
1.803283
-0.255770
-2.342096
-2.661908
-2.050546
-0.925470
0.338490
1.120935
2.976275
5.101519
5.877722
4.949585
2.345784
-0.088639
-1.940681
-2.371622
-2.367010
-0.981240
0.262786
1.654799
3.552058
5.357607
6.000086
4.774548
2.387220
-0.343162
-1.962767
-2.251845
-1.812082
-0.390720
-0.309386
0.772489
2.245033
4.789129
5.686199
4.647678
1.900846
-0.490887
-2.721273
-2.679514
-1.812359
-0.645321
-0.222322
0.695311
2.013208
4.722771
6.035748
4.240098
1.427917
-0.880669
-2.906135
-2.691990
-1.661244
-0.834303
0.454048
1.257796
2.541004
4.059812
5.611778
3.897766
1.729568
-0.837907
-2.715650
-3.554301
-2.689075
-0.974165
0.347245
0.883675
2.281745
3.943214
4.957552
3.933476
1.581223
-1.144328
-3.262021
-3.930079
-3.574380
-2.199857
-0.782986
0.376279
2.198031
3.894198
4.963236
4.345413
2.236004
-0.600726
-3.450727
-3.984066
-3.280315
-1.383912
-0.599458
0.430507
1.857113
3.758935
4.338128
3.263737
1.417574
-0.711076
-3.359700
-3.798889
-2.985599
-1.194081
-0.467039
0.264057
2.080577
4.357453
5.033665
4.560848
2.041389
-1.115171
-3.028978
-3.687079
-3.040992
-1.692241
-1.112616
0.352757
1.993470
3.588246
3.971259
3.375012
1.331933
-1.077732
-3.553860
-4.094025
-3.504926
-2.061742
-0.666539
-0.291665
0.975223
2.925041
3.828836
2.676176
0.400337
-1.544505
-3.637332
-4.258307
-3.475964
-1.998107
-1.041761
0.282536
1.576793
3.437504
3.850732
2.975468
1.091348
-1.399712
-3.305964
-3.336144
-2.671749
-1.206638
-0.974652
-0.405231
1.352448
3.532709
4.133704
3.649492
1.201198
-1.104149
-2.888267
-3.486288
-1.912476
-0.364740
0.082108
0.781738
2.104852
3.343500
4.507892
3.663769
1.406542
-1.340725
-3.467237
-4.144380
-2.994278
-1.558028
-0.639649
-0.258329
1.486891
3.369241
4.187196
3.490380
1.173123
-1.354149
-3.233094
-3.714368
-3.102388
-1.741512
-0.400612
0.295828
1.648270
3.733212
4.125236
4.114998
2.229423
-0.484353
-2.820406
-3.905442
-2.941623
-0.812130
-0.194482
0.645743
2.554632
4.421103
5.493063
4.543103
1.987535
-0.535756
-2.752295
-2.926171
-2.107323
-1.354764
-0.180109
0.582148
2.142302
4.097402
4.885315
4.189361
1.853788
-1.101894
-2.966766
-3.615699
-2.676704
-0.843779
-0.370329
0.746280
2.484663
3.988293
4.302687
3.891030
1.607323
-1.130199
-3.028739
-3.663550
-2.730940
-1.393579
-0.593480
0.154872
1.817322
3.348221
4.146835
3.579166
1.700520
-0.930958
-2.602798
-2.460223
-2.004723
-0.586777
0.584826
0.983080
2.392425
4.453405
5.086329
4.087496
2.010450
-1.105517
-3.191070
-3.564569
-2.228843
-0.612602
-0.030958
0.850258
2.523522
4.068550
4.108483
2.996271
0.489491
-1.645780
-3.401960
-4.463700
-3.194193
-1.857847
-0.944394
0.506480
1.809012
3.452385
3.839982
3.018515
1.068648
-1.713257
-4.218234
-4.563554
-3.554452
-1.931891
-0.831748
-0.178341
0.679914
2.059628
3.264679
2.812005
0.940673
-1.462589
-3.348308
-4.010550
-3.220821
-1.714054
-1.086811
0.131502
1.942103
3.755834
4.054605
3.449517
1.082384
-1.751039
-3.133098
-3.597984
-3.042973
-1.601812
-0.501600
0.036507
1.232992
3.362806
4.824582
3.457731
0.805138
-1.995226
-4.010393
-4.464972
-3.740788
-1.924500
-0.833871
0.035705
1.123010
2.571376
3.719391
2.895733
0.818611
-1.904067
-3.915555
-4.840158
-3.033962
-1.455721
-0.722503
-0.168494
1.071078
3.000678
3.350944
2.351639
0.271072
-2.202671
-3.900326
-3.881281
-3.347127
-1.926730
-1.227632
-0.818315
0.951238
2.315784
3.093081
1.918490
0.379998
-2.467134
-4.223247
-4.263271
-3.110991
-1.656876
-0.348583
-0.030094
1.418440
3.067066
4.365547
3.243233
0.718649
-1.611265
-3.830656
-4.413250
-3.598887
-1.780544
-0.966582
0.082898
1.350126
3.066372
4.397600
3.412090
0.788563
-1.970913
-4.193613
-4.285424
-3.255361
-1.730265
-0.480606
0.274995
1.620238
3.021919
3.610958
2.722782
1.139044
-1.030628
-2.991131
-3.521916
-3.481128
-1.657476
-0.534851
-0.023893
1.239786
2.768161
3.425626
2.987897
1.260377
-1.526349
-2.874026
-3.669352
-3.730103
-1.720726
-0.059219
0.387259
1.393763
3.264969
4.196062
3.519774
1.521848
-1.486465
-3.462022
-3.852424
-2.895433
-1.036106
-0.558081
-0.004395
1.324983
3.652566
4.006127
3.475683
1.112396
-1.793998
-3.662025
-4.352905
-3.697093
-2.701406
-1.008926
0.058051
1.531178
3.226600
3.562124
2.510303
0.458993
-2.188314
-3.920071
-3.769809
-2.904572
-1.279140
-0.805971
-0.273414
1.249829
2.489388
3.500828
3.041471
1.366554
-1.008704
-3.040461
-3.591809
-2.524963
-0.556231
-0.375250
0.646766
1.945903
3.319180
4.475343
2.849195
0.719388
-1.556654
-3.813287
-4.687158
-3.047721
-1.619148
-0.241894
-0.003204
1.102587
2.999164
4.007872
3.480850
1.195946
-1.840473
-3.507187
-3.633326
-3.181071
-1.697275
-0.999377
0.401111
1.288857
2.751882
3.470016
2.787073
0.563687
-1.751284
-3.523700
-3.692218
-3.694909
-2.209351
-0.776636
-0.214165
1.171889
2.590303
3.783720
2.314907
0.087310
-2.347716
-4.384336
-4.506316
-3.962395
-1.798786
-0.482958
-0.109377
0.983991
2.829669
3.741290
3.248483
1.225244
-1.040416
-2.917050
-3.134090
-2.573633
-1.143160
-0.067926
0.609717
1.950974
3.721615
3.782283
3.480252
1.072392
-1.510848
-3.152554
-3.675585
-2.795195
-1.385775
-0.234737
0.476598
1.467429
3.103601
3.307817
2.447947
0.258293
-2.358912
-4.472119
-4.653516
-3.504557
-1.609423
-1.171632
-0.579706
0.721636
2.182711
3.162615
2.622642
0.652197
-1.723989
-3.209341
-4.243982
-3.726873
-2.302782
-0.983221
0.084929
1.543794
3.075604
3.223286
2.547264
0.446170
-2.301975
-3.798738
-4.112075
-3.799045
-2.324596
-0.866283
-0.189322
1.105009
2.549557
3.242913
1.910676
-0.024611
-1.845133
-4.073133
-4.992819
-4.072699
-2.135542
-0.111626
0.025770
0.995659
2.640893
3.231546
1.575997
-0.336893
-2.638836
-4.795913
-4.883137
-3.969120
-1.946018
-1.156853
-0.542367
0.341284
1.487782
2.357617
1.911950
0.234461
-2.240623
-3.914917
-4.123486
-3.081517
-1.910011
-0.673019
-0.808163
0.762954
2.162597
2.520921
1.434834
-0.376044
-2.702498
-4.226742
-4.776003
-3.914799
-2.093771
-0.623484
0.205293
1.145045
2.124410
2.340115
1.884918
-0.016891
-2.440495
-4.158532
-4.128220
-3.152357
-1.384108
-0.649000
-0.044900
1.127761
2.475366
3.171071
2.086424
-0.271770
-2.926638
-4.936187
-5.329852
-3.892937
-2.235758
-1.638118
-0.353066
1.182297
2.190867
2.865735
2.084665
0.209389
-2.246191
-3.734898
-3.668120
-2.734657
-1.110374
-0.177265
0.454390
1.724035
2.752813
3.087428
2.406004
0.459275
-2.173252
-3.969367
-3.934595
-3.083367
-1.635607
-0.217632
-0.011483
1.505299
2.398390
3.037350
2.007625
-0.084670
-2.539713
-4.466200
-4.933914
-3.898385
-2.087999
-0.513798
0.264326
1.031053
2.533778
3.250494
1.795047
-0.290308
-2.687509
-4.444701
-5.636698
-4.505872
-2.545282
-1.864595
-1.153623
0.233377
2.105957
2.256368
1.412156
-0.335598
-2.400668
-4.669503
-5.137398
-3.732788
-2.043404
-0.575943
-0.578450
0.714336
2.406422
2.856340
1.760698
-0.228296
-2.055350
-3.983502
-4.236811
-2.934883
-1.914141
-0.859955
0.130903
1.188876
2.595937
2.886473
1.736781
-0.612992
-2.777831
-4.682977
-5.154033
-4.164644
-2.206915
-1.003956
-0.061358
1.284093
2.392440
3.034572
1.647971
-0.457609
-2.711541
-4.404566
-4.711157
-3.228621
-1.850323
-1.096411
-0.480743
1.478648
2.636043
2.730021
1.760208
0.070183
-1.978343
-3.915607
-4.223858
-3.344925
-1.869093
-1.169434
-0.353615
0.740641
1.848393
2.207302
1.006858
-0.888115
-2.951101
-4.390051
-4.392783
-3.711430
-2.125898
-1.408575
-0.981493
0.385204
1.919232
2.538765
1.097110
-0.892254
-3.309410
-4.774965
-5.059957
-3.962317
-2.259130
-1.198521
-0.700930
0.225548
1.444142
1.535112
0.672875
-1.109039
-3.568164
-5.038582
-5.988630
-4.539261
-2.362972
-1.272171
-0.822517
0.336573
1.436663
1.713107
0.646856
-1.064147
-3.649362
-5.784373
-6.540913
-5.486259
-3.105032
-1.727127
-0.857306
0.459138
1.937561
2.371701
1.325201
-0.554951
-2.963628
-5.220893
-5.219930
-3.897490
-1.905388
-1.469702
-0.865547
0.320166
1.512370
1.904587
0.666251
-1.414879
-3.526200
-5.078759
-4.428675
-3.364061
-1.904909
-1.010252
-0.710835
0.372840
1.932008
1.860682
1.304928
-0.961023
-3.385098
-5.081324
-5.100495
-4.467659
-2.872662
-1.580961
-0.379372
0.388892
1.124516
1.575808
1.151842
-0.433274
-2.506717
-4.343244
-4.488107
-3.008272
-1.184570
-0.650787
0.146018
1.296611
2.850849
2.678632
1.414595
-0.921777
-3.388045
-4.504211
-4.423222
-3.875734
-1.796778
-0.470995
-0.421291
0.645858
1.948937
2.253463
0.772419
-1.453663
-3.853888
-5.541421
-5.463496
-4.379725
-2.691399
-1.395496
-1.398965
-0.331047
0.966156
1.343373
0.260555
-1.968861
-4.083848
-5.382257
-5.321352
-4.615305
-2.878359
-1.633640
-1.110877
-0.466752
0.673326
1.002911
0.775007
-1.179239
-3.320036
-5.125362
-5.747999
-3.671192
-2.335236
-1.787243
-0.785297
0.545035
1.823534
1.994834
1.064154
-1.362594
-3.626086
-5.261675
-5.585945
-4.128629
-2.179373
-1.518255
-0.958669
0.439879
1.565293
2.078419
0.686167
-1.355862
-3.886081
-6.145147
-6.748603
-5.843730
-3.851559
-2.306643
-1.563273
-0.178778
1.099168
1.626824
0.774251
-1.767304
-3.578655
-5.535085
-5.992172
-4.591243
-2.302372
-1.279999
-0.852804
0.107459
1.143449
0.973461
-0.014372
-1.859947
-4.044076
-5.782589
-6.358561
-5.074147
-2.932646
-1.908085
-1.146296
0.040479
1.004882
1.052902
0.164827
-1.758461
-3.712893
-5.501527
-5.736367
-4.526298
-2.331944
-0.693384
-0.819893
0.992277
2.118227
2.470527
0.833265
-1.139948
-3.283407
-4.869211
-5.091809
-4.291498
-2.038065
-0.589327
-0.421519
-0.106358
1.353220
1.586888
0.278869
-1.596006
-4.035456
-5.262111
-5.070544
-4.163116
-2.479500
-1.426487
-1.105040
-0.205544
0.498659
1.272059
0.282789
-1.497820
-3.810495
-5.141689
-5.427344
-4.325859
-2.983824
-1.904699
-0.597429
0.101157
1.083344
1.115040
0.442377
-1.647695
-4.386156
-6.051220
-5.875103
-5.014546
-3.139511
-1.817625
-1.158139
0.183621
1.569138
1.430975
0.361708
-1.886782
-3.361155
-4.729190
-5.526788
-4.221230
-2.101397
-1.161161
-0.626139
1.042568
1.719278
1.821952
0.290044
-1.955488
-4.460404
-6.163992
-6.131618
-4.342464
-2.756186
-1.136173
-0.932922
-0.254755
0.661298
1.172810
0.431803
-1.496264
-3.450751
-5.159006
-5.186154
-3.309402
-1.700388
-1.287571
-1.045659
0.264606
0.952378
1.270976
0.283268
-1.613370
-3.972576
-5.553507
-5.968396
-5.074213
-2.965990
-1.495123
-0.543734
0.003236
0.837187
0.912180
0.153566
-2.296931
-4.209798
-6.027271
-5.769011
-4.796844
-3.385733
-1.891842
-1.105129
-0.187534
0.735824
1.004249
-0.278538
-2.394387
-4.535166
-6.330166
-6.969838
-5.231288
-2.558607
-1.066494
-0.452181
0.130905
1.085002
0.872785
-0.281695
-2.640110
-4.707408
-5.971581
-6.195762
-5.037940
-3.724422
-2.253424
-0.849016
0.382344
1.138000
1.029723
-0.356832
-2.369298
-4.716767
-7.073130
-6.913882
-5.780771
-3.871998
-2.835766
-2.030994
-0.744882
0.248298
0.861897
0.009151
-2.138735
-4.473244
-5.701523
-6.118852
-4.420238
-2.684532
-1.856436
-1.809106
-0.762723
0.382266
0.805866
-0.400147
-2.018768
-4.082384
-5.394605
-5.723775
-4.126017
-2.080776
-0.777929
-0.324136
-0.104456
1.001898
1.106339
0.207983
-1.583141
-4.220958
-5.876828
-5.660241
-4.254206
-1.917587
-0.960329
-1.222918
0.529266
1.682033
1.391430
0.374547
-1.885127
-4.287693
-5.824552
-5.573913
-5.095539
-3.053759
-1.699043
-1.145644
-0.540627
0.667754
0.587012
-0.492394
-2.260025
-3.940703
-5.779521
-6.285345
-4.679369
-2.852922
-1.996159
-0.878485
0.063141
0.631307
0.563979
-0.487344
-2.362693
-4.677382
-5.628994
-6.325753
-4.961254
-2.720455
-1.448872
-1.097208
-0.354871
0.772002
0.893804
-0.385942
-2.733216
-5.071185
-6.843926
-6.891095
-5.313611
-3.221973
-2.374342
-1.720992
-0.666745
0.466910
0.855544
-0.397691
-2.378622
-4.484261
-5.962702
-5.962190
-4.389238
-2.741888
-1.782898
-1.191630
-0.611760
1.284814
0.635931
-0.369400
-2.785214
-5.213620
-6.907060
-6.252895
-5.596247
-3.816019
-2.693602
-1.597352
-0.373188
0.482579
0.640731
-0.483279
-2.796602
-4.901494
-6.492677
-7.346207
-6.248082
-4.049719
-2.421816
-1.918859
-0.788976
0.055205
0.151397
-1.328977
-3.255128
-5.422045
-6.960843
-7.103783
-5.198561
-3.261908
-1.847349
-1.775818
-0.881199
-0.037773
-0.455476
-1.367152
-3.411483
-5.069867
-6.642604
-6.518448
-5.528848
-3.283476
-2.273420
-1.825377
-0.687629
0.465801
0.881460
-0.401994
-3.015165
-5.372318
-6.488055
-5.650779
-4.189283
-2.081284
-1.426258
-1.381832
0.031238
0.675025
0.680840
-1.114926
-3.257529
-5.313640
-6.662114
-6.969688
-5.702291
-3.653706
-1.795994
-1.512060
-0.578669
0.417000
0.773131
-0.819843
-2.909485
-4.937508
-6.460660
-6.243867
-5.391154
-3.323835
-2.710119
-1.343247
-0.710849
0.390099
0.460567
-0.876313
-2.834662
-5.082187
-6.647498
-6.812723
-5.317968
-2.988562
-1.973902
-1.200684
0.226469
1.235098
0.727308
-0.383279
-2.198518
-4.972116
-6.853574
-7.173844
-5.206406
-3.303711
-2.306116
-2.277150
-1.280198
0.108547
0.552567
-0.233403
-2.195551
-4.729112
-6.448097
-6.392363
-4.940809
-3.188522
-1.819180
-1.996025
-0.948143
0.100536
0.652740
-0.149999
-1.999553
-3.888391
-5.564374
-6.510488
-5.201534
-3.249252
-2.177813
-1.372337
-0.503668
0.390352
0.512636
-0.258479
-2.399545
-4.661823
-6.564594
-6.903996
-5.126190
-3.187326
-1.781401
-1.037270
-0.492907
0.742487
0.750929
-0.516663
-2.276155
-4.914387
-6.719506
-6.807386
-5.219476
-3.549459
-2.040831
-1.844079
-0.471459
0.148205
0.385714
-0.943079
-2.748378
-4.531707
-6.629256
-6.448311
-5.205582
-3.110502
-2.298199
-1.761418
-0.182498
0.571475
0.752815
-0.300580
-2.694629
-5.241552
-6.912298
-6.299940
-5.566915
-3.307335
-2.421709
-2.119574
-0.802861
-0.298775
0.010540
-0.961894
-3.003789
-5.062227
-6.692687
-7.483431
-6.277398
-4.341276
-2.881963
-2.229975
-0.884815
-0.029341
-0.129927
-1.480420
-3.735437
-5.615659
-6.709748
-7.411659
-6.374084
-4.321060
-3.077711
-2.637539
-1.204148
-0.099522
0.055038
-1.163883
-2.950696
-5.094882
-6.833132
-7.351496
-6.383682
-4.983421
-3.162282
-2.312077
-1.199105
-0.249622
0.167835
-1.064606
-3.387314
-5.302788
-6.881513
-7.197652
-6.066867
-4.236746
-3.027870
-2.231234
-1.557019
0.487273
0.139808
-0.981194
-2.762523
-5.189864
-6.723601
-6.376180
-4.705028
-2.813171
-2.277403
-1.493169
-0.812529
0.230943
0.435792
-0.770151
-2.506086
-4.395644
-5.762872
-6.046522
-4.630772
-3.297541
-2.776742
-1.885003
-1.244133
-0.350329
-0.208988
-1.161734
-3.332934
-5.265639
-6.987778
-6.653848
-5.634974
-4.340992
-3.075210
-1.831852
-1.469902
-0.364612
-0.115801
-1.517817
-3.287476
-5.465822
-6.745203
-7.631031
-6.156961
-4.003925
-2.671785
-1.720341
-0.849117
-0.127376
0.417723
-1.592366
-3.214719
-5.027096
-6.933415
-7.436503
-6.445465
-4.132650
-2.963337
-2.420993
-1.063170
-0.154459
0.333754
-0.534891
-3.108400
-5.924534
-7.778583
-8.161969
-7.022157
-4.669145
-3.202234
-2.846226
-1.553396
-0.243289
0.032993
-1.239333
-3.699645
-5.771140
-7.144785
-7.652045
-6.455815
-4.487916
-3.353485
-2.728781
-1.474600
-0.086258
-0.206095
-1.178538
-3.491208
-5.413334
-6.785330
-6.440323
-5.645852
-4.419734
-2.882121
-2.131096
-1.158170
0.175595
0.481781
-0.694049
-2.526628
-4.675761
-6.768000
-6.814300
-5.389295
-3.636377
-2.038503
-1.557933
-0.544025
0.673441
0.096822
-0.961237
-2.730372
-5.020792
-6.782946
-7.159131
-6.218957
-4.073086
-3.298115
-2.969333
-1.538718
0.065624
0.073934
-1.186609
-3.062664
-4.732472
-6.049882
-6.467166
-5.036833
-3.006346
-1.714966
-1.706935
-0.443702
0.445630
0.186150
-0.787663
-2.880142
-5.090824
-6.857697
-6.315199
-5.068154
-3.815155
-1.930544
-1.136863
-0.894807
0.055526
1.051898
-0.499934
-2.770067
-4.695414
-6.835341
-6.812686
-5.152645
-2.972231
-2.462844
-1.759457
-0.469418
0.715204
0.551226
-0.736673
-3.036840
-5.458723
-7.101890
-7.342180
-6.060380
-4.006527
-2.396762
-1.551990
-0.810214
0.126354
-0.072716
-1.322112
-3.157474
-5.818323
-6.694179
-6.626070
-6.092546
-4.401574
-3.185615
-2.567262
-1.595963
-0.001964
-0.038757
-1.193617
-3.066635
-5.518283
-6.937789
-7.337373
-6.574159
-4.789302
-3.200678
-2.171350
-0.741035
0.173505
-0.653669
-2.211765
-3.943535
-6.051977
-7.720254
-8.392478
-7.489889
-5.064828
-3.876175
-2.730514
-1.496573
-0.724609
-0.671116
-1.619220
-4.108766
-6.285393
-7.935926
-7.818577
-6.239439
-4.742308
-3.383113
-2.501057
-1.496785
-0.521838
-1.016800
-1.977894
-3.827843
-6.290446
-7.790503
-7.951389
-6.824912
-4.547266
-3.715262
-2.965095
-1.950236
-0.919271
-0.388046
-1.396639
-3.710081
-6.646825
-8.165063
-7.497284
-6.280955
-4.519891
-3.568145
-2.821406
-2.229896
-0.933647
-0.958496
-2.264307
-4.249561
-6.756959
-8.168414
-8.346584
-6.736103
-4.758091
-3.506194
-3.222291
-1.699776
-0.622146
-0.503103
-1.428033
-3.126822
-5.201067
-6.866535
-6.740112
-5.351894
-3.922780
-2.964350
-2.195400
-1.024948
-0.052986
-0.244479
-1.519592
-3.621831
-6.027392
-7.909742
-8.204994
-6.252061
-4.268874
-3.548873
-3.063666
-1.853826
-0.488043
-0.227089
-1.572407
-3.962414
-5.844725
-6.904387
-7.353208
-6.610565
-4.797732
-3.631470
-2.211352
-1.259901
0.132936
0.686551
-0.756008
-2.749112
-4.552121
-6.036080
-5.621221
-4.499690
-2.783905
-2.396037
-2.240272
-0.728538
0.419980
0.944131
-0.568406
-3.098997
-5.658925
-7.302600
-7.787571
-6.631004
-5.082838
-3.675159
-2.992958
-1.761552
-0.529335
-0.136786
-1.139991
-3.221627
-6.346417
-8.409281
-8.552228
-7.520141
-5.411093
-4.140456
-3.425490
-2.468267
-1.501043
-0.590155
-1.875679
-3.386596
-5.928379
-7.210041
-6.757614
-5.277933
-4.140485
-3.165609
-2.371455
-1.321212
-0.380704
0.089439
-0.739404
-2.834032
-5.362463
-6.866606
-7.039493
-5.986781
-4.964083
-3.333601
-2.032290
-1.002938
-0.534410
-0.282452
-1.101001
-3.442469
-6.010917
-7.741786
-8.841341
-7.863753
-5.808597
-3.925116
-2.809951
-1.822651
-0.391849
-0.180219
-0.871473
-2.746301
-5.172218
-7.110366
-7.554208
-6.699828
-4.532678
-3.145876
-2.479636
-1.337513
0.005098
0.867334
-1.218433
-3.782582
-6.066106
-7.397102
-7.196264
-6.338929
-4.195496
-3.192840
-1.923703
-0.995776
-0.091602
0.188544
-0.587864
-2.685695
-5.145187
-6.970704
-7.128906
-5.500669
-4.134229
-3.101646
-1.948549
-0.794409
1.037391
1.148459
0.161211
-2.474580
-4.648008
-6.324764
-6.505563
-5.291715
-3.518950
-3.056685
-2.603261
-1.393173
-0.189875
0.058824
-0.616949
-3.427875
-5.809476
-7.502003
-8.155483
-7.189278
-5.647910
-3.997668
-3.127021
-1.447027
-0.032951
0.890759
-0.559556
-2.777538
-5.132447
-7.332400
-8.624264
-7.160512
-5.439138
-4.142184
-2.383693
-1.010953
-0.346222
-0.168975
-1.022607
-3.475602
-5.750216
-7.636175
-8.161543
-6.836107
-5.383113
-4.201159
-2.985869
-1.587502
-0.591129
-0.398148
-1.432384
-3.150826
-5.312939
-7.132742
-7.508369
-6.650612
-5.289370
-3.785939
-2.814861
-1.874268
-0.790333
-0.409323
-1.464361
-2.941483
-5.244155
-6.512479
-7.192912
-6.416536
-4.812244
-3.923780
-3.412422
-1.658002
-0.051538
0.229597
-1.178276
-3.235950
-6.209464
-8.219313
-8.853010
-7.913242
-6.090172
-4.011733
-3.376884
-2.104984
-0.635731
-0.081193
-1.003868
-3.202043
-6.124714
-8.564718
-8.649408
-7.524127
-5.598660
-4.015659
-3.544482
-2.198478
-0.986708
0.245358
-1.331263
-3.959916
-6.980581
-8.827328
-9.092568
-8.202019
-5.958447
-5.611043
-3.823593
-2.432756
-1.246181
-1.361555
-2.334489
-4.135864
-6.176495
-7.671380
-8.401514
-7.644187
-6.325364
-4.490917
-3.006207
-1.944209
-0.797167
-0.124611
-1.092764
-3.484969
-6.208356
-8.603029
-8.732833
-7.487076
-5.765236
-4.525035
-3.354909
-2.170084
-1.055035
-0.304422
-0.778934
-3.310947
-5.479042
-7.564659
-8.138318
-6.687725
-5.582352
-4.667328
-2.494780
-1.159591
-0.150898
-0.157986
-1.026491
-3.366352
-6.024206
-7.816053
-9.014826
-7.851851
-5.901964
-4.538513
-4.078379
-2.631411
-0.090353
-0.072715
-0.866868
-2.923826
-5.635984
-7.763834
-8.282900
-7.027377
-5.070678
-3.991617
-2.320326
-1.049833
-0.055878
-0.191240
-1.324396
-3.481220
-5.971615
-7.985317
-7.830038
-6.760116
-5.286921
-4.154646
-2.971122
-2.075100
-0.809505
-0.633976
-1.049871
-3.682336
-6.082246
-7.761898
-8.188055
-7.200199
-5.528914
-4.363194
-3.060583
-2.096777
-0.368889
0.209738
-0.850056
-2.420424
-4.920273
-6.943086
-7.463848
-7.057253
-5.324230
-3.663951
-2.899560
-1.176864
-0.259645
0.522934
-0.988541
-3.283170
-5.652822
-7.808840
-8.457658
-7.709368
-5.624032
-3.509211
-2.603338
-1.273067
-0.065277
0.187354
-0.915218
-3.675761
-6.507763
-8.302809
-8.180577
-7.231129
-5.835060
-4.337562
-3.417821
-2.009679
-0.794968
0.074432
-0.654421
-3.491999
-6.261897
-8.268864
-8.356536
-7.652487
-6.162405
-4.578141
-3.156072
-1.810617
-0.455962
0.095430
-0.695724
-2.924157
-5.631768
-7.588634
-8.308787
-6.269938
-5.363328
-3.928934
-3.115382
-1.093122
0.277900
0.345911
-0.820435
-3.630327
-6.223105
-8.561640
-8.653933
-7.286246
-5.651538
-4.336102
-3.072415
-1.704277
-0.096731
0.476363
-0.637846
-2.860684
-5.771697
-7.840659
-8.118526
-6.867609
-5.618227
-4.708735
-3.464890
-1.113117
-0.109132
0.107853
-0.884402
-3.670275
-6.018937
-8.104330
-8.155339
-7.026843
-5.347449
-4.420516
-3.570901
-2.345543
-0.629871
-0.048449
-0.976618
-2.922664
-6.234876
-8.624683
-9.323805
-7.129321
-5.118340
-4.009979
-3.035238
-1.767708
-0.288826
0.387068
-0.859102
-3.139668
-6.279328
-8.511072
-8.836637
-7.748424
-6.010534
-5.001785
-3.611975
-1.866803
-0.408485
0.397486
-0.935555
-3.680484
-5.941928
-8.182519
-8.770126
-7.389972
-6.087478
-4.595104
-3.831115
-2.338911
-0.775671
-0.128580
-0.949965
-3.017321
-5.551513
-7.702715
-8.501991
-7.228471
-5.322303
-3.657851
-3.086178
-1.473867
0.319307
0.530142
-0.924080
-3.393896
-6.236428
-7.796398
-8.475548
-7.107368
-5.100563
-3.960647
-2.834081
-1.539762
-0.173014
0.252787
-0.768476
-2.371132
-5.545862
-7.596357
-8.654085
-7.796779
-5.866940
-4.330042
-3.096792
-1.878399
-0.367813
0.123026
-1.067902
-3.136204
-5.695404
-7.917725
-8.367519
-6.120168
-5.120352
-3.902868
-2.954141
-1.565214
-0.131335
0.669321
-0.734727
-2.940817
-5.664972
-7.615201
-7.853496
-6.625271
-4.871841
-3.779282
-2.406179
-1.212864
-0.059565
0.287272
-0.900166
-2.856464
-5.345310
-7.360325
-8.491875
-7.605029
-5.771081
-4.616035
-3.518667
-1.819849
0.211067
1.103952
-0.176703
-2.525858
-5.367734
-7.556610
-7.873659
-6.825161
-5.054550
-3.677565
-3.201126
-1.317322
0.439577
0.639854
-0.433552
-2.823922
-5.530747
-7.617905
-7.741640
-6.501639
-5.081051
-3.544319
-2.750152
-1.297321
0.035364
0.676433
-0.717042
-3.045206
-5.734508
-7.785686
-8.302710
-7.500401
-6.048150
-4.839274
-3.517468
-1.752535
-0.459766
0.237371
-0.795003
-2.950644
-5.750418
-7.839251
-8.582510
-7.455782
-5.601876
-4.462711
-3.591133
-1.819378
0.141730
0.887163
-0.084953
-2.314573
-4.899938
-7.032605
-8.006287
-7.040689
-5.594172
-4.297663
-3.060946
-1.448961
0.231144
1.025112
-0.339406
-2.535862
-5.418892
-7.410218
-7.489985
-6.237309
-5.385799
-4.339326
-2.861518
-0.655589
0.643997
0.645445
-0.042045
-2.139565
-5.176029
-7.047814
-7.314599
-6.485350
-4.812419
-3.227347
-3.015738
-1.620836
0.195434
0.927059
-0.031183
-2.340856
-5.348617
-7.543539
-8.377589
-7.085347
-5.625379
-3.867066
-2.697466
-1.193817
0.401091
0.842041
0.072149
-2.573237
-4.921356
-6.916497
-7.988904
-6.924175
-5.513364
-4.660639
-3.455536
-1.790781
-0.895268
-0.359566
-1.112843
-3.045938
-5.524280
-7.412012
-8.368034
-7.240883
-5.299690
-3.961211
-3.029359
-1.706474
-0.161182
1.118059
-0.532133
-2.653112
-5.268815
-7.613307
-7.992182
-6.976797
-5.360945
-4.026668
-3.184427
-1.786169
0.347416
0.652006
-0.820419
-2.785630
-5.737583
-7.646632
-8.482286
-6.729237
-4.946364
-4.687116
-3.577971
-1.331656
-0.042702
0.368686
-0.721812
-3.278153
-6.050985
-7.965887
-8.547390
-7.541737
-5.776011
-4.641060
-3.586317
-2.288464
-0.131943
0.491357
-0.306062
-2.271034
-5.054490
-7.162209
-7.244144
-6.354877
-4.923731
-3.756389
-3.009208
-1.988167
-0.418253
0.213301
-0.990310
-2.979439
-5.484042
-7.440444
-7.953233
-7.015072
-5.881300
-4.670667
-3.413463
-1.572149
0.160055
0.511383
-0.547386
-2.993603
-5.384897
-7.375019
-7.434348
-6.641579
-5.704154
-3.833105
-2.520532
-0.878759
0.004680
0.743340
-0.599361
-2.282476
-5.119982
-6.615507
-7.059344
-5.952998
-4.621325
-3.671932
-2.782737
-1.050503
1.254914
1.690609
0.342202
-2.172685
-4.333248
-6.736174
-7.277447
-6.564907
-5.408809
-4.015366
-2.909904
-1.127996
0.941881
1.596390
0.362986
-2.523200
-4.713430
-6.663000
-7.989097
-7.081523
-5.622766
-4.452013
-3.079355
-1.216501
0.239183
0.582879
-0.084864
-2.430703
-5.244135
-7.237359
-7.783784
-6.705659
-5.529516
-3.781577
-2.104491
-0.647326
0.495575
0.769714
-0.539507
-2.921154
-5.424675
-7.443727
-8.175057
-7.210676
-5.117061
-3.893502
-2.609290
-0.961364
0.703278
0.753277
0.363573
-2.301476
-4.947921
-6.770012
-7.274107
-6.617885
-5.486591
-4.119566
-2.946893
-1.665136
-0.096651
1.028292
-0.361530
-2.500122
-5.404075
-7.725293
-8.061975
-7.047320
-5.169380
-3.896038
-2.822029
-1.507044
-0.132769
0.582812
-0.854347
-2.701488
-5.579119
-7.754696
-8.662085
-7.376455
-5.806294
-4.353945
-3.281016
-1.466940
0.051537
0.353550
-0.544734
-2.735980
-5.532851
-7.989432
-8.450151
-7.777905
-6.525623
-5.005160
-2.956268
-1.200955
0.613761
1.662165
0.814003
-2.072475
-4.922151
-6.621019
-6.619171
-5.974132
-4.799838
-3.732529
-2.231467
-0.163436
1.537899
1.455786
0.122053
-2.241391
-5.175798
-7.367300
-7.854414
-6.952291
-5.343148
-4.413909
-2.672256
-0.688531
1.092127
2.320662
1.252968
-0.998081
-3.821097
-6.474081
-7.087897
-6.387478
-4.660808
-4.284793
-2.717690
-0.867737
0.837580
1.398973
0.882372
-1.558889
-4.679142
-7.070131
-8.175562
-7.329853
-5.391393
-3.738101
-2.078454
-0.370910
0.892607
1.918343
0.581903
-1.666172
-4.407602
-6.992476
-7.885484
-6.924811
-5.541481
-4.537919
-3.092553
-1.394318
1.330030
1.703689
1.103025
-1.687962
-4.526173
-7.041810
-8.108724
-6.447322
-4.357162
-3.640361
-2.680092
-0.740503
1.209002
1.558933
0.145813
-2.029905
-4.553608
-6.494478
-7.251882
-6.318571
-4.759905
-3.256824
-2.704396
-0.982679
0.967330
1.455408
0.302116
-1.776766
-4.646386
-6.512194
-7.790798
-6.302378
-4.752645
-3.563546
-2.371633
-0.370487
1.404845
1.990145
0.671579
-1.510374
-4.286793
-6.604105
-7.960697
-7.483914
-5.679892
-4.149408
-2.904345
-0.634363
1.260085
1.840698
0.561663
-1.793314
-4.435787
-6.194577
-7.074538
-6.161386
-4.697732
-3.750309
-2.191116
-0.579870
1.526140
1.549038
1.009792
-1.188588
-4.412724
-6.507206
-6.941780
-6.286762
-4.402451
-3.009260
-1.415706
-0.209339
1.023405
1.970582
0.802803
-1.386571
-4.338191
-6.480670
-7.622053
-6.668528
-4.816303
-3.461556
-2.418422
-0.602744
1.348854
1.329668
0.309303
-1.786465
-4.811424
-6.997810
-7.669951
-7.613427
-6.030148
-4.157069
-3.029605
-0.901169
0.556091
1.296602
0.309468
-1.803106
-4.451728
-6.750950
-7.440288
-6.505254
-5.074619
-4.190816
-2.423852
-0.140701
1.205019
1.767870
0.848616
-1.810743
-4.305320
-6.476692
-7.032988
-6.209867
-5.278829
-4.239114
-2.644008
-0.667328
0.709724
1.404637
0.823168
-1.392239
-4.112436
-6.927392
-7.830736
-6.482236
-4.677855
-3.244046
-1.742014
0.111420
2.024075
2.402607
1.402464
-1.139870
-3.671774
-6.226279
-7.179699
-5.954404
-4.771627
-4.004274
-2.661661
-0.085481
1.685164
2.512897
1.637521
-0.993503
-3.168198
-5.675066
-6.656742
-6.198489
-4.494016
-3.004859
-1.712234
-0.258879
1.330922
2.080075
1.896930
-0.470509
-3.563077
-5.629270
-6.104602
-5.102426
-3.961296
-3.140149
-1.732457
0.321888
2.061975
3.237773
1.511314
-0.985588
-3.895138
-6.004251
-6.413213
-6.018643
-3.906530
-2.831856
-1.076913
0.418148
2.389631
2.447098
1.486229
-0.956766
-3.692448
-5.936832
-7.043519
-6.314227
-4.652948
-3.616393
-2.380156
-0.326568
1.591592
2.556828
0.993952
-1.086024
-3.960314
-6.024322
-6.518229
-5.916399
-4.471989
-2.971309
-1.851040
0.063340
1.840473
2.347035
1.572595
-0.738995
-2.880920
-4.522234
-5.212944
-4.397231
-3.264276
-2.210785
-0.390432
1.221277
2.696249
3.265978
1.855410
-0.425022
-3.571259
-5.649296
-6.106120
-5.581296
-4.099303
-3.175575
-1.841020
0.539317
2.121522
3.104988
1.920908
-0.591700
-3.646224
-6.339221
-6.573600
-5.747743
-4.098738
-3.580954
-2.121507
-0.203585
1.564037
2.451452
1.860353
-0.388042
-3.385165
-5.940484
-6.980265
-6.659053
-4.976604
-3.527109
-2.026800
-0.024418
2.058210
2.864359
1.873692
-0.825688
-3.550439
-6.277936
-6.959693
-5.761741
-4.088968
-3.317633
-2.555636
-0.486677
1.835213
2.245518
1.598362
-0.897182
-3.517900
-6.251076
-7.044645
-5.687993
-4.249914
-3.200835
-1.245263
0.812079
2.624792
3.124877
2.032701
0.091607
-2.644615
-5.430706
-6.050103
-5.337661
-3.996466
-3.143044
-1.720842
0.436535
2.248369
3.009475
1.882181
-0.560295
-2.954330
-5.582884
-6.335144
-6.055012
-4.496037
-3.198804
-1.735287
0.095253
2.190826
3.055346
2.188632
-0.733868
-3.392933
-5.453216
-6.049458
-5.024308
-3.986790
-3.232267
-1.414235
0.470319
2.810418
3.327348
2.344110
-0.156374
-2.774249
-5.178827
-6.451999
-5.932611
-4.638862
-3.287666
-1.497862
0.404688
2.772276
3.864565
2.876324
0.911760
-1.582088
-4.007001
-5.167332
-3.329894
-2.151112
-1.892252
-0.828545
1.159389
2.678020
3.937935
2.668438
0.316271
-2.711378
-5.165015
-6.063993
-5.695508
-4.288321
-2.806699
-1.474206
0.618153
3.173203
3.621541
3.318077
0.434752
-2.316286
-5.011701
-6.142838
-6.131673
-4.733285
-3.077107
-1.759294
0.245180
2.003205
2.970332
2.251123
-0.221283
-3.268709
-5.750283
-6.975930
-6.365346
-5.202856
-3.828180
-1.740837
0.082069
2.192505
3.033620
2.198891
0.548830
-2.258471
-4.309947
-5.367652
-5.497106
-3.893137
-2.964385
-1.557241
0.810824
2.845651
3.677092
2.886883
0.330350
-2.705660
-4.638643
-5.533760
-5.076597
-3.427385
-2.712557
-1.166953
1.200108
3.433683
4.204014
3.134483
0.555624
-2.562710
-5.194431
-5.648652
-4.979375
-3.449832
-2.557147
-1.160200
1.069899
2.931593
3.498870
2.832844
0.425881
-2.307163
-4.240003
-4.536143
-3.556131
-2.131563
-1.744488
-0.338561
1.963764
3.710434
4.511164
3.370380
1.204034
-2.177014
-4.682705
-5.545225
-4.581034
-3.469955
-2.342887
-1.471284
0.846868
3.118963
4.226804
3.146729
0.249914
-2.424727
-4.617395
-5.816636
-4.270733
-2.665242
-1.659083
-0.547207
1.303031
3.589314
3.952295
3.072660
1.288507
-1.339458
-3.681171
-3.998618
-3.324934
-2.156428
-1.312975
-0.379769
1.757148
3.925822
4.747562
3.778096
1.254211
-1.819040
-3.966515
-5.151133
-4.525043
-2.346935
-1.216589
0.371979
1.966122
3.879948
4.580773
3.608284
1.164738
-1.688658
-4.143203
-5.225879
-5.001122
-3.545774
-1.450219
-0.410645
1.324487
3.224009
4.223763
3.776324
1.694424
-1.028769
-2.899858
-4.089437
-3.140000
-2.348866
-1.199695
-0.085056
2.107015
4.108557
4.717448
4.455387
2.042994
-0.796580
-3.250700
-4.481332
-3.351887
-1.651553
-0.443294
1.012211
2.654119
4.760529
5.571657
4.509224
1.965687
-1.188366
-3.871659
-4.814763
-3.738954
-2.048012
-0.477112
0.589327
2.634854
4.258994
4.869570
3.582377
1.632280
-0.822123
-3.155517
-4.360116
-3.650871
-2.045932
-1.151405
0.081694
1.826706
4.327153
5.270544
4.349346
2.350073
-0.692364
-3.037329
-3.748901
-3.118498
-1.656002
-1.009302
0.152875
2.771450
4.937635
5.477026
4.351130
2.220963
-0.576527
-2.583098
-3.116919
-2.018962
-0.719418
0.138578
0.679902
2.793449
4.492784
5.243299
4.478261
2.329531
0.109678
-1.490967
-2.168202
-1.553557
-0.131924
0.503472
1.522022
3.696587
5.452675
5.675762
4.972895
2.450961
0.011561
-1.666069
-2.880336
-2.031195
-0.964606
0.246404
1.279357
3.596744
5.742779
6.095888
4.808278
3.056604
0.403188
-1.793667
-2.524653
-1.603273
-0.137598
0.325908
1.260002
3.473772
5.788774
6.442810
5.682411
4.034636
1.209701
-1.604258
-2.334658
-1.249064
-0.802383
0.656122
1.494410
3.496165
5.792059
6.023314
5.120743
2.984391
0.528652
-1.845205
-2.155745
-0.514534
0.465260
1.267382
2.372838
4.080742
5.763676
6.466967
5.571135
3.275454
0.404253
-1.633665
-2.665998
-1.690969
-0.332893
0.625105
1.648108
4.002202
6.076612
6.954771
5.801405
3.348670
0.577374
-1.590100
-2.798050
-1.372642
-0.004047
0.470738
1.769039
3.748360
6.005444
6.450422
5.456060
3.145207
1.251739
-0.879194
-2.403538
-1.954758
-0.388787
0.425260
1.682076
3.709513
5.263269
5.964670
5.293982
3.436011
1.356248
-0.405709
-1.201245
0.040854
1.033207
0.794890
1.591602
3.953509
6.006453
6.561934
5.842907
3.446508
0.442023
-1.484307
-2.574589
-1.774076
0.164577
0.804984
1.741172
3.844705
6.192907
6.717436
5.826599
3.584845
1.143054
-1.536929
-2.228950
-1.011007
-0.290239
0.359376
1.505456
3.911494
5.744699
6.929907
6.023325
3.581324
1.532942
-0.644443
-1.106279
-0.937571
0.723177
1.116112
2.111202
4.023529
5.834932
6.598635
6.297184
4.517640
1.749988
-0.936099
-1.305041
-0.287800
0.851524
1.718277
2.370042
4.089149
6.164770
7.106333
6.034714
3.623405
1.225592
-0.589439
-1.280246
-0.078230
1.081526
1.854624
3.176823
5.031704
6.608931
7.269360
6.301718
4.267153
1.351698
-0.994410
-1.257128
0.398918
1.240341
2.016459
2.414987
4.475380
6.530260
6.686392
6.316393
3.776834
1.612473
0.093028
-0.663642
-0.302577
0.439161
1.346880
2.699759
4.695979
6.284784
7.334837
5.674726
3.610826
1.576587
0.194499
-0.180216
0.877802
1.679417
2.031965
2.968526
4.443735
6.702528
7.149744
6.183125
4.104899
1.591423
-0.876090
-1.615204
-1.035007
0.300482
1.367232
2.569048
4.856592
6.828918
7.215879
6.612244
4.248199
1.748309
-0.012856
-0.503963
-0.140896
1.006491
1.569953
2.540474
4.334264
6.358767
6.850260
5.673637
3.217468
0.812232
-1.153255
-1.778190
-1.061808
0.518843
1.319136
2.112406
4.275685
6.013571
7.093874
6.386747
4.601790
1.916021
0.119042
-0.594837
0.235720
0.895197
1.392071
3.070657
5.600496
7.092398
7.922579
6.512003
4.467609
1.364536
-0.295679
-0.954322
-0.101948
1.056913
1.604615
2.783914
5.018028
6.540705
7.263752
6.326199
3.999179
1.541537
-0.701394
-0.810843
0.070574
1.036304
1.541277
2.740655
4.722634
6.702948
6.994902
6.089806
3.944206
1.680857
-0.692143
-1.557687
-0.370865
0.840052
1.165270
2.524124
4.463622
5.982924
6.943140
6.230354
4.167530
1.991000
-0.072160
-0.379805
0.374538
1.437113
1.922819
2.920681
4.701444
6.498692
7.203726
6.997002
4.672002
1.926375
-0.354840
-1.410205
-0.113476
0.847784
1.701288
2.981130
4.698482
6.474764
7.027590
6.447748
4.208813
1.479642
-0.032731
-0.537212
0.482517
1.384237
1.688667
2.680668
4.562057
6.711874
7.468218
7.162350
4.815816
2.326596
0.164743
-0.696883
0.631693
1.581621
1.978172
2.693652
4.539689
6.251158
7.316076
6.550671
4.003448
1.732573
-0.324017
-1.000121
-0.088736
1.065741
1.546453
2.193680
4.506694
6.820337
7.373377
6.323908
4.066149
1.385266
-0.031388
-1.092868
-0.694604
0.768967
1.250850
2.538090
4.702740
6.546776
6.876244
5.938114
3.651543
1.777012
-0.171634
-0.892736
-0.255447
1.195843
2.175442
2.565347
4.002770
6.081247
6.822535
5.900263
4.137086
2.029368
-0.068572
-0.626619
-0.408781
0.739584
1.802149
2.482473
4.423179
6.528179
7.471601
6.224150
4.055398
1.435889
-0.199812
-0.288730
0.553751
1.917217
2.629030
3.814490
5.214334
7.117699
8.104671
6.626801
4.267574
1.462921
-0.429044
-0.864878
0.057352
1.231102
1.581009
2.734226
4.776616
6.559761
7.323881
6.049726
4.139860
1.854713
0.160922
-0.018672
0.808805
1.441662
1.939054
2.622758
4.261216
5.868277
7.396997
6.868462
4.536575
2.236308
0.407828
0.530852
1.109440
1.764088
1.891312
3.414142
5.258345
7.659744
8.206654
7.002476
4.719061
2.156962
0.808144
-0.113764
0.176838
1.240183
1.978926
3.472319
5.327785
7.261328
8.094168
6.585035
4.384324
1.919951
-0.107559
-0.498717
0.147911
1.137989
1.901390
3.064492
5.073202
6.934298
7.719852
6.502813
4.236813
1.897470
-0.175184
-1.143818
-0.202198
1.411644
2.366280
2.939632
5.210955
6.791513
7.756376
6.473610
3.305421
1.069968
-0.836967
-1.289953
-0.680364
0.774429
1.908100
3.020062
4.982534
6.701902
7.137415
6.406923
5.054054
2.406360
0.829373
0.527453
0.998257
1.991678
2.074455
3.130240
5.301126
6.752298
6.965197
6.269949
4.358580
1.463805
-0.572248
-0.821033
0.012218
1.562347
1.914709
2.874594
4.327424
6.350428
6.986181
6.031816
3.902616
1.442907
-0.151496
-0.661787
0.027031
1.295963
1.507526
2.506895
4.269641
6.624739
7.504610
6.658157
3.973667
1.550948
-0.311211
-0.965947
-0.080906
0.565632
1.796442
2.520922
4.732656
6.830320
7.090820
6.583075
4.566894
2.051596
-0.043634
-0.122333
0.173792
0.191355
1.395881
2.797594
5.154478
7.561407
8.278559
7.457802
4.437766
1.716084
-0.234144
-1.159814
-0.812874
0.482115
1.527507
2.748713
5.037905
6.767105
7.895765
6.463907
4.192104
1.988915
-0.096294
-0.832662
-0.387154
1.305330
2.075319
2.991753
4.746078
6.309399
6.964546
6.064608
3.850865
0.932238
-0.255817
-0.821437
0.580997
1.959759
2.761248
3.316047
4.469399
6.092722
6.710751
5.860287
3.613246
1.212473
-0.509203
-1.530924
-0.920373
0.322002
1.245256
2.271696
3.627375
5.976553
7.122620
6.017677
4.065220
1.493953
-0.306851
-0.889680
0.392149
0.926041
1.867794
2.795945
4.789787
6.735121
7.482826
6.263746
4.317135
1.944378
0.343787
-0.858576
0.363665
1.460302
1.205450
2.529548
4.964264
6.572897
6.936758
6.078886
3.729818
1.612307
-0.014441
-0.613206
-0.511131
1.299820
2.119915
2.757940
4.204894
5.862082
6.452688
6.018339
4.606441
2.100731
0.063513
-0.843816
-0.226471
0.969379
1.907410
2.305681
4.144148
5.800285
6.834406
6.010679
4.190452
1.786929
-0.509292
-1.107197
-0.042999
1.032177
2.022320
2.576001
4.431315
6.697788
7.128513
7.148809
4.714028
1.819775
-0.021155
-0.691223
0.160490
1.333036
2.009218
3.001750
4.765605
6.282055
7.409925
6.428633
4.157355
1.665562
-0.167474
-0.850794
0.153414
1.910666
1.967140
2.532509
4.882938
7.072275
7.468370
6.318424
3.944652
1.569092
-0.079043
-0.871716
-0.207794
1.545881
2.361837
3.158103
4.988171
6.961832
7.609863
6.920229
4.820612
2.369150
0.412855
-0.300753
0.517525
1.228806
1.722410
3.096536
5.515085
7.531691
8.013544
6.926588
4.006998
1.474346
-0.859867
-1.698847
-0.531299
1.053820
1.705217
2.871241
4.872021
6.608191
7.088663
5.946148
3.551706
1.278537
-1.057975
-1.531575
-0.673208
1.030651
1.763161
2.858640
4.182126
5.938417
6.635473
5.230726
3.618268
1.611450
-0.556062
-0.537510
-0.283779
0.812408
2.024960
3.263804
4.517220
6.374685
6.930166
5.759087
3.601861
1.565969
-0.402034
-0.865292
-0.046272
1.019753
1.526049
2.553966
4.196472
6.139589
6.599985
6.298849
3.684693
1.091248
-0.833512
-1.525519
-0.606628
0.782671
1.400621
2.436644
4.311359
6.420675
7.734079
6.896662
4.972097
1.840721
-0.533754
-0.507653
-0.183275
0.839361
1.661961
2.517225
4.584644
6.352575
6.909006
6.129126
4.187887
1.758211
-0.395473
-1.171050
-0.440280
0.893032
1.472545
2.539761
4.242010
5.973141
6.808950
6.143797
3.882313
1.395106
-0.731086
-0.921512
-0.314319
0.975458
2.099901
2.082181
4.369765
6.163416
7.263437
6.287825
3.819155
1.330282
-0.396390
-0.578268
0.194899
1.201214
1.187302
2.679201
4.580878
6.831602
7.468655
6.275454
4.440385
1.979263
0.329164
-0.503631
-0.147154
1.153484
2.031216
2.705143
4.580453
6.489946
7.189220
5.702883
3.982111
1.706920
-0.759478
-1.736808
-0.869997
0.374144
1.538651
2.945300
5.219545
6.815531
7.145151
6.125463
4.006519
1.828041
-0.015866
-1.258088
-0.221581
0.971085
1.599996
2.421427
4.583561
6.490026
6.757904
5.896179
3.871776
1.277651
-0.750792
-1.584242
-1.208136
0.620697
1.235440
2.013278
4.093367
6.070320
6.560497
5.325979
3.539967
0.488787
-1.703959
-2.108110
-1.262577
0.718611
0.890532
2.281691
4.519173
6.929396
7.319897
6.096161
3.736013
1.920440
-0.255696
-0.980622
-0.486162
1.122915
1.800426
3.479065
5.221811
7.170752
7.245619
6.273836
4.162345
1.413114
0.380845
-0.905704
0.150063
0.789944
1.790442
2.615611
4.819065
6.388491
7.513229
6.739138
5.010355
1.865333
0.310164
-0.399307
0.455719
1.652119
2.120228
3.540169
5.248659
7.618776
7.995378
7.009771
4.856318
2.104561
-0.068575
-0.619491
0.426575
1.751795
2.375456
3.068357
4.996660
7.020828
7.830040
6.601803
4.299583
1.750377
-0.001302
-0.710799
0.021376
1.190418
1.560394
2.564547
4.922659
6.687475
7.300131
6.266476
4.183981
1.208508
-0.210692
-1.226157
-1.029519
0.048634
1.054002
2.145436
4.674603
6.350403
7.178070
6.172354
3.761733
1.441239
-0.472204
-0.916449
-0.542091
0.666759
0.792867
2.447252
4.383782
6.529100
7.339190
5.862623
3.774598
0.943573
-0.624997
-1.500265
-0.546820
0.759470
1.577118
2.325780
4.411963
6.644083
6.856192
5.501574
3.439850
1.327477
-0.714050
-0.838123
-0.609478
0.447721
1.218982
2.316691
4.515413
6.575151
6.659544
6.069220
4.007885
1.177890
-0.616070
-0.646716
0.154459
0.878130
1.820560
2.794924
4.501226
6.590109
7.331846
7.084627
4.201488
1.870128
-0.475244
-0.817861
-0.408726
1.018137
1.930670
3.023915
5.110149
6.789919
7.930796
6.803617
4.466502
1.971451
-0.119982
-0.899425
0.113010
1.325397
2.216740
2.961667
4.977911
7.476152
8.109125
6.820704
4.685725
1.489192
-0.627221
-1.320040
-0.571532
0.386314
1.676529
2.688811
4.045108
6.288771
7.456366
6.589993
3.918208
1.388489
-0.665301
-0.569921
-0.331659
1.051884
1.776525
2.591963
4.717463
6.571299
7.065475
6.125269
3.961770
1.166663
-0.813516
-1.841113
-0.822272
0.399321
0.861711
2.015622
4.277290
6.089294
6.979027
5.322420
3.944186
1.575833
-0.626288
-0.990760
-0.652316
0.305334
1.463139
2.603981
4.285795
6.276449
6.931849
6.012762
3.610264
1.059402
-1.111352
-2.081140
-1.381102
0.586792
1.541476
2.162292
4.115070
6.128412
6.766394
5.886063
3.582643
1.415635
-0.321227
-1.573814
-0.947067
0.500866
1.614628
2.707006
4.072804
6.673294
7.064798
6.086260
4.170575
1.646152
-0.254466
-0.773038
0.120342
0.868767
1.566360
2.513999
4.462326
6.742796
7.563471
6.779160
4.242720
1.787648
-0.197396
-0.466836
-0.193942
0.897270
1.665080
3.101614
5.286451
7.074739
7.179630
6.167986
3.925970
1.180824
-1.198673
-2.280389
-1.574105
0.089837
1.200381
2.262166
3.895689
5.984400
6.564970
6.176046
3.728449
1.043425
-0.341467
-1.188987
-1.009247
0.159971
1.229712
2.471456
4.616974
6.405682
6.888144
5.873734
3.591891
0.964664
-1.061738
-0.902527
-0.661289
0.395893
0.968809
1.952229
4.401773
6.105364
6.964323
6.450712
4.104791
1.580103
0.193544
-0.207431
0.265625
1.092745
1.620992
2.625426
5.256655
7.033449
6.907043
5.798285
3.776369
1.209226
-0.951939
-1.767597
-1.376441
0.103605
1.416673
2.041271
3.663521
5.820398
6.999315
5.694284
3.609447
1.219101
-0.701302
-1.426619
-1.075224
0.331964
1.360703
2.821901
4.448207
6.401117
7.189772
5.528553
3.373984
0.771255
-1.046635
-1.827213
-1.229195
0.174492
1.448901
2.503045
4.374440
6.806772
6.368891
5.615854
3.309446
0.655840
-0.899733
-1.302170
-0.821301
0.022943
0.901975
2.504307
4.684048
6.700193
7.313976
6.507275
4.459348
1.570651
-0.679891
-1.316067
-0.808304
0.575064
1.147103
2.049755
4.041759
6.053146
6.578669
5.759907
4.180605
1.394100
-0.899201
-1.009948
-0.170806
1.179502
1.555675
2.694855
4.624100
6.586395
7.204329
6.065413
4.034269
1.535983
-0.703400
-1.243500
-0.776409
0.313145
1.349234
2.763617
4.666470
6.293219
7.037836
5.846117
3.067451
1.000218
-0.998147
-1.657944
-0.293966
0.978987
1.364655
2.445705
4.569481
6.266287
6.345732
5.348005
3.249818
1.084983
-0.778010
-1.303323
-0.356821
0.721609
1.609737
2.620154
4.713292
6.253931
6.989058
5.766886
3.614316
0.787435
-1.112479
-1.350238
-0.891209
0.669670
0.916511
2.223263
4.162254
6.466757
7.302122
5.995213
3.797417
1.323368
-1.030862
-1.640528
-1.377512
-0.396112
0.424156
2.045591
4.148927
6.285063
7.251894
5.935778
3.809940
0.807317
-1.571177
-2.088758
-1.477343
-0.130942
0.413362
1.409644
3.639633
5.717939
6.635641
6.072430
4.359556
1.067148
-1.016262
-1.738033
-0.852041
0.515083
0.909539
2.330671
4.228006
6.390762
7.392271
6.167582
4.022311
1.284929
-0.658204
-1.512188
-0.523594
0.268932
1.336914
2.855623
4.244184
6.536583
6.961016
6.044519
3.619312
1.706392
-0.709073
-1.171676
-0.451263
0.856949
1.503518
1.940084
4.585674
6.478197
7.234510
5.877878
3.741771
1.133718
-0.381722
-0.725841
0.071417
0.592175
1.589901
2.493851
4.444927
6.482170
7.271713
5.694918
3.482367
1.026190
-0.837200
-1.523470
-0.786687
1.526466
1.067716
2.107537
4.083109
6.466621
7.238779
6.061644
3.935699
0.998132
-1.405990
-1.885303
-0.555364
0.295542
0.893904
1.890951
4.126907
6.294683
7.096220
6.679317
4.646544
1.632152
-0.362494
-1.069856
-0.649339
0.737808
1.400346
2.546812
4.836904
6.483335
7.237360
5.888094
3.856812
1.803346
-0.720683
-1.906331
-1.510731
0.536594
1.663399
2.486978
4.216811
6.345406
6.953123
6.303493
3.216166
0.758342
-0.973138
-1.127455
-0.258634
1.108364
2.259569
3.020758
4.707119
6.011038
6.828146
5.762039
3.933671
1.152934
-0.713484
-0.898061
-0.409114
0.718374
1.193403
2.252825
3.691678
5.415766
6.642927
5.785856
3.448226
0.860830
-1.144289
-1.900010
-1.230842
0.232683
0.472482
2.038333
3.696302
6.100117
6.611067
5.523136
3.088652
0.549569
-1.473608
-2.270270
-1.200356
0.523481
1.535735
2.398014
4.296156
5.740429
6.187567
5.380739
3.033326
1.242097
-1.205215
-1.684605
-0.838746
0.624588
1.488158
2.392975
4.387546
6.867718
7.488443
6.230978
4.136806
1.467346
-0.709733
-1.468212
-0.020882
1.646589
1.628682
2.128137
4.518144
7.030556
7.363247
5.808859
3.491809
0.798141
-1.215026
-1.539503
-0.444150
0.538237
0.668457
2.063472
4.016122
6.269720
7.088427
6.464911
3.829844
0.978321
-1.100531
-1.922769
-0.915279
0.106194
1.011218
2.501581
4.761581
7.028109
7.378443
6.074261
3.969356
1.635815
-0.735746
-1.875011
-1.471387
-0.138659
0.934462
1.710025
3.902510
6.060324
7.434307
6.168043
4.164256
1.736990
-0.278261
-1.068632
-0.465353
0.246750
1.090417
2.499912
4.638160
7.021368
7.346193
6.406700
4.490849
1.713733
-0.690272
-1.183549
-0.696718
0.431034
1.572637
2.996277
4.689651
6.570829
7.011477
6.529791
3.986388
1.519558
-0.831615
-1.089711
-0.730410
0.229193
1.120151
2.460111
4.325489
6.639969
7.191351
6.236120
3.773591
1.237862
-1.153444
-2.213005
-1.838572
-0.167072
1.216168
2.654733
3.999928
6.119276
7.234262
6.051931
3.618475
1.781546
-0.010657
-0.651322
-0.049911
0.938375
1.683918
2.723361
3.905897
6.083143
7.648998
6.580660
4.820004
2.317551
0.019904
-0.777818
-0.316292
0.483828
1.376817
2.458126
4.553103
6.757973
7.418360
6.258780
4.064536
1.140693
-0.927386
-0.823643
0.545938
1.465385
1.720661
2.554188
4.062060
6.485548
7.224737
5.943184
3.080128
0.389583
-2.124337
-2.007012
-1.557201
-0.147350
0.648030
1.942004
3.788564
5.464384
6.156317
5.827936
3.174987
0.378224
-1.339035
-1.412740
-0.740783
0.355423
1.356444
1.720231
3.720076
5.864244
6.546576
5.626965
3.076607
0.487731
-1.492523
-1.476626
-0.730469
0.535271
0.866854
1.687302
3.348377
5.647661
6.770346
5.343981
3.192637
0.841726
-1.201512
-1.702913
-0.929712
0.032525
0.441304
2.165940
4.111258
6.342533
7.427538
6.561180
3.872946
0.844685
-1.226260
-1.447043
-0.748359
0.730158
1.152816
2.916284
4.914467
6.437658
6.776838
5.808210
3.036653
0.324408
-0.923286
-1.723714
-0.990731
0.568605
1.532966
2.749506
4.005065
5.716875
6.532408
5.611902
3.049778
1.264135
-1.500134
-2.067917
-1.389235
-0.660138
0.135336
1.483163
3.319243
5.461432
6.452808
5.914507
3.654357
1.480498
-0.733084
-1.373249
-0.893452
0.452723
0.717079
2.039415
4.084372
6.378147
7.125669
5.966478
2.862091
0.459268
-1.159571
-1.565706
-0.482509
0.502390
1.346813
2.538020
4.476546
5.740606
6.608503
5.371073
3.384607
0.810431
-1.104228
-1.671075
-0.471901
0.714207
1.683027
2.260024
3.735505
5.787165
6.503431
5.611282
3.265610
0.813963
-1.424292
-1.629412
-1.101211
0.195122
1.193373
2.513814
3.962255
5.696226
6.540251
5.491478
3.288412
0.105000
-1.105557
-1.298847
-0.560552
0.731613
1.326273
2.029942
4.202882
6.416685
6.975546
5.583090
3.140466
0.929718
-1.183919
-1.661674
-0.892731
0.540813
1.556807
2.794623
4.016587
6.305834
7.077005
6.094187
3.988600
1.273555
-0.994369
-1.535537
-0.814025
0.134285
1.133517
2.199263
3.987841
5.710524
6.542196
5.773514
3.850837
0.924771
-0.968825
-0.902788
-0.173800
0.703415
1.545373
2.340730
4.380986
6.985966
7.541805
6.227652
3.847642
0.832731
-1.184514
-1.949939
-1.140172
0.381012
1.143731
2.594718
4.568171
6.246851
7.462793
6.508451
4.154558
1.515162
-0.573693
-1.776871
-1.226301
0.100471
1.143722
2.612330
4.941286
6.336721
7.372862
6.085520
4.114799
1.500186
-0.364568
-1.411978
-0.745905
0.484083
1.241315
2.363244
4.225613
6.173815
6.833588
6.179474
3.710491
1.021505
-0.989487
-1.994184
-1.222759
0.598171
1.418884
2.555681
4.275590
6.441011
7.261784
6.282873
3.706401
1.391027
-0.662791
-1.709394
-1.132981
0.425209
1.446436
2.520494
4.243351
6.065359
7.568159
6.538273
3.920698
1.414920
-0.309823
-1.588851
-0.815903
0.370603
0.803992
2.362684
4.886376
6.924131
7.068884
6.698326
4.423103
1.718117
0.107570
-0.827747
0.197337
1.116903
1.738436
2.637818
4.318000
6.247244
6.495142
5.790390
3.414474
1.184760
-1.358231
-2.197386
-0.723397
0.550478
1.336782
2.422354
4.380238
6.219492
6.614019
5.541441
3.520335
1.004403
-0.755115
-1.053506
-0.064994
1.582386
1.968319
2.871145
4.907633
6.694548
7.263861
6.425503
3.999032
1.725253
-0.229590
-0.749660
-0.291224
0.855188
1.412766
2.382655
4.817773
6.639862
6.861504
6.256388
3.805686
1.021791
-1.297374
-1.822094
-0.644865
0.828312
1.396503
2.325076
3.878894
6.259451
7.169191
6.320936
3.972893
1.272176
-0.540063
-1.043381
-0.019819
0.574680
1.501717
2.659514
4.574722
6.557913
7.654791
5.859077
3.858839
0.996434
-1.135015
-1.844044
-1.600460
0.171562
1.381332
2.807919
5.088371
6.654305
6.877024
5.836519
3.841956
0.991438
-0.993539
-1.166374
-0.022840
0.922913
1.531116
3.023271
4.762125
6.590807
6.599607
5.197382
3.064904
0.529582
-1.422873
-1.538346
-0.804335
0.577583
1.267432
2.555672
4.186084
6.133329
6.596277
5.447241
3.467935
0.859596
-0.881318
-1.574555
-1.171921
0.259604
1.697283
2.399312
4.209273
6.715685
6.785252
5.631870
3.148436
0.451917
-1.047634
-1.927679
-0.532864
1.103357
1.173346
2.130921
4.285824
5.892134
6.578135
5.524744
3.080678
0.316822
-1.157035
-2.152048
-1.787318
-0.600492
0.550610
1.639745
3.757440
5.576040
6.626106
5.997128
3.910743
0.975675
-1.504291
-1.728616
-0.718492
-0.085303
0.942954
2.229876
3.806634
6.183577
6.665213
5.192190
2.697756
0.335113
-1.698201
-2.282843
-1.503981
-0.427771
0.133239
1.695654
3.581546
5.070196
6.115686
5.085634
2.852034
0.218636
-1.617052
-2.231968
-1.233875
0.205620
1.585749
2.113296
3.959059
5.961647
6.808699
5.159250
3.409717
0.274554
-1.370742
-1.350211
-0.222267
1.047243
1.569264
1.996189
3.454721
5.607933
6.738935
5.731726
4.166085
1.302260
-1.374265
-2.107176
-1.554315
-0.226858
1.235168
2.097341
3.849062
6.042353
6.689137
5.634066
3.482601
0.993947
-1.221741
-1.952354
-1.201316
0.318775
1.374787
2.596219
4.671672
6.863855
7.660585
5.842077
4.008243
1.808833
-0.781861
-1.242194
-0.443622
0.979692
1.621454
2.172838
4.381214
6.288670
7.678205
6.561239
4.437291
1.739813
-0.324715
-1.119733
-0.766922
0.531403
1.529397
3.100020
4.839936
7.093473
8.151537
7.140064
4.217952
0.819797
-0.789326
-1.186766
-0.041950
1.095636
1.678927
1.986651
4.118692
6.092257
7.042437
6.138891
3.496473
0.942995
-0.941761
-1.491074
-0.809795
0.530169
1.245426
2.418813
4.398919
6.192823
6.893618
6.209520
4.061060
1.130271
-0.859900
-1.616672
-1.634938
0.198721
1.163109
1.980578
4.242797
6.574259
7.295435
6.541742
3.925567
1.290819
-1.317465
-2.067689
-0.841871
0.242735
0.982337
2.001196
4.207047
6.138910
6.856310
5.701418
3.646691
0.856690
-1.203262
-1.285747
-0.339102
0.491791
0.661017
2.120409
4.711558
6.499666
7.184820
5.853100
3.497827
0.468346
-1.368660
-1.767846
-1.471868
-0.119508
0.332258
1.705058
4.016166
6.015718
6.872244
5.927505
3.136188
0.732390
-1.247465
-1.845263
-1.279996
-0.058554
1.364871
2.492386
3.891103
6.023802
6.965601
5.466951
3.142558
0.452827
-1.168829
-2.119137
-1.248881
0.074480
0.686288
2.125784
4.161573
6.290710
6.933577
5.756086
3.569592
0.701219
-1.077360
-2.145742
-1.569642
-0.091150
0.832574
2.268250
4.433021
6.782095
7.305113
5.611513
3.170131
0.200340
-1.735100
-2.595232
-1.666176
-0.378746
0.838244
1.928329
3.366729
5.237700
5.856482
4.841599
2.365294
-0.071816
-1.788020
-2.512530
-1.718682
-0.669797
0.506221
1.911649
3.535079
5.792910
5.921000
5.688381
3.485700
0.819519
-1.576042
-2.559379
-1.760818
0.154082
0.909065
2.636397
4.345613
5.749203
6.178389
5.175367
2.898269
0.191756
-1.368046
-2.251392
-1.209857
0.284750
0.736302
1.755972
3.828165
5.943357
6.276518
5.257460
3.477676
1.519967
-0.811466
-1.614689
-1.412269
0.446970
1.207545
2.129506
4.383517
6.271576
7.253798
6.383398
4.328117
1.091157
-0.683974
-0.826021
0.438265
1.011244
1.552787
2.816083
5.204237
6.869295
7.952204
6.921724
4.681525
1.866674
-0.350633
-1.173116
-0.179936
0.758362
1.710711
2.951698
5.230219
7.634844
7.899948
6.952358
4.259127
1.088358
-0.708750
-0.951221
-0.279410
0.760832
1.490230
2.515843
4.362948
6.145082
6.960806
6.063427
3.376938
0.735773
-1.188416
-1.206783
-0.668799
0.089825
0.908009
2.074093
4.248336
6.149982
6.230320
5.177679
2.974852
0.700141
-0.879191
-1.718993
-0.715542
0.147659
1.169649
2.564425
4.489304
6.102440
6.823622
5.505045
3.198977
0.954004
-1.408648
-1.976358
-0.684381
0.407898
1.176601
1.708288
3.650513
5.736582
6.913340
5.570295
3.280040
0.580846
-1.279116
-1.767209
-1.181420
0.037603
1.025408
1.732347
3.886826
5.538431
6.439264
5.838446
3.597600
0.840337
-1.014380
-0.708993
0.630171
0.778776
1.310424
2.715076
4.474452
6.938204
