7.278674
5.587693
3.068047
-0.191383
-2.246176
-2.851910
-2.290503
-1.147689
0.262253
1.209459
3.504376
5.656966
6.034310
4.886716
2.348792
0.063557
-1.969880
-2.994066
-1.925199
-0.284088
0.262039
1.581681
3.219591
5.030122
6.031377
5.805215
3.452444
0.935049
-1.341469
-2.260782
-1.786404
-0.479983
0.696561
2.346781
4.394548
6.263341
7.286500
5.565625
2.926835
0.015173
-2.064041
-3.045973
-1.684260
0.170665
1.070549
2.196054
4.071080
5.891229
6.179547
5.205491
2.781104
0.465329
-1.465286
-1.901085
-1.167211
-0.265889
0.810107
1.739168
3.835789
5.880986
6.275174
5.348001
3.055116
0.094337
-1.553699
-2.138203
-0.858143
0.490994
0.817525
1.093202
4.145512
6.279872
6.741574
5.177052
3.015833
0.206333
-2.121329
-3.015512
-2.353078
-0.873576
0.466776
1.869179
4.177315
6.237256
6.487216
5.523664
3.150174
0.296329
-1.784141
-2.416605
-1.052604
0.761487
1.576485
2.935061
4.749453
5.885036
6.577619
5.469363
3.148499
0.541352
-1.591059
-2.942871
-1.977450
-0.177661
0.420444
1.359276
3.346046
5.459279
6.314839
5.336881
3.189570
0.235166
-2.280695
-3.150399
-2.552597
-0.738494
0.663296
1.287898
3.187113
6.086450
6.827100
5.429170
2.777959
-0.133690
-2.180452
-2.091153
-1.222403
-0.022661
0.603587
1.194833
3.459139
5.814210
6.570071
5.312163
2.765089
0.347358
-1.961957
-2.861019
-2.130318
0.115365
0.765965
2.207965
4.087518
5.929418
6.376412
4.703107
3.095410
0.727053
-1.789603
-2.613096
-1.912694
-0.193304
0.589907
1.739537
3.592150
5.688281
6.586089
5.550328
4.041681
1.065097
-1.403735
-1.680236
-1.377633
-0.742885
0.199985
1.458549
3.942815
5.541551
6.320573
5.152480
2.952342
0.157148
-2.284910
-2.705505
-2.271920
-0.779336
0.365790
1.779473
4.039847
5.407365
6.048224
4.956124
2.672835
-0.103585
-1.969057
-2.174461
-1.341157
-0.365789
0.332250
1.768185
3.359738
5.207414
5.984313
4.738563
2.636374
0.348134
-2.217981
-3.560565
-2.174414
-0.626005
0.396353
1.194556
3.582892
5.475417
5.986875
4.730838
2.314373
-0.288820
-2.095240
-2.595295
-1.356134
-0.374383
0.595819
1.965223
4.111741
5.630349
6.439254
5.248389
2.991552
0.709402
-1.510094
-2.168201
-1.127089
-0.670905
0.353805
1.130713
3.292953
5.720229
6.752324
5.436612
3.377823
0.227229
-1.640708
-2.102144
-1.385385
-0.482301
0.519054
2.077648
3.891203
5.468457
5.537488
4.902715
2.865928
0.498878
-1.238016
-2.305653
-1.646358
0.167487
0.549710
1.233109
3.340289
5.714074
6.083671
5.349414
2.743228
-0.237626
-1.970623
-2.168205
-1.154468
-0.267464
1.186608
2.200839
3.421824
5.593501
6.139684
4.962888
2.758286
-0.242744
-2.639053
-3.527433
-2.673823
-1.191309
-0.172842
1.245305
3.054975
4.827634
5.442075
4.687871
2.561855
0.045745
-2.275878
-3.236656
-2.024661
-0.247894
0.220345
0.540594
2.470471
4.729834
6.119103
4.585927
2.043821
-0.599590
-2.341262
-3.545146
-2.021830
-1.054229
-0.130117
1.043822
2.660756
4.670707
5.220243
3.953623
2.030765
-0.074967
-2.342567
-3.009721
-2.188436
-0.816926
0.050388
1.249465
3.197464
5.118588
5.891885
4.862414
2.774493
0.514122
-2.029230
-3.209116
-2.429033
-1.108647
0.523695
2.011726
3.444999
5.112027
5.733087
4.402118
2.444809
-0.399096
-2.805800
-3.757465
-2.748434
-1.276767
-0.387280
0.926895
2.569023
5.189878
5.264073
4.504100
2.316465
-0.268947
-2.169096
-2.704554
-1.890663
-0.091479
0.158711
0.884886
3.027303
4.949367
6.036704
4.703370
2.655828
0.032384
-2.409901
-2.202748
-1.833393
-0.856512
0.541358
1.011557
2.541154
4.528138
5.749269
4.634852
2.477855
-0.059319
-2.332307
-2.993622
-1.673056
-0.466542
0.174356
1.102137
3.012515
5.166825
5.926427
5.310842
2.510612
-0.013592
-2.120231
-2.869838
-1.903972
-0.671311
0.257312
1.248309
3.516731
4.948335
5.405301
4.557035
2.116680
-0.749788
-2.663819
-2.816848
-2.057261
-0.504231
0.152034
0.889581
2.996090
5.346177
6.043340
4.719076
2.360259
-0.171532
-2.022969
-2.750196
-2.238575
-0.732426
-0.054421
0.957162
2.827653
4.964812
5.984799
4.833297
2.250441
0.261599
-1.983951
-2.666177
-1.889352
-0.426770
0.345611
1.139537
2.849088
5.108472
5.303445
4.677969
2.336143
-0.298399
-2.735720
-3.763905
-2.548498
-0.764452
0.293701
1.022042
2.959606
5.109368
5.602218
4.370576
2.110444
-0.847729
-3.151094
-3.574115
-3.141028
-1.269491
-0.227825
0.689096
2.670949
4.133317
4.874269
3.962762
1.702242
-0.651719
-2.484881
-3.355657
-2.699400
-0.956750
0.101619
0.832316
2.556326
3.997668
4.834006
4.505005
2.012570
-0.687183
-2.306019
-3.464249
-2.536507
-1.233091
0.403738
1.084191
3.131346
4.611571
5.372046
4.019527
1.943505
-1.099243
-2.946443
-3.079347
-1.806698
-0.679109
0.077323
1.403836
3.253212
4.907678
5.661662
4.017809
1.781391
-0.508642
-2.376599
-3.447577
-2.206613
-0.471187
-0.047033
0.492257
2.065878
3.456809
4.502750
3.317283
1.344889
-1.499380
-3.254878
-4.152352
-2.968496
-1.466510
-0.711715
0.226588
2.021576
4.001226
4.930196
4.189736
2.015469
-0.244840
-2.671692
-3.955292
-2.729858
-1.289743
-0.432461
0.676377
2.807761
5.251225
5.229352
4.004272
1.983413
-0.486510
-2.148320
-3.276153
-3.033952
-1.348444
-0.472606
1.058172
2.081868
3.691368
4.299364
3.242197
0.880486
-1.343096
-3.395257
-3.141817
-2.990248
-1.730742
-0.608134
0.811914
1.721177
3.174999
4.171111
3.725661
1.682711
-0.447271
-2.387939
-3.050771
-2.315902
-0.613893
0.121179
1.133920
2.718016
4.496312
4.602085
3.979173
1.240425
-1.420495
-3.379527
-3.546475
-2.702353
-1.068560
-0.095605
1.084586
2.193131
4.435958
4.677135
3.718662
1.342563
-2.161822
-4.043289
-4.150489
-3.270800
-2.197477
-1.153248
0.065552
1.679398
3.499413
4.147514
3.026935
1.065273
-1.802901
-3.714384
-4.767796
-3.586472
-1.945435
-0.928478
0.506132
1.475359
3.184092
4.202788
3.514262
1.337345
-1.331168
-2.989285
-3.873248
-3.155576
-1.517570
-0.654428
0.911103
2.408378
4.005745
4.559156
3.788191
1.388305
-1.218836
-3.160368
-3.861731
-2.505750
-0.773469
0.561411
0.966220
2.615071
4.073517
4.525780
3.951715
1.161519
-1.363994
-3.496943
-4.095913
-3.156285
-1.546738
-0.308442
0.591857
1.812756
3.669105
4.693523
3.859500
1.598887
-1.017272
-3.197059
-4.093390
-3.308597
-1.561386
-0.092435
0.790094
1.734000
3.628428
4.767960
3.788432
1.622994
-1.342642
-3.215700
-3.786688
-3.044142
-0.969378
0.125228
0.472425
2.212795
3.860651
5.185266
4.439369
2.179662
-1.075092
-3.405433
-3.514521
-1.976522
-0.837642
-0.382835
0.753965
1.987125
4.360990
5.318719
3.815111
1.586593
-1.419522
-3.086882
-3.889148
-3.270507
-1.217036
-0.013469
0.431060
1.638268
3.257547
3.841352
3.113547
0.478339
-2.056084
-4.111886
-4.884086
-3.911045
-2.248459
-1.031771
-0.165739
1.393243
2.581455
3.802905
3.074059
1.075992
-1.038733
-3.024063
-3.290018
-2.177034
-1.335801
-0.311334
0.084990
2.075645
3.714869
4.431594
3.593114
1.530558
-1.122836
-3.456499
-3.997137
-2.914454
-0.985238
-0.016981
0.528621
2.203984
3.914319
4.600996
3.342587
0.818046
-1.997585
-4.252328
-4.961616
-3.998939
-2.478529
-0.990537
0.034835
1.810473
3.062364
3.789720
3.211642
0.873413
-2.185507
-3.731233
-3.408568
-2.283386
-0.695647
-0.351486
-0.485334
1.109217
2.844913
3.411967
2.724841
1.251040
-1.612126
-4.245366
-4.057145
-3.468951
-2.299196
-1.202949
-0.296474
0.956326
2.611429
3.689024
3.100173
0.853311
-1.096597
-3.289672
-3.773679
-2.929781
-1.466680
0.056886
0.603261
1.876408
3.827710
4.362416
3.130865
1.027153
-1.062179
-2.548345
-2.914139
-1.846518
-0.626515
-0.408973
0.248276
2.051222
3.737343
4.155327
3.126918
1.089718
-1.899826
-3.725793
-4.112630
-3.661543
-2.143846
-0.889754
0.228049
1.662977
3.381378
4.411556
3.923980
1.423801
-1.244381
-2.870410
-3.286300
-2.692322
-1.619311
-0.817371
0.731975
1.950570
3.909747
4.387239
3.408376
1.476884
-1.389739
-3.767085
-4.516459
-3.969683
-2.315760
-0.553489
0.331915
1.624847
3.480583
3.967387
3.001980
0.933292
-1.751337
-3.511659
-3.917336
-2.803686
-1.930934
-0.976377
-0.128585
2.110508
4.218060
4.204540
3.250813
1.036785
-1.174249
-3.225497
-3.789661
-3.363247
-2.001382
-0.971869
0.194565
1.632544
3.173732
3.992209
3.206404
0.806810
-2.037569
-3.420349
-3.620661
-2.603506
-0.748044
-0.192468
0.376704
1.670965
3.016455
3.743536
3.700188
1.823934
-0.863144
-2.801642
-3.789873
-2.817337
-1.306996
-0.257147
0.563715
1.814388
3.494062
4.227222
3.571307
1.384829
-1.302202
-3.609970
-3.782604
-2.929609
-0.894448
0.124766
0.646357
1.769734
3.392747
3.773678
3.166033
1.056850
-1.941163
-3.947943
-4.192335
-3.678966
-2.348082
-1.114168
-0.362879
1.288266
2.672205
3.520838
2.646285
0.716829
-2.036112
-4.440736
-4.254748
-2.973595
-1.941855
-1.199251
-0.569053
1.054251
2.864198
3.294333
2.116470
0.547956
-1.791937
-3.857667
-4.766281
-4.228396
-2.699595
-1.026662
0.102479
1.194843
2.490225
3.128459
2.714729
0.926209
-1.986837
-4.090088
-4.005216
-3.248507
-1.755216
-0.805788
-0.514848
0.785405
2.833806
3.772403
2.742531
0.540277
-2.182672
-4.395709
-4.859179
-3.883334
-2.320766
-1.101134
-0.220576
0.810207
2.299850
3.124344
2.473542
0.478677
-2.657882
-4.963410
-5.509281
-4.696223
-3.054345
-1.884188
-1.061139
0.520344
2.069082
2.869762
2.484849
0.002141
-2.612790
-4.714035
-4.815871
-3.150329
-1.829116
-0.779634
-0.145654
1.116415
2.306033
3.136653
1.976901
0.028240
-2.270727
-4.265854
-4.273349
-3.609772
-2.471212
-1.360452
-0.469590
1.166831
3.133751
3.330972
2.436295
0.566527
-2.574070
-4.281619
-4.059297
-3.255242
-1.534677
-0.783553
-0.227752
0.800212
2.113944
2.938270
2.138297
0.454467
-2.178008
-4.156726
-4.814664
-3.818648
-1.682380
-0.722766
0.222335
1.566356
2.761249
3.651438
2.635707
0.390254
-1.853272
-3.428412
-3.552814
-2.101222
-1.091569
-0.254064
-0.235803
1.275086
2.666140
3.014784
2.519197
0.189862
-2.593105
-4.871372
-5.082574
-4.161263
-1.845561
-1.215134
-0.654335
0.792503
2.288425
2.889792
1.976981
-0.141830
-2.733069
-4.806437
-5.340062
-4.052882
-2.678915
-1.571095
-0.945374
0.256387
1.876099
2.935722
2.452424
0.145621
-2.292969
-4.167902
-5.502224
-4.495870
-2.738402
-1.068200
0.067527
1.204458
3.131640
3.443690
2.717728
0.542167
-1.970057
-3.649596
-4.524261
-3.362227
-1.450316
-0.105788
0.071983
0.853000
2.377786
3.001880
2.002666
0.050191
-2.630498
-4.789491
-5.286257
-3.617496
-1.404010
-0.648627
-0.318711
0.228129
1.921108
2.587901
1.622986
0.347477
-1.563357
-3.304366
-3.426091
-3.171059
-1.397092
-0.332496
0.221607
1.135769
2.622497
3.311781
2.491197
0.428934
-2.526345
-4.541525
-4.858702
-3.966940
-2.205684
-0.820012
-0.439232
0.362267
1.883555
2.489105
1.478084
-0.280078
-2.884315
-4.819060
-5.037964
-4.378961
-2.695191
-1.102708
-0.869299
0.794886
1.900885
2.434550
1.502044
-0.252158
-1.924013
-3.800135
-4.439543
-3.717142
-2.096320
-1.116774
-0.322800
1.035018
2.479220
2.846673
2.183803
-0.142055
-2.870862
-5.102950
-5.835118
-4.005565
-1.691415
-0.823986
-0.219261
1.424647
3.014886
3.296079
1.819625
-0.289490
-2.919244
-4.417405
-5.134342
-4.302110
-2.387254
-1.168008
-0.597601
0.201108
1.604816
2.096857
1.467461
-0.464599
-2.754984
-5.009945
-5.641638
-4.537455
-3.452733
-1.899252
-0.981105
-0.016836
1.259480
1.807361
0.950174
-0.479416
-2.871548
-4.642186
-4.846556
-3.459180
-2.026864
-1.194802
-0.648067
0.607761
1.977807
2.744860
2.088632
-0.036011
-2.501017
-3.979908
-4.070966
-3.110736
-1.757720
-0.765439
-0.411227
0.980620
2.117112
2.603859
2.162428
0.067767
-2.572214
-4.580192
-5.086176
-3.734857
-2.397153
-1.570796
-0.683237
0.589920
2.112070
2.972805
1.912678
-0.230460
-2.614444
-4.233726
-4.030209
-3.347650
-2.248418
-0.734969
-0.107425
0.834569
1.819288
2.191784
1.642305
-0.072386
-2.336410
-4.295660
-5.114988
-3.769349
-2.781463
-1.804338
-0.865175
0.866813
2.131977
2.906988
2.065108
0.144472
-2.198306
-4.935266
-5.714654
-3.987675
-2.245072
-1.385869
-1.156982
0.412056
1.942884
2.653775
1.509505
-0.719464
-2.969413
-5.097235
-5.716641
-4.670392
-2.792094
-1.716472
-0.846502
0.659284
1.263672
1.794911
0.973716
-1.066522
-3.066475
-4.651066
-5.056705
-4.739796
-3.623768
-1.966205
-0.599543
0.137182
1.074673
1.717598
1.232396
-0.854996
-3.140314
-4.866301
-5.650179
-4.618055
-2.233205
-0.970294
-0.711051
0.743402
1.762671
1.983511
0.920681
-0.642091
-3.312661
-5.858755
-5.737748
-4.404605
-2.860396
-1.401422
-0.731725
1.143664
2.290819
2.588967
1.193882
-0.559608
-2.755816
-4.232313
-4.453684
-4.058914
-2.027936
-1.240376
-0.741302
0.786382
1.747579
2.199895
1.202491
-0.413014
-3.006034
-4.732502
-5.461833
-4.825202
-2.598958
-1.418958
-0.725219
0.775545
2.245991
2.578391
1.549261
-0.315989
-2.562902
-4.276244
-4.857631
-3.510948
-1.973514
-1.295823
-0.905418
0.836798
2.223101
2.579080
1.460858
-0.505103
-3.071929
-4.370224
-4.168515
-3.749331
-2.494941
-1.254348
-0.426787
0.868418
1.959826
2.460089
1.659384
-0.297548
-2.676842
-4.334281
-4.305220
-3.575729
-2.369929
-1.299321
0.163018
0.858511
1.607762
2.152553
1.605557
-0.603990
-3.176487
-4.315021
-5.081223
-4.082820
-2.070319
-0.824954
-0.097576
0.629827
2.140628
2.082150
0.897461
-1.077202
-3.153761
-5.064227
-5.171098
-3.936602
-2.344008
-1.423585
-0.924783
0.143189
1.300457
1.664760
1.170768
-0.595800
-2.644391
-4.737701
-5.427230
-4.609284
-2.105216
-1.607932
-1.096146
0.452676
1.501331
1.803043
0.915934
-1.377858
-3.349412
-4.767288
-5.533991
-4.985761
-2.477702
-1.087701
-0.571827
0.425367
1.715142
2.002985
1.003011
-0.994120
-3.340484
-4.962118
-5.300237
-4.091820
-2.313876
-1.632930
-0.557561
0.518857
1.801230
2.257635
1.208211
-0.703026
-2.990802
-4.911173
-5.044647
-3.031232
-1.943141
-1.041724
0.095993
1.362728
2.276049
2.330595
1.465196
-0.637589
-3.219373
-4.637286
-4.916031
-3.853028
-2.122649
-1.933064
-1.157942
0.122706
1.254759
1.388668
0.234205
-1.583577
-3.678472
-5.677029
-6.262444
-5.045948
-2.851485
-1.884076
-0.797612
0.235635
0.638974
0.514248
-0.107686
-1.800176
-3.886166
-5.867527
-6.265275
-5.522264
-3.022643
-1.974465
-1.005016
-0.252007
0.662449
1.246254
0.579885
-1.277778
-3.954802
-5.455298
-5.732148
-4.123199
-2.436347
-1.402955
-1.421138
0.097453
1.517519
1.266027
0.389672
-1.924230
-4.118594
-5.477266
-6.702186
-5.261413
-3.086751
-1.673871
-1.056145
0.264087
1.079735
1.159818
-0.110041
-2.007691
-4.292808
-5.851660
-5.869738
-4.790585
-3.409205
-2.606430
-1.824347
-0.534423
0.133486
0.406972
-0.263800
-1.592194
-3.557665
-4.938985
-5.728301
-4.481893
-2.379596
-1.339696
-1.320272
0.134941
1.493552
1.785051
0.635714
-1.240751
-3.680179
-5.183686
-5.715364
-4.090884
-2.073407
-1.535323
-0.302748
0.493779
1.700393
2.082604
0.568120
-1.462988
-4.111771
-5.884823
-6.306367
-4.835516
-2.918479
-1.163737
-0.397459
0.201134
1.475043
1.389192
0.624959
-1.570624
-3.750795
-4.970532
-5.342819
-3.754636
-2.309802
-1.194840
-0.580149
0.097676
1.282930
1.376461
0.561297
-1.104685
-2.999213
-4.594498
-5.125379
-4.040444
-2.508948
-1.033105
-0.908102
0.482677
2.142300
1.986512
0.715289
-1.340986
-3.832161
-5.321319
-6.007376
-5.073577
-3.484824
-2.003707
-1.338316
0.167824
1.429208
1.734771
0.280267
-1.878065
-4.368902
-5.839977
-6.383984
-5.257700
-3.502713
-2.172639
-1.807058
-0.343355
0.816433
1.407727
-0.130334
-2.309625
-4.314043
-5.869156
-5.496473
-3.763698
-1.760345
-1.229493
-1.607965
-0.341667
0.962145
0.440624
-0.521035
-2.487532
-4.522726
-6.022245
-7.131329
-6.148428
-3.648721
-2.630248
-1.871912
-0.442080
0.610555
1.006023
-0.265959
-2.576648
-5.002667
-6.718857
-6.215139
-5.185514
-3.433608
-2.103419
-1.377767
-0.543447
0.491984
0.607340
-0.631103
-3.009761
-5.008913
-6.245986
-6.613527
-5.647178
-3.608186
-2.187774
-0.883889
-0.524462
0.320570
0.646136
-0.125931
-2.147001
-4.180402
-5.569602
-5.875587
-4.388911
-2.479360
-1.522412
-1.311150
0.030602
1.916802
2.783976
1.344996
-1.325769
-3.818657
-4.697916
-4.852060
-4.081403
-2.520780
-1.609475
-1.430126
-0.045037
1.173199
1.180639
0.168392
-2.099442
-4.725327
-6.097271
-6.052901
-4.854512
-1.834870
-1.248710
-0.529709
0.193790
1.551003
1.721807
1.223186
-1.125374
-3.299127
-4.958982
-5.297786
-3.683047
-2.172971
-1.220519
-0.877871
0.358556
1.027034
1.190102
-0.042402
-1.674201
-4.108530
-5.851616
-6.616446
-5.055398
-3.398473
-1.634183
-1.174201
-0.331601
0.741959
1.159389
0.277742
-2.162806
-3.983807
-5.955659
-6.248977
-5.196418
-3.154296
-1.734010
-0.884844
-0.076889
0.379515
0.618183
-0.644641
-2.504415
-4.752538
-6.157922
-6.616066
-5.744725
-4.046037
-2.319379
-1.449451
-0.340688
0.346465
-0.014050
-0.596585
-2.301067
-4.088519
-5.714517
-6.368329
-5.357063
-2.785987
-1.412635
-1.081477
0.064416
1.018023
1.156017
0.055815
-1.989573
-4.383547
-5.672944
-5.749503
-4.719672
-2.538583
-1.589009
-1.772206
-0.901620
0.522168
0.804811
-0.261245
-2.422003
-4.788625
-6.079548
-5.973799
-5.232366
-3.283360
-2.548745
-0.976194
-0.154074
0.407399
0.438975
-0.610382
-2.177699
-4.314466
-5.985600
-6.677855
-4.742812
-3.358809
-1.911798
-0.972219
0.052230
0.633706
0.402064
-0.660255
-2.768927
-4.778446
-5.883542
-6.245271
-5.340626
-3.353122
-2.017955
-1.251223
-0.653017
0.150473
0.463521
-0.292772
-2.734723
-4.664774
-5.864346
-6.069860
-4.764226
-3.183867
-2.339814
-1.545645
0.076317
0.736863
1.035309
-0.264843
-2.412673
-4.724094
-6.827877
-6.946970
-4.788579
-2.924129
-1.685348
-1.367678
-0.408685
0.653717
0.467542
-0.561397
-2.269789
-4.928345
-6.450551
-6.118355
-4.880630
-3.217959
-2.403491
-1.640229
-0.557637
0.564366
0.561692
-0.616590
-2.881850
-5.471815
-6.807953
-6.355350
-5.178386
-3.499366
-2.608302
-2.127124
-1.487667
-0.850939
-1.069963
-1.584698
-3.498820
-5.527865
-6.629328
-7.029090
-6.252275
-4.257833
-2.922103
-2.033595
-1.117841
0.022616
-0.272629
-1.289980
-2.998981
-5.319606
-7.345133
-7.473237
-6.021550
-4.290767
-2.364535
-1.726081
-0.615405
0.393823
0.596631
-0.556252
-2.853549
-5.450705
-7.011917
-7.187593
-5.728450
-3.107135
-2.142486
-1.490297
-0.803494
-0.012917
0.268179
-0.566488
-2.957850
-5.044788
-6.956561
-7.057468
-5.876970
-4.382215
-2.950191
-2.220392
-1.018812
-0.030681
0.731210
-0.491938
-2.392335
-4.585634
-6.519944
-7.161571
-5.578473
-3.181502
-1.651776
-1.140557
-0.574553
0.124578
0.302449
-0.851202
-2.772169
-5.027530
-6.667737
-7.277096
-6.392106
-4.298762
-2.746795
-1.925427
-0.670893
0.405121
0.354698
-0.716781
-3.086376
-5.392042
-6.674075
-6.605194
-5.421972
-3.200849
-2.687831
-1.908326
-0.803992
0.110959
0.288925
-0.815001
-2.669548
-4.527317
-6.243243
-6.508587
-4.573503
-2.955325
-2.215550
-1.542675
-0.680533
0.272867
0.304873
-0.842869
-3.020259
-5.661857
-7.109711
-6.962236
-5.212708
-3.310906
-2.664403
-2.527079
-1.301149
-0.375656
-0.245008
-1.584165
-3.772730
-5.782148
-7.038122
-7.157848
-5.751486
-4.227864
-2.701375
-2.127448
-1.243005
0.170155
0.283672
-0.557029
-3.114925
-5.218837
-6.155725
-6.594011
-5.562449
-3.549092
-2.785735
-2.038462
-1.307346
-0.191962
0.212938
-0.822852
-2.698333
-5.492767
-7.387353
-7.289744
-5.630547
-3.802768
-2.577317
-2.024315
-0.616510
-0.023978
0.466530
-0.880915
-3.126903
-4.987721
-6.670749
-6.951056
-5.490069
-3.697995
-2.131877
-1.817714
-1.134842
-0.596328
-0.914375
-1.857554
-3.373237
-5.483001
-6.360747
-5.706742
-4.466298
-3.417438
-2.084834
-2.262506
-1.159531
-0.491658
-0.250138
-1.580596
-3.620808
-5.352250
-6.825928
-7.128263
-5.475982
-4.258988
-2.805610
-2.009506
-1.051129
-0.195637
-0.418023
-1.736224
-3.630512
-5.533649
-7.317938
-7.890829
-6.065547
-3.712533
-2.619112
-2.473735
-1.060408
-0.639649
-0.039622
-0.939224
-2.804170
-5.297824
-6.503062
-6.390256
-5.656828
-3.884454
-2.964155
-2.386273
-0.735607
0.321037
0.218187
-1.080199
-3.224874
-5.325338
-6.728795
-7.167282
-5.747273
-3.536595
-2.410343
-1.452726
-0.565379
0.022971
0.140086
-1.260282
-3.245791
-5.164621
-6.934714
-7.878173
-6.311522
-4.033704
-3.059323
-2.380240
-1.055583
0.220780
0.697544
-0.897088
-3.213454
-5.260444
-6.632456
-6.398631
-5.118217
-3.411658
-2.801215
-1.787117
-0.947736
-0.356284
-0.328915
-1.471818
-3.671574
-5.694922
-7.454789
-7.160346
-5.721887
-4.513388
-2.831818
-2.275596
-1.605324
-0.461697
-0.188501
-1.482839
-3.461257
-5.666675
-7.160218
-7.985058
-6.956329
-4.889763
-3.209861
-2.259539
-1.378447
-0.128269
-0.428435
-1.246192
-3.357400
-5.877367
-7.435319
-7.498453
-6.512461
-4.473083
-3.218641
-2.885891
-1.657674
-0.148457
-0.452361
-1.460223
-3.436500
-5.713445
-6.934949
-7.312943
-6.185266
-4.258848
-2.916195
-2.808233
-1.422069
-0.616300
-0.339110
-1.577441
-3.701841
-5.797031
-7.123104
-7.340119
-6.435439
-4.199042
-2.658817
-2.298363
-1.512015
-0.911981
-0.608811
-1.694117
-3.769197
-5.932175
-7.571418
-7.837656
-6.611320
-5.017829
-3.513025
-2.951413
-1.942639
-0.904321
-0.795831
-1.336616
-3.208453
-5.837488
-7.593195
-7.767319
-6.792303
-4.322376
-3.596894
-2.468081
-1.170982
-0.576159
-1.040106
-1.717780
-3.881386
-6.012295
-7.928038
-7.815598
-6.847538
-5.027058
-3.534422
-2.814260
-1.369606
-0.110179
0.313513
-1.177957
-3.194381
-5.396454
-6.969611
-7.050825
-6.518930
-4.818440
-3.466180
-2.427769
-1.569119
-0.719231
-0.398492
-1.394176
-3.398280
-5.848594
-7.626398
-7.601466
-6.426471
-4.498305
-2.746948
-1.885645
-1.027958
0.368755
0.036277
-1.584182
-3.347027
-5.254718
-6.693043
-7.597214
-6.169434
-4.771543
-3.633440
-2.534045
-1.476010
-0.633538
-0.486268
-1.209672
-3.147323
-5.514490
-7.569692
-7.789362
-7.184524
-5.073807
-3.365525
-2.247607
-1.021911
-0.151918
-0.418795
-1.277249
-3.314296
-5.728869
-7.415279
-8.188254
-7.043426
-4.916805
-3.524425
-2.078094
-1.014874
-0.213491
0.047378
-1.509713
-3.259420
-5.473659
-6.962594
-7.737211
-6.502273
-4.544401
-3.025856
-2.458433
-1.538568
0.036510
0.464782
-0.501853
-2.424326
-5.007256
-6.403856
-6.391716
-5.514933
-3.690956
-2.116805
-1.988707
-1.042202
0.128698
0.198678
-1.279620
-3.002548
-5.510932
-6.947206
-6.911260
-5.676300
-4.681801
-2.535284
-1.478487
-0.028967
1.074949
0.816312
-0.640175
-3.088578
-5.119606
-7.338008
-7.294504
-5.951951
-4.577264
-2.954939
-2.498214
-1.245325
-0.053620
0.194427
-1.082385
-3.286281
-5.564788
-7.301027
-7.011065
-6.360888
-4.837539
-3.368807
-2.338120
-1.276824
-0.605139
-0.433794
-1.125360
-3.418449
-6.052471
-7.572356
-7.681096
-6.652187
-4.698958
-3.508192
-2.634456
-1.443553
-0.332399
-0.202531
-1.682738
-3.682978
-5.669410
-7.390532
-6.977989
-6.056015
-4.703971
-3.510813
-2.415432
-1.580249
-0.745009
-0.631640
-1.989713
-3.578174
-5.607632
-7.401483
-7.454389
-6.230623
-4.337390
-3.223835
-2.427796
-1.412333
-0.728900
-0.400376
-1.388675
-3.556405
-5.727274
-7.146645
-7.666224
-7.305323
-5.828208
-4.267518
-2.716148
-1.735042
-0.448112
-0.036370
-1.551115
-3.409091
-6.124089
-8.257069
-8.208667
-6.836772
-4.663652
-2.808602
-2.114483
-0.820993
0.170662
0.037626
-1.028605
-3.302426
-5.538474
-7.261101
-8.106981
-6.949499
-5.194606
-3.711655
-2.538253
-1.403206
-0.396349
0.068526
-1.014205
-2.824845
-5.364845
-7.437265
-8.026487
-6.914582
-5.162939
-3.443337
-2.639915
-1.114015
-0.238011
0.293109
-0.266976
-2.723119
-5.523880
-7.523099
-7.890499
-6.333812
-5.047648
-3.675405
-2.151623
-1.192504
-0.259554
0.224908
-0.608748
-2.819232
-5.596375
-7.165196
-7.277568
-6.350007
-4.200105
-3.194546
-1.807476
-0.790211
0.116904
0.669679
-0.213035
-2.061987
-4.320923
-6.224763
-6.330978
-6.066706
-4.442045
-2.812382
-1.897830
-1.111739
0.178762
0.667472
-0.783702
-2.986807
-5.512714
-6.738238
-7.738823
-6.583382
-4.638885
-3.318588
-2.820235
-1.647082
-0.444647
0.222868
-1.568475
-3.338470
-5.345256
-7.382792
-7.740241
-7.094338
-5.979561
-4.627995
-3.275063
-1.570254
-0.667825
-0.336675
-1.438169
-3.201569
-5.687319
-7.588964
-8.025285
-6.309227
-4.651036
-3.861465
-2.838554
-1.599766
-0.646170
0.128657
-1.000920
-3.248935
-5.724857
-7.851148
-8.304230
-7.398340
-5.613610
-4.103927
-3.348037
-2.152432
-0.730904
-0.023791
-0.853187
-3.100541
-5.702868
-7.686954
-8.012932
-7.278949
-5.097742
-3.649596
-3.250306
-2.297329
-1.240961
-0.473634
-0.779567
-2.751029
-5.290768
-7.109209
-7.410999
-5.995063
-4.683960
-3.922695
-2.667903
-1.449634
-0.089211
0.280179
-0.576844
-2.363379
-4.723934
-5.967768
-6.443449
-6.009859
-3.681718
-2.863582
-2.168666
-1.152115
0.087585
0.335850
-0.935322
-3.365704
-6.489777
-8.349123
-8.450102
-7.197479
-5.583797
-4.243627
-3.452082
-1.620327
-0.184110
-0.380852
-1.337293
-3.529284
-6.386383
-8.663348
-9.278814
-8.168859
-5.953029
-4.178964
-3.331274
-2.375663
-0.968219
-0.396980
-2.297992
-4.296489
-6.513680
-8.038221
-7.972677
-7.289525
-5.655362
-4.722777
-3.665108
-1.926861
-0.407015
0.105374
-0.524253
-2.857240
-5.658381
-7.888398
-8.495907
-7.208943
-5.142073
-4.246078
-2.829337
-1.648110
-0.301258
-0.008918
-1.426135
-3.659776
-6.773466
-8.967396
-9.385687
-7.906115
-6.054771
-4.479759
-3.995809
-2.807482
-1.710139
-1.302892
-2.404754
-4.183248
-6.598178
-8.586248
-8.719663
-7.745342
-6.239077
-4.751050
-3.656371
-2.355348
-1.233271
-0.654204
-1.492217
-3.411238
-5.923236
-8.416986
-8.391020
-7.227750
-5.464441
-4.029146
-3.004731
-1.911848
-0.437516
-0.524255
-1.329628
-4.171645
-5.950245
-7.429595
-7.885156
-7.080316
-5.867384
-4.493811
-2.989141
-1.888065
-0.409963
0.079181
-1.108241
-3.277097
-5.633988
-7.155494
-7.973563
-6.699675
-5.034085
-3.352897
-2.735124
-1.557264
0.013276
0.581433
-0.598219
-3.471356
-5.952249
-8.260666
-9.357843
-8.118770
-5.836194
-4.867702
-3.701421
-2.163203
-0.331560
-0.263307
-1.678603
-3.362138
-6.008119
-7.644726
-8.350585
-7.289508
-5.441861
-4.475363
-3.637177
-2.043567
-0.090558
-0.041650
-1.104709
-3.282555
-5.504343
-7.911491
-8.473772
-7.502134
-5.453639
-3.648490
-3.198030
-1.280200
-0.208398
0.272698
-0.603351
-2.632203
-5.611615
-7.976013
-7.984534
-6.630100
-5.049273
-4.264987
-3.239430
-1.974172
-0.730762
-0.138425
-1.077449
-2.992221
-5.422758
-7.805120
-7.654345
-5.531919
-3.716460
-3.252795
-2.570940
-1.298865
0.259620
0.369660
-0.301668
-2.337640
-4.889559
-6.921469
-7.450416
-6.575087
-4.394836
-3.340919
-2.961963
-1.399209
0.100238
0.321542
-0.375882
-2.614677
-5.603992
-7.704430
-7.959586
-6.775968
-5.171758
-4.096345
-3.047009
-1.330231
0.547832
0.985673
-0.041210
-2.305408
-5.110031
-6.537821
-7.601315
-6.728210
-5.395815
-4.051149
-3.096515
-1.768579
0.043872
0.231696
-1.227438
-3.205900
-5.695121
-7.897713
-8.031113
-6.454757
-5.308904
-3.931943
-3.496222
-1.643076
-0.417520
-0.034986
-0.940790
-3.078549
-5.700753
-7.658646
-7.992273
-6.521347
-4.925181
-3.750599
-2.901285
-1.358018
0.201060
0.642206
-0.425055
-2.825202
-5.374024
-7.089058
-7.348095
-7.160084
-5.113129
-3.136146
-2.800303
-0.977681
0.364917
0.783212
-0.801566
-2.821286
-5.647170
-7.242272
-7.778764
-7.332145
-5.250372
-4.216413
-2.476736
-1.406632
-0.249801
0.187171
-0.416879
-2.543853
-5.095319
-7.064698
-7.573454
-6.120346
-4.119296
-3.206190
-2.715509
-1.094210
0.362460
1.044101
-0.343963
-3.008563
-5.520675
-7.627961
-7.335712
-6.674562
-4.512243
-3.532839
-3.255268
-1.487310
0.615393
0.865165
-0.562778
-2.804001
-5.505199
-7.324607
-8.073227
-7.229982
-5.640657
-4.184014
-3.244311
-1.836459
-0.158000
0.140502
-1.238439
-2.936018
-5.383999
-7.584446
-8.247980
-6.815302
-5.090389
-3.811133
-2.996872
-1.901278
-0.482321
-0.224813
-1.094712
-2.984701
-5.669443
-7.629575
-8.282177
-7.105377
-5.563740
-3.888597
-2.781228
-0.927697
0.029816
0.325555
-0.742204
-2.774320
-5.359600
-7.580297
-7.935302
-7.471223
-5.346045
-4.185957
-2.850039
-1.623912
-0.122619
1.073518
0.331346
-2.057787
-4.891093
-7.414292
-8.451935
-7.383987
-5.665068
-3.954766
-2.372426
-0.647117
0.178948
0.458756
-0.284980
-2.986744
-5.448788
-7.183501
-7.518087
-6.595306
-5.445886
-4.186223
-3.481325
-2.145885
-0.330852
0.105144
-0.694825
-2.405868
-4.684775
-6.983396
-7.870209
-6.870219
-5.471210
-3.968800
-3.098765
-1.591996
0.311955
0.356271
-1.019330
-3.091684
-5.688909
-7.624320
-7.906531
-6.814557
-4.946987
-3.602247
-2.783530
-1.674094
0.118371
0.649653
0.009081
-2.480418
-5.341735
-7.560877
-8.606630
-7.495796
-5.445541
-3.987876
-3.285845
-1.110477
0.219941
0.733247
-1.097760
-2.644629
-5.765949
-8.044800
-8.336926
-7.118650
-5.760010
-3.906332
-3.147386
-1.183619
0.161611
0.627704
-0.797634
-2.743468
-5.410877
-7.093279
-7.515021
-6.191911
-4.910409
-4.063566
-3.139919
-1.549659
0.352623
0.408690
-0.188197
-2.204129
-5.271712
-7.432509
-7.908551
-7.017842
-5.522616
-4.203451
-2.900417
-0.718129
0.427350
0.792611
-0.008223
-2.594359
-5.550278
-7.796069
-7.829922
-7.245852
-4.901295
-3.759748
-2.747916
-1.245069
-0.070105
0.385027
-0.569610
-2.795412
-5.084479
-7.180420
-8.560467
-7.435820
-5.790929
-4.309684
-2.818499
-1.539979
0.538287
1.336677
0.799850
-1.730318
-4.431753
-6.406491
-7.352553
-5.611040
-3.922761
-2.806847
-2.420225
-0.674777
0.922292
1.522656
0.198266
-2.745088
-5.371762
-7.403115
-8.027227
-7.482798
-5.839566
-4.667975
-3.181644
-1.604100
0.022954
0.989787
-0.349502
-2.765660
-5.050666
-7.408473
-8.275223
-6.793187
-5.359434
-4.573291
-3.849455
-2.461854
-0.187724
0.954664
-0.156752
-1.956304
-4.632864
-6.078326
-7.295155
-6.871813
-5.151258
-3.718704
-2.515593
-0.569036
0.833901
1.269444
-0.186965
-2.061701
-4.809129
-6.985487
-7.132302
-5.938076
-3.945993
-3.008504
-1.827188
-0.499949
1.135882
1.357858
0.675308
-1.479448
-4.538005
-6.669714
-7.598495
-6.138007
-4.811850
-3.863345
-2.493712
-0.571247
1.410469
2.124824
0.990433
-1.732186
-4.276127
-6.552507
-7.053045
-6.203701
-4.561439
-3.612827
-2.570125
-1.027493
0.663768
1.030356
0.267318
-1.473744
-4.029339
-6.226384
-7.508495
-6.300043
-4.484549
-3.595016
-2.114305
-1.181923
0.951365
2.179967
0.897984
-1.293988
-3.724949
-5.705177
-6.254708
-5.768799
-4.552276
-3.141413
-2.162701
-0.549146
0.915214
1.476552
0.458899
-1.488481
-4.367116
-6.672531
-6.787426
-6.083854
-4.769471
-3.002399
-2.852583
-1.158039
1.132507
1.577495
0.140939
-2.144349
-4.718695
-6.940020
-7.576547
-6.252643
-4.585611
-3.669203
-2.587954
-0.920846
0.690484
1.648278
0.461117
-1.523356
-4.130683
-6.521246
-6.867038
-5.949702
-4.237294
-3.055662
-2.086324
-0.553379
1.057775
1.655631
1.141517
-1.206660
-4.104052
-6.170095
-7.092237
-6.617846
-4.958049
-3.534277
-2.385601
-0.657697
1.078870
1.533586
0.901776
-1.315918
-4.146849
-6.345475
-7.015494
-6.344445
-4.714858
-3.503222
-2.143710
-0.156771
1.338543
1.602842
0.368674
-1.517475
-4.047794
-6.111024
-6.749342
-6.030550
-4.532578
-3.455531
-2.229621
-1.007598
0.857171
1.655681
0.407670
-1.147466
-3.375718
-5.826186
-6.808762
-5.736356
-4.509219
-3.186095
-1.445015
-0.159873
1.940877
2.192097
1.163064
-0.741581
-3.936581
-6.561975
-6.393487
-5.498516
-4.672795
-3.006507
-1.852628
-0.287872
1.464507
2.060965
1.395242
-0.809939
-3.771756
-5.886139
-6.701911
-5.275826
-4.071081
-3.019199
-1.876486
-0.256633
1.516925
2.513011
0.843450
-1.374698
-3.639048
-5.672202
-6.145658
-5.035034
-3.628339
-3.123158
-1.966192
-0.109442
1.834453
2.408006
1.686765
-0.320399
-3.245605
-4.881021
-4.989209
-4.028694
-3.460260
-2.281909
-1.774198
0.118259
1.860120
2.887233
1.305548
-0.301699
-3.626350
-5.808309
-6.188757
-5.505717
-3.455149
-2.928424
-2.107111
-0.271220
1.302333
2.357645
1.361789
-0.892665
-3.503166
-6.000514
-7.261730
-5.965231
-4.477408
-3.151537
-2.775431
-1.282965
0.945484
1.679107
0.517196
-1.533678
-4.082802
-6.276999
-7.124038
-6.400401
-4.473162
-4.156188
-2.909895
-1.173608
0.527494
1.110458
-0.101844
-1.680429
-4.759837
-7.268446
-8.024399
-6.913039
-5.642289
-4.574039
-3.100207
-1.572793
0.305282
1.213361
-0.040044
-1.755961
-4.238931
-6.518044
-6.918949
-5.598392
-4.075005
-3.422658
-2.563704
-0.934299
0.997409
1.070825
0.390456
-1.872104
-4.328413
-6.581224
-6.827170
-5.615642
-4.595368
-3.924243
-2.635559
-1.012971
0.527063
1.418825
0.377547
-1.982479
-5.064792
-7.145280
-7.491550
-7.020818
-5.115463
-3.882222
-2.726428
-0.818675
1.036271
1.490077
0.245751
-1.621947
-4.422830
-6.301094
-6.679157
-5.760053
-4.391124
-3.387442
-2.489582
-0.551804
1.119365
1.815124
0.359923
-2.274915
-4.991199
-7.183533
-7.430285
-6.935270
-5.116805
-3.819800
-2.453540
-1.044141
0.972661
1.242175
0.499441
-2.592465
-5.373600
-7.349649
-8.043135
-7.837486
-5.827052
-4.408923
-2.950931
-1.175044
1.081806
1.592172
0.639974
-1.810815
-4.958660
-7.332786
-7.884327
-6.597499
-5.234011
-3.456551
-2.829515
-0.565480
1.499331
2.475171
1.456056
-0.897222
-3.818773
-5.879752
-6.726883
-5.988421
-4.150407
-3.330901
-2.557678
-0.356462
1.650718
2.459804
1.581723
-0.789615
-3.472817
-5.890783
-7.109810
-6.462671
-4.662404
-3.801626
-2.215665
-0.384191
1.910076
3.295429
1.954682
0.144755
-2.787755
-5.134992
-6.218197
-5.093448
-3.802972
-3.020984
-1.761846
0.097500
2.472136
3.534726
2.319634
-0.039296
-2.834826
-5.571430
-6.238381
-5.372153
-3.438384
-2.302917
-1.088908
0.740335
2.528878
3.310567
1.974236
-0.005853
-2.746853
-5.258480
-6.664411
-5.999541
-4.649858
-3.293968
-1.487518
0.152341
2.258155
3.059620
2.166892
0.004079
-2.398833
-4.691788
-5.735943
-4.434583
-3.015436
-1.553098
-0.161756
1.779717
2.709465
3.521878
3.131747
0.383445
-2.136413
-4.103870
-4.668125
-4.053115
-3.026211
-1.993200
-0.874066
1.774846
3.263856
3.525456
2.662362
0.348697
-2.539116
-4.996707
-5.430331
-4.474032
-3.300970
-2.227677
-0.815631
1.496043
3.638814
4.560851
3.137219
1.336135
-1.573088
-4.141713
-4.947808
-4.397024
-2.589133
-1.666709
-0.360640
1.393345
3.426381
3.859975
2.802327
1.090343
-1.761910
-4.080731
-5.076611
-4.893384
-3.414272
-1.977060
-0.696971
1.319430
3.763673
4.467202
3.485696
1.275149
-1.235400
-3.443647
-4.521889
-4.133168
-2.647326
-1.712886
-0.195389
1.843212
3.651311
4.215179
3.560042
1.054219
-1.462518
-3.625072
-4.563475
-3.216212
-1.943107
-1.373997
0.491558
1.940989
3.269435
3.908385
2.849223
0.854862
-1.829657
-4.246396
-4.985326
-3.787663
-1.936076
-1.138824
-0.876026
0.723083
2.816680
3.593781
3.281948
1.386129
-1.803126
-4.462691
-5.322476
-4.668520
-2.887471
-1.475061
-0.201958
2.254634
4.106750
4.455023
3.866218
1.599738
-1.301706
-3.843421
-4.533011
-3.110531
-1.647753
-0.849540
-0.248250
1.226789
3.903168
4.642934
3.822991
1.697262
-0.993363
-3.271062
-4.051428
-2.705713
-1.493644
-1.076893
-0.088215
1.794403
3.561402
4.479298
3.266706
1.762857
-1.160829
-3.178420
-3.502491
-2.801567
-1.986156
-1.016688
-0.023634
1.680728
3.881220
4.648810
3.437461
1.429392
-1.235682
-3.890622
-4.834398
-4.294765
-2.977389
-1.501163
-0.170289
2.406140
4.284101
4.746489
3.576373
1.184218
-1.294945
-4.002050
-5.069256
-3.825022
-1.993366
-1.311498
-0.093102
1.895095
4.006372
4.780740
3.762681
1.564990
-1.049703
-3.659555
-4.011413
-2.979410
-1.719177
-1.004800
-0.183461
1.957526
4.420063
5.339383
3.978004
1.586674
-1.425133
-3.522750
-4.215948
-3.610729
-2.084223
-0.904890
0.349402
2.556783
4.311859
5.444510
4.323366
2.012183
-0.865747
-3.194902
-3.544518
-2.211500
-1.075966
0.211587
0.758029
2.539330
5.056180
6.060159
4.676114
2.247717
0.030893
-2.681042
-3.834255
-2.452947
-1.176535
-0.277520
0.735591
2.925185
4.992970
5.637446
4.212705
2.048409
-0.712943
-3.253664
-3.796657
-2.529799
-1.212018
-0.146654
0.642358
2.199411
4.271885
5.445045
4.548984
2.338732
-0.267644
-2.251058
-3.431463
-2.230750
-0.558619
0.139627
1.266361
2.768374
4.555233
5.392209
4.452611
2.086787
-0.587409
-2.646036
-3.070601
-2.632540
-1.151259
-0.003119
1.660287
3.780949
5.934682
6.695079
5.502000
3.030207
0.234734
-1.991629
-2.749678
-1.939892
-0.341254
0.817148
2.442213
4.069835
6.194585
7.135421
5.748506
3.452231
1.018902
-1.156841
-1.901597
-1.168641
-0.202603
0.922257
1.316127
3.643132
5.875411
6.075158
5.783938
3.653834
0.335339
-1.990619
-2.272219
-1.666000
-0.423513
0.361584
1.795216
3.322763
5.829797
6.417274
5.652289
3.497157
0.700544
-1.519670
-2.134428
-0.960313
0.683047
0.935102
1.783845
3.703852
6.112424
6.738236
5.792493
3.308311
0.075332
-1.948386
-2.933345
-2.070642
-0.706615
1.328859
2.784605
4.019327
5.688094
6.380952
5.365453
2.912260
0.752436
-1.270175
-1.520119
-1.825032
-0.618405
0.704159
1.817010
3.264583
4.739434
6.010760
4.931954
2.738343
0.508258
-1.548336
-2.619548
-1.786243
-0.706017
0.055346
1.220377
3.121089
5.438497
5.901626
5.406945
2.931961
0.245794
-1.417727
-2.635433
-1.457876
-0.038642
1.371829
2.177291
3.786177
5.467778
6.609511
6.345292
3.864723
1.204448
-1.307542
-2.477327
-2.055230
-0.784172
0.975014
2.221895
4.127134
5.879205
6.819232
5.366666
2.952377
0.949824
-1.026718
-1.614294
-0.623361
0.706677
1.515750
2.298404
4.179185
6.824342
7.091290
6.456239
4.542329
1.619834
-0.773835
-1.316489
-0.478801
1.121940
1.426026
2.177966
4.139014
5.792941
6.438481
5.278878
3.611554
0.721271
-1.557667
-2.548307
-1.308055
0.243203
1.154082
2.293058
3.944880
5.713271
6.482671
5.612786
3.370819
0.956325
-0.235929
-0.673954
0.176896
0.515708
1.559402
2.112044
3.797392
5.469256
6.876246
5.703950
4.051021
1.449538
-0.874290
-1.584509
-0.695202
0.944810
1.648948
2.079731
4.140343
6.233575
6.893609
5.440991
3.403038
0.814903
-1.212481
-1.724079
-1.050333
0.588904
1.035193
2.108505
3.780239
5.540959
6.649951
5.269151
2.912029
0.744015
-1.037789
-1.766478
-1.389299
0.072402
0.686912
1.961141
3.726491
5.757474
6.421218
5.236352
3.280087
0.741459
-0.777066
-1.540345
-0.618997
0.521544
1.220275
2.134521
4.129609
5.884442
6.915151
5.483815
3.027285
1.360455
-0.927833
-1.507631
-0.383599
-0.011113
0.511371
2.302478
3.899476
5.802754
6.802524
5.796292
3.412895
0.967924
-1.114079
-1.729048
-1.431122
0.173570
1.208875
2.364900
4.278819
6.566079
7.087647
5.983403
3.648301
1.028515
-1.211364
-2.210825
-1.339622
0.399661
0.936264
2.226101
4.153145
6.519870
7.013259
5.676698
3.703741
0.964447
-1.148170
-1.473443
-0.806776
0.728520
1.216092
2.425874
4.527848
5.861928
5.996137
5.144017
3.269898
1.000782
-0.796899
-1.599361
-0.359241
0.292052
1.048571
2.152099
4.132598
5.510850
6.267694
5.971032
3.297856
1.203588
-0.749746
-1.308873
-1.049636
0.420070
1.005507
2.250420
4.527543
6.367530
6.725102
5.933938
3.827114
1.003541
-0.651214
-1.097362
0.162862
1.260776
1.519563
2.794744
4.747741
6.999158
7.213937
6.133595
3.704036
0.955559
-0.486224
-0.637573
-0.179061
0.911639
2.023730
2.620118
4.650857
6.161294
6.746877
5.888574
3.620104
0.950715
-0.573333
-1.263142
-0.629369
0.609677
1.100144
2.178029
3.977012
6.104522
6.965457
5.474660
3.762591
1.092450
-0.477383
-0.774337
-0.084920
0.787015
1.556626
2.945319
4.429694
6.360536
7.007104
6.244725
4.267403
1.276588
-0.622955
-1.674623
0.015386
0.992864
1.082855
2.519526
4.610444
6.866403
7.578073
6.261640
3.771194
0.779990
-0.516113
-0.807913
0.096293
1.690850
2.287854
2.708258
4.183531
5.884908
6.593915
5.556996
3.788218
1.681457
-0.184401
-0.994110
0.025214
0.977902
1.549325
2.680238
4.515901
6.314393
6.931600
6.455888
4.025277
1.575933
0.478019
-0.048430
0.886374
1.238832
2.086846
2.418343
4.195949
5.870187
7.318923
6.347482
3.803024
1.770826
0.428546
-0.383360
-0.377109
1.269794
2.055570
2.796379
4.177817
6.434373
7.604711
6.891862
4.695047
1.919077
-0.456136
-0.906038
-0.096255
1.322215
1.534968
2.496486
4.596079
7.059976
7.280686
6.559234
4.682669
2.181681
-0.153773
-0.529143
-0.028098
0.777135
1.603566
2.961579
4.544915
6.325784
7.232827
6.298921
4.020473
1.769157
0.414933
-0.496202
0.227578
1.657619
1.834992
2.504670
4.438198
6.315896
7.262528
6.760655
4.562757
1.916407
-0.397741
-0.865916
-0.254207
0.962071
1.868608
3.038461
4.501802
6.771377
7.752133
6.032651
4.000017
1.808426
0.005565
-0.247337
0.445794
1.284717
1.659904
3.110436
5.195327
6.968324
8.009192
6.592572
4.055994
1.701686
-0.367056
-1.319661
-0.399343
0.839156
1.336861
2.598727
4.246855
6.330056
6.844007
5.743783
4.064824
1.369913
-0.354984
-0.665762
-0.087411
0.753955
1.107800
2.427060
4.540240
6.435550
7.393786
6.822335
3.989657
1.914151
0.121877
-1.053379
-0.008971
0.814122
1.153125
2.511414
4.513609
6.271901
6.549603
5.879758
4.216250
1.765303
-0.364258
-1.255869
-0.372365
1.370740
1.527452
2.655653
4.160944
6.218932
7.305154
6.572808
4.867646
2.255118
-0.061903
-1.054030
-0.766552
0.797347
1.709907
3.162587
5.223092
7.458676
7.943494
6.822286
4.890924
2.264013
-0.465199
-0.837043
0.077022
1.273650
1.447608
2.791764
4.872334
7.062884
7.681458
7.019469
4.372629
1.874168
0.047095
-0.449984
0.842561
1.394969
2.102000
2.995346
4.678903
6.910169
7.962575
6.635140
4.052698
1.729954
-0.271712
-0.933003
0.038541
1.105643
1.419930
2.304573
4.680611
6.388188
7.366147
7.084840
4.608373
2.167057
0.025493
-0.367209
0.532147
1.401578
1.807878
2.679073
5.024892
7.279889
7.551984
5.689408
3.823587
1.496283
-0.549380
-1.061666
-0.349782
0.707799
1.688699
2.562954
5.005879
6.886106
7.024013
6.566556
4.379580
1.891809
-0.147953
-1.211922
-0.127101
1.170798
1.417443
2.558159
4.252098
5.959859
7.014087
5.819898
3.689199
1.448660
-1.177826
-1.524289
-0.618855
0.251777
0.984793
2.440015
4.753895
6.374120
6.509368
5.831784
4.099491
1.747025
-0.015676
-1.121851
-0.283071
0.896558
1.990190
2.619511
4.482816
6.252694
7.073182
6.234567
3.737048
1.608977
-0.258592
-0.702473
0.244271
1.008620
1.452467
2.414783
4.133242
6.179801
7.060697
6.262044
4.270560
1.730855
-0.821914
-1.772812
-1.108642
0.867888
1.716914
2.969505
4.594180
6.627355
7.548688
6.841054
4.290393
1.755296
-0.591587
-1.855635
-1.523703
-0.016494
1.031692
1.977229
4.124236
5.720506
6.870355
5.765420
3.530723
1.471320
-0.064512
-0.903357
0.108832
1.482633
1.851718
2.451014
3.932575
5.973134
6.159524
5.597936
3.095551
1.331269
-0.507878
-0.526496
0.281472
1.771026
2.220256
3.242136
4.513019
6.149840
6.977193
6.138673
4.417033
2.410399
-0.029395
-0.199729
0.511832
1.033603
1.621497
3.031183
5.174039
6.826673
7.621377
6.548299
4.163548
1.874803
0.160395
0.008151
-0.016679
1.324998
1.869409
2.627020
4.685126
7.120013
7.128390
6.342473
4.277041
2.174734
-0.154690
-0.944316
-0.273004
0.776542
1.579864
2.475820
5.128215
6.747256
7.381345
6.570714
4.461042
1.912832
-0.227997
-1.153897
0.045300
1.125104
1.680631
2.850496
5.012048
7.110547
7.786090
6.827085
4.775952
2.025966
0.572893
-0.314073
0.599084
1.450454
2.176047
3.739345
5.881814
7.295184
7.864453
7.214675
5.099536
2.444992
0.734683
-0.007833
0.650586
1.969842
2.570523
3.461695
5.157510
7.433019
8.302676
7.324973
4.694136
1.933744
-0.130376
-0.865266
0.321994
1.955998
1.956742
2.823272
4.620687
7.173039
8.100112
6.806012
4.406037
2.178029
0.011028
-0.658765
0.095674
0.950856
1.785090
2.552160
4.581118
6.625287
6.805219
6.101842
4.530128
1.445322
-0.389767
-1.264559
-0.435020
0.932342
1.274503
2.058439
4.240470
6.559468
6.780606
5.503001
3.950954
1.266117
-0.740821
-1.684655
-0.741776
0.706927
1.748748
2.692533
4.443118
6.541425
6.690301
5.933671
4.090682
1.309107
-0.789293
-1.682424
-1.228330
0.102876
0.945805
2.143560
4.301602
6.715051
6.965028
6.578099
4.126667
1.653992
-0.399186
-1.137189
0.012462
1.256188
2.070680
3.137141
5.441735
7.629937
7.586789
6.408685
3.550390
0.752700
-0.961338
-1.015992
-0.299937
1.466281
1.372082
1.774402
3.798799
5.673703
7.011106
5.478429
3.401807
1.195261
-0.806347
-1.757755
-1.491903
0.124610
1.125188
2.204143
4.147948
6.632680
7.359612
6.207448
3.625610
0.819301
-0.609642
-1.258159
-0.157365
0.679414
1.464789
2.258290
4.170018
5.848485
6.687726
5.605283
3.117429
0.365538
-1.578018
-1.347590
-0.400543
0.692416
1.482566
1.851115
3.712003
5.450387
5.816224
5.429685
3.321259
0.970427
-0.702965
-0.858908
-0.232608
0.532123
1.154967
2.496498
4.099402
5.077474
5.819875
5.224364
3.250048
0.350232
-1.939282
-2.581200
-1.713559
-0.436407
0.418360
1.545525
3.786676
6.412930
6.985288
5.691358
3.759384
1.095299
-0.619269
-1.064347
-0.575194
0.913388
1.247112
2.366995
4.815913
6.784574
7.288079
6.414205
4.473567
1.175229
-0.912414
-1.023586
-0.207290
0.737727
1.442942
2.469289
4.764873
6.728948
6.909215
6.326707
4.140385
1.236873
-1.231261
-2.041589
-0.980408
0.190108
0.658254
2.221822
4.101315
6.206880
6.705462
5.577773
3.337969
0.432804
-1.466750
-1.490187
-0.675570
0.454404
1.082396
1.753498
4.127334
6.290845
6.603581
5.697782
3.480827
0.662436
-1.352951
-1.962803
-1.136480
0.370761
1.748405
2.186699
3.946185
6.289624
6.611455
5.645314
3.787826
1.151496
-0.432899
-0.864463
-0.873322
0.758183
1.516128
2.308830
4.237780
6.537736
7.061223
6.287084
3.900890
1.406326
-1.007712
-1.952349
-1.173821
0.717290
1.525381
2.295792
4.140908
6.098229
7.540011
7.055673
3.959132
1.291148
-0.259604
-1.312129
-0.265177
0.914218
1.794644
2.571629
4.346033
6.879157
7.070647
6.459378
4.308459
1.415278
-0.515083
-1.216027
-0.521586
0.308805
1.477699
2.520944
4.357327
6.562924
7.468850
6.565297
4.621617
1.445807
-0.523272
-1.387755
-0.247991
1.332618
2.257646
2.987506
4.722677
6.427953
6.983703
6.673154
4.691557
1.973131
-0.083875
-0.677828
0.145297
0.897574
1.767556
2.485141
4.677624
6.475781
6.838216
5.614774
3.868340
0.731323
-1.240926
-1.668749
-1.257131
0.081666
1.062003
2.337806
4.058775
5.879579
7.008386
5.426507
3.513360
1.078261
-1.333530
-2.222077
-0.528854
0.625083
0.766830
1.968802
4.010091
5.749574
6.887053
5.750272
2.877313
0.824161
-1.507059
-2.440685
-1.676723
0.216367
1.483100
2.344132
3.866716
5.502297
6.223626
5.201089
2.948735
0.285714
-1.230277
-1.538568
-0.824987
0.483249
1.213659
2.285645
3.752079
5.615968
6.206069
5.402410
3.244932
1.006309
-1.352032
-2.395465
-1.479956
0.128316
1.097652
2.375861
4.318583
6.453675
7.026116
5.790402
4.264360
0.981237
-0.909854
-1.738872
-1.153825
0.018517
1.670311
2.917528
4.532407
6.611642
7.425691
6.258033
3.974092
1.093576
-0.671082
-1.205737
-0.296749
0.735124
1.475532
2.494455
4.371468
6.514886
7.081971
5.871511
3.634669
0.843191
-0.885254
-1.252719
-0.671103
0.154662
1.389629
2.686680
4.362158
6.271115
6.867175
6.120374
3.999611
1.626750
-0.520210
-1.256618
-0.748659
0.528337
1.298304
2.240455
3.624515
5.695714
6.855735
5.390389
3.392247
1.063964
-0.903889
-1.289966
-0.667583
0.672248
1.167551
1.990422
4.322839
6.916715
7.289872
6.157752
3.701411
0.410322
-1.351283
-1.682138
-0.714473
0.786326
1.138697
2.897558
4.104672
6.251313
6.898164
5.907491
3.720119
0.807261
-1.003284
-1.838759
-1.474759
-0.170480
0.863652
2.238729
3.987124
6.023179
6.697896
5.564685
3.594513
1.244072
-1.320173
-1.555055
-1.260123
0.131551
0.866780
2.396782
4.294219
6.506383
7.282563
6.089303
4.030761
1.214120
-0.988789
-1.866642
-0.759115
-0.169791
0.887529
2.297064
4.300640
6.077901
6.798133
5.728414
3.504286
0.948331
-0.783167
-1.475094
-0.371329
1.213662
1.580985
2.638291
4.324039
6.262273
6.881795
5.899730
4.069996
1.093641
-0.519980
-1.200693
-0.768559
0.086225
0.863634
2.221887
4.200471
6.189553
7.255307
5.824491
3.740160
0.919287
-1.280076
-1.640799
-0.632315
0.681205
1.574891
2.491887
4.827687
6.734223
7.275971
7.049932
4.465699
1.217964
-0.390363
-0.823400
0.006230
1.008672
2.062400
3.119178
4.878688
6.601792
7.199229
6.403081
4.332187
1.910812
-0.619250
-1.285378
-0.524759
0.543061
1.466655
2.411504
4.338436
6.063699
7.044057
6.194684
4.233344
1.416062
-0.566053
-1.193425
-0.674212
0.276338
1.153202
2.265802
4.339302
6.640824
7.825173
6.226945
4.367551
1.044675
-0.374180
-1.343927
-0.672557
1.046334
2.390845
3.006208
4.295666
6.867480
7.357736
6.257609
4.093453
1.633126
-1.191210
-2.152664
-1.138661
-0.003144
0.915516
2.115672
3.924038
5.805982
7.042520
6.398454
4.303369
1.444048
-1.051538
-1.429328
-0.949653
0.524875
1.471105
2.815472
4.541489
6.688163
7.046857
5.741742
3.675200
0.394055
-1.162061
-1.600574
-0.874358
-0.198552
0.372537
1.854738
3.657963
5.733254
5.814458
5.223752
3.473160
0.303057
-1.714803
-1.692596
-0.753636
0.273881
0.441056
1.803653
3.685616
5.672425
6.652472
5.706040
3.823275
0.633884
-1.226825
-2.130979
-1.380430
-0.264138
0.967558
1.979255
4.004271
6.248403
7.277898
5.874154
3.256631
0.515110
-1.658197
-2.324113
-1.392875
0.003046
0.339428
1.349348
3.609377
5.507766
6.026662
5.285462
3.487965
0.793704
-1.378867
-2.037016
-1.242375
0.073417
1.116652
2.156916
4.133693
6.177655
7.024308
5.615735
3.255478
0.960811
-0.538568
-1.216628
-0.573024
0.459468
1.215864
2.480191
3.832953
5.505830
6.610906
5.306249
2.978034
0.818573
-1.438076
-1.864527
-1.073003
0.240554
1.322782
2.490284
3.839068
5.487832
5.941689
5.378371
2.821384
0.404822
-1.472646
-1.722806
-1.655515
-0.457047
0.474178
1.829592
3.385942
5.287412
6.586724
6.045915
3.633256
1.090463
-0.869393
-1.141915
-0.809977
0.571361
0.998022
1.866276
4.476117
6.984962
7.885180
6.149594
3.724666
0.974033
-1.074742
-1.855738
-1.215704
-0.046203
1.142079
2.106769
4.484905
6.689681
7.773133
6.080838
3.710248
1.154893
-0.850842
-0.893029
0.076706
0.666953
1.198880
1.745629
3.969183
5.750398
6.520513
5.314662
3.311813
0.578702
-1.744965
-2.781075
-1.832942
-0.798465
0.652302
1.850549
3.708133
5.458188
6.542134
5.180772
3.421467
1.000817
-0.820307
-1.464489
-1.133830
0.213338
1.549877
2.542295
4.483131
6.944860
7.424050
5.818406
3.857652
1.661122
-0.353190
-0.952435
0.021686
1.402881
2.003919
2.658971
4.743496
6.914269
7.222745
5.442479
3.432664
0.147923
-1.809296
-2.573740
-1.514795
-0.342397
0.842771
2.014782
4.128560
6.272763
6.926255
5.774253
4.009461
2.115674
-0.712147
-1.369857
-0.782968
-0.132922
0.449278
1.761108
3.875449
5.874887
6.450109
5.581479
3.304913
1.050929
-0.782680
-2.157376
-1.540057
-0.128306
0.958447
2.457043
4.534751
5.917909
6.621369
5.799367
3.619753
0.860739
-1.487509
-1.865551
-0.925926
0.167554
0.966290
1.688812
3.973250
6.152553
6.547376
5.911950
4.017320
1.324799
-0.500476
-1.092764
-0.131950
0.681676
1.095262
2.156992
4.201674
6.860398
7.497998
6.453351
3.999441
1.559811
-0.619598
-1.126943
-0.268830
0.282681
0.690495
1.816997
4.246296
6.306928
7.126542
6.361604
4.214708
1.638788
-0.345965
-1.214844
-0.407762
0.591147
1.504978
2.666304
4.211045
6.102376
7.289281
6.346059
4.150527
1.483363
-1.123899
-1.990366
-1.620572
-0.183161
1.027513
2.450919
4.422929
6.036962
7.043963
6.052558
4.060798
1.265660
-0.375894
-1.660495
-1.472623
0.375651
1.516075
2.540112
4.079955
6.156781
7.318172
6.587861
4.472895
1.848629
-0.533685
-1.634494
0.125703
1.236424
1.234365
2.206997
4.535310
6.584859
7.624490
6.700803
4.494433
1.611283
-0.438754
-0.881232
0.317693
1.472280
1.990235
2.407436
4.422370
6.277909
7.081607
6.002309
3.225863
0.166212
-1.662441
-2.262458
-1.305007
-0.108383
0.673805
1.348122
3.224080
5.140756
6.411626
4.832091
2.863107
0.333985
-1.112536
-1.877125
-1.250677
-0.048188
1.373995
2.196450
3.639745
5.493318
6.568025
5.332330
3.428539
1.589316
-0.849794
-1.489386
-0.408458
1.092649
1.473763
2.610184
4.723006
6.935536
7.106273
6.214677
3.804645
0.537635
-1.412981
-1.470153
-0.832913
0.428811
1.483272
2.567916
4.476561
6.802278
6.998475
6.114991
4.169289
1.420985
-0.303699
-1.030883
-0.191901
0.941297
1.860525
2.728977
4.645119
6.443719
7.238351
6.253858
3.847979
1.149186
-0.706741
-0.634510
0.408795
1.095784
1.757660
2.126976
4.427721
6.646283
6.800229
5.639760
3.206776
1.314619
-0.226670
-1.115486
0.027957
1.585006
1.771377
2.905088
4.917947
6.110410
7.150357
6.433377
4.049527
1.878833
-0.187680
-1.256408
-0.200593
0.533231
1.304058
2.502787
4.184986
6.448394
7.198930
6.532512
3.796159
1.471764
-0.775217
-0.728601
-0.135717
1.092065
1.760336
2.328249
4.470197
6.966052
7.603992
6.447438
4.286239
1.703900
-0.583962
-1.171869
-0.766580
0.547044
1.235192
2.763937
4.567441
6.788747
6.967694
5.888974
3.542123
1.071397
-0.598663
-1.130690
-0.571517
0.543567
0.837696
1.973523
3.852736
5.889060
6.351108
5.602368
3.956222
1.134811
-0.721870
-1.207157
0.197328
1.439483
1.890159
3.118045
4.559937
7.136128
7.801421
6.547612
4.297413
1.644975
-0.562239
-1.349746
-0.182765
0.567241
1.425612
2.451460
4.747080
6.760907
7.232465
6.748815
4.140087
1.442248
-0.964695
-1.361700
-0.936193
0.091817
1.022035
2.239240
4.698461
6.687215
7.285848
6.003778
3.561213
1.016287
-1.241853
-2.075656
-1.333192
-0.124107
0.551124
1.975904
3.474102
5.716615
6.648850
5.757634
3.032981
0.319613
-1.660663
-2.161061
-1.120127
0.638017
1.556951
2.294957
3.992641
5.926206
6.639428
5.767842
4.021656
1.125840
-1.243486
-1.500106
-0.839952
0.145047
1.094745
2.178984
4.001171
5.958520
6.687535
5.350144
3.583873
1.003649
-0.873997
-1.321792
-0.728481
0.440454
1.181613
2.025442
4.173844
6.023513
6.853646
5.950231
3.735043
1.208524
-0.940883
-1.443549
-1.284363
0.051188
0.880501
1.902828
3.986995
6.760339
7.164899
6.266656
4.113600
1.450098
-0.661706
-1.280032
-0.901093
-0.034110
1.193339
1.780900
4.208940
5.986100
6.702376
5.510411
3.409540
0.346307
-1.501166
-2.275523
-1.231195
0.177773
0.926299
2.182591
3.595928
6.404336
7.414144
6.171876
4.017776
1.280105
-0.765920
-1.922192
-1.555859
-0.295635
0.814213
1.769340
3.933643
6.199342
6.901792
5.609672
3.817172
1.170525
-1.075751
-1.669161
-0.973121
0.403869
1.198734
2.613791
4.526797
6.887063
7.190133
5.620063
3.225325
0.165668
-1.998999
-2.682110
-1.710796
-0.789323
0.584150
1.473157
3.593908
5.722695
6.717456
5.177838
2.460814
0.289154
-1.339010
-2.284354
-0.954736
-0.034303
0.013440
1.171146
3.239564
4.997109
6.156743
5.211730
3.106443
0.537419
-1.796055
-2.144493
-0.555638
0.975652
1.569303
2.339436
4.626939
6.279714
7.590091
6.058843
3.420691
0.956971
-1.217276
-1.700677
-0.614539
0.636771
1.387702
2.042897
4.090514
6.022817
6.683499
5.250867
2.983183
0.113869
-1.508474
-1.903809
-1.332736
0.212388
1.059328
2.110245
3.914851
6.034505
6.407289
5.306043
3.119530
0.570168
-1.660763
-2.533745
-1.294321
0.284822
1.460679
2.320932
3.904234
5.495732
6.296414
5.561311
3.289001
0.975654
-0.831394
-1.684091
-0.376885
0.677672
1.150725
1.946683
4.144375
5.671605
6.130151
4.838284
2.728607
0.671854
-1.302398
-1.631373
-1.337416
0.269837
1.011481
2.046121
4.106121
5.481753
6.121797
5.523095
3.508224
1.091401
-0.703745
-1.491141
-1.271214
0.259536
1.226774
2.443154
4.522915
6.500661
6.467496
5.694827
3.633712
0.889265
-0.997095
-1.591589
-0.700027
0.280929
0.883484
2.020911
4.075011
5.775393
6.841065
5.405686
2.965562
0.517740
-1.547869
-1.642093
-0.907233
0.316276
0.790894
1.773570
3.761181
5.718602
6.337935
4.933988
2.454807
-0.089294
-1.924494
-1.948016
-1.513839
-0.304268
0.524257
1.738187
4.351521
6.421021
6.768830
5.402709
2.778629
0.225492
-2.035333
-1.860838
-0.905333
-0.142601
0.453347
1.617964
3.838905
5.673865
5.998391
5.022496
3.120087
0.727804
-1.153272
-2.155393
-1.287758
0.196124
0.764667
1.876003
3.688684
6.314977
7.027806
5.646699
3.373964
0.984549
-1.308488
-1.884087
-0.902426
0.493747
0.846664
1.947588
4.070306
6.169236
6.085847
5.179008
3.446684
1.337343
-1.129625
-1.503240
-1.014252
0.263984
0.932017
1.875044
3.763317
6.285151
6.870332
5.368350
3.230510
0.831429
-0.223563
-1.083683
-0.101154
0.306684
1.081689
2.016261
4.115984
6.269834
6.586598
5.882745
3.685040
0.830904
-1.180304
-2.232340
-1.627195
-0.135890
1.439514
2.113565
3.867640
5.550408
6.741242
6.244819
4.014002
1.414484
-0.513356
-1.348725
-0.806393
0.697457
1.515807
2.511317
4.360358
6.875733
7.515111
5.881669
3.537968
0.930675
-1.412105
-2.748781
-2.081424
-0.581397
0.134070
2.327090
4.447448
6.421641
7.181418
6.485349
3.701518
1.124624
-0.707523
-1.879722
-0.856386
0.135476
0.834847
1.842452
3.851622
6.254514
6.680772
6.324056
3.840995
1.142428
-1.014694
-1.812992
-1.234147
0.291862
1.311773
2.706521
4.543648
6.363843
7.111289
6.186883
4.070876
1.075384
-0.724160
-1.312586
-0.666871
0.800231
0.548638
1.908519
4.509502
6.716516
7.046926
6.327912
4.031294
1.576885
-0.742476
-1.312484
-0.739072
1.175494
1.420647
2.346836
4.402888
6.283946
6.807403
5.864572
4.130622
1.835041
-0.572099
-1.508542
-0.523397
0.140603
1.229071
2.562248
4.620328
6.717391
7.152108
6.301547
3.919953
1.216181
-0.816343
-1.567956
-1.156305
0.255607
0.590569
2.085280
4.293015
6.484628
7.125699
6.127069
3.514159
1.159971
-1.011798
-1.552342
-1.360341
-0.483018
0.770503
1.815615
3.983064
6.457383
6.608281
6.005670
3.845843
1.219552
-0.754898
-1.594942
-1.136219
0.077784
1.417841
2.750884
4.656058
6.562648
7.310256
5.405915
3.606172
1.185384
-1.156335
-1.979603
-1.472069
-0.528819
0.895479
1.905832
4.259973
6.753743
7.126470
6.275706
3.957713
1.522255
-0.600405
-1.063120
0.166003
0.869632
0.983479
2.589762
5.001111
7.263419
7.316344
5.840821
3.694428
0.824130
-1.557624
-2.166159
-1.498857
0.003304
0.531282
1.661366
4.111267
6.348243
7.223336
6.039395
3.297803
1.011834
-1.166744
-1.999137
-1.466600
-0.268041
0.655281
1.496777
3.019001
5.831189
6.377999
5.484059
3.680165
1.137601
-1.408419
-2.487990
-1.981112
-0.376794
0.926126
1.983014
4.244961
6.179179
6.733333
5.579036
3.154774
0.477728
-1.662639
-2.216418
-1.453093
-0.413881
0.602353
1.732224
3.436710
5.553258
6.698243
5.245484
2.665712
0.150671
-1.514323
-1.760308
-1.026584
0.101382
0.762313
1.512512
3.348228
5.679719
6.690757
5.422400
3.347354
1.179138
-0.968618
-1.754941
-1.189152
0.679221
1.219409
2.158871
4.160465
5.702527
6.659135
5.601792
3.303497
1.288301
-0.664338
-0.773756
-0.294762
0.700461
1.982041
2.603085
4.280078
6.390227
6.755784
5.575566
3.590393
1.399879
-0.777279
-1.357922
-0.551799
0.645909
1.831601
2.700028
4.777255
6.789685
7.239686
5.488523
3.592649
0.752375
-1.715406
-2.530182
-1.344335
0.174698
0.872763
1.761392
4.098717
6.416841
7.260163
5.503051
3.855580
1.489648
-1.093155
-1.786367
-0.568158
0.054860
1.195043
2.129292
3.982723
5.481910
6.639924
5.238114
3.067768
0.404667
-1.638968
-2.050360
-1.422520
-0.024083
1.279345
2.846645
4.419576
6.120994
6.991885
5.524415
3.470456
0.483244
-1.689402
-2.219736
-1.421073
-0.147176
1.003319
1.780280
3.998728
6.127604
6.819123
6.135068
3.927312
0.855881
-1.276615
-1.797294
-1.484015
0.105515
0.866403
1.975200
4.279030
6.190139
6.899251
6.021729
3.372943
1.301722
-0.760121
-0.977989
-0.570775
0.905831
1.162969
2.866692
4.213917
6.027776
6.863875
6.019889
3.475505
0.828094
-1.387012
-2.332032
-1.356383
-0.102894
0.928110
1.793593
4.041220
6.373803
6.393876
5.490117
3.543322
0.188426
-1.830516
-2.411408
-1.662879
-0.222046
0.789304
1.774174
4.100202
6.487439
