6.398687
5.524841
3.464265
0.120690
-1.636855
-1.887772
-1.532978
-0.283717
1.170414
2.192288
4.278349
6.310017
6.836321
5.548286
3.087912
0.478045
-1.563376
-2.567832
-1.764628
-0.188653
0.787498
1.401327
3.699868
5.574205
5.949886
4.693338
2.694374
0.378385
-1.093990
-1.734450
-1.001667
0.004747
0.997418
1.926663
4.020571
6.346334
6.877821
6.237108
3.883331
1.520542
-0.932044
-1.730221
-0.846373
0.433884
1.198916
1.907917
4.486024
6.314590
7.063234
6.222673
3.796330
0.772120
-1.340950
-1.987966
-0.769379
0.439903
1.019464
2.176314
4.897739
6.634705
7.245644
5.875385
3.399776
0.719471
-1.547855
-1.800708
-0.640326
0.525370
1.351573
2.415154
4.185928
6.126730
6.770325
5.472933
2.494452
0.085091
-1.969118
-2.661156
-1.626355
0.300859
1.351626
1.830890
3.612387
6.121958
6.614340
5.078068
2.837158
-0.063588
-2.757113
-3.604087
-2.710302
-1.490336
-0.476388
0.947378
3.225117
5.036787
5.804773
5.122290
2.698778
-0.267132
-2.364752
-2.639915
-1.694158
-0.275915
0.292374
1.620540
3.720638
5.600580
5.913969
5.448149
2.943729
0.233475
-2.025410
-2.726992
-1.968862
-0.919212
0.138783
1.275809
3.130586
5.166042
6.053564
5.231794
2.734827
-0.164109
-2.067851
-2.647554
-1.796456
-0.739697
0.143503
1.342658
3.241059
5.187052
5.658251
4.607006
2.174246
-0.525827
-2.128475
-3.068586
-2.340979
-1.143017
0.074577
0.659174
3.194880
4.780170
5.831606
4.444430
2.280147
-0.423305
-2.622557
-2.919002
-1.384683
-0.244074
0.561408
1.082957
2.772257
4.925392
5.390448
4.630770
2.029868
-0.221900
-2.197741
-2.850675
-1.784801
-0.448812
0.208068
1.301774
3.633413
5.542891
6.085146
5.606211
2.970752
0.119459
-1.726236
-2.561310
-2.528522
-1.114425
0.042508
1.499452
3.554685
5.331266
5.730194
5.082588
3.002762
0.012726
-2.371812
-3.104570
-1.892156
-0.448082
0.237329
1.165100
3.381974
5.402473
6.009581
4.376628
2.359979
-0.317119
-2.529970
-3.002240
-1.318401
0.104008
0.858094
1.842693
3.757998
5.506756
5.654554
4.501833
2.205281
-0.496029
-2.501743
-3.361160
-2.295958
-1.037504
-0.370242
0.618685
2.598907
4.849001
5.783249
4.845304
2.771095
0.236730
-2.220150
-3.291978
-2.027216
-1.007509
0.221971
2.006558
3.996325
6.139032
6.462372
5.700405
3.584461
1.035980
-1.386990
-2.237024
-1.832232
-0.602267
0.324153
2.002671
4.063292
5.987192
6.807741
5.959311
3.885218
1.230481
-1.031883
-1.516125
-0.819574
0.502171
1.299347
2.306683
4.341334
6.376467
7.548475
5.781046
3.101595
0.573789
-1.435917
-2.409441
-1.386217
-0.347111
0.237431
1.294473
3.172235
5.608017
6.774996
5.288889
2.642576
-0.191418
-2.403202
-2.789605
-2.311797
-0.259686
0.712730
1.644190
3.444913
5.198469
5.982992
4.675714
2.978860
0.299808
-1.733207
-2.716308
-1.715147
-0.237312
0.347442
1.639954
2.905898
4.930069
5.734018
4.982538
2.334947
-0.312393
-1.514988
-2.855039
-1.890290
-0.446552
0.562317
1.104282
2.966825
5.316584
5.909845
4.689432
2.758015
0.218594
-2.160665
-3.046274
-2.718018
-1.109958
0.421955
1.893301
3.344519
4.943708
5.294516
4.137453
1.485862
-1.226815
-2.925214
-3.251289
-1.933725
-0.293884
-0.148891
1.087217
2.989871
4.889860
6.018728
4.646666
2.319875
0.228528
-2.135570
-2.432838
-2.254291
-1.274117
0.115280
0.854255
2.773038
4.686871
5.221430
4.355577
2.427823
-0.526072
-2.247257
-3.118760
-2.132227
-1.043303
0.327736
1.302679
2.951100
5.083113
5.470951
4.331923
2.135522
-0.694242
-3.024754
-3.602263
-2.519050
-1.431982
0.078600
0.792898
2.916639
5.472343
5.839264
4.980099
2.985104
0.026205
-1.900433
-2.778534
-2.269394
-1.113555
-0.098718
1.283023
3.081786
5.158953
5.767668
4.824602
2.905031
-0.109296
-2.667414
-3.764658
-3.351758
-1.939174
-0.629784
0.820168
2.940657
4.659536
5.442837
4.368631
2.147512
-0.290602
-2.241795
-3.238575
-2.745950
-0.847941
0.020772
0.865971
2.892773
5.045980
5.699686
4.773777
1.865898
-1.341158
-3.445847
-3.647038
-2.365163
-0.961328
0.066498
0.515319
2.500204
4.589706
5.215132
3.638201
1.116998
-1.063060
-3.100628
-3.627834
-3.310908
-1.830593
-0.619084
0.608179
1.845578
3.875188
4.043134
3.617237
1.688889
-1.276955
-3.458810
-3.844915
-2.771962
-1.091162
-1.104877
-0.040117
2.029831
4.180014
4.919455
3.223652
0.734251
-1.903623
-3.666123
-3.959246
-3.060184
-1.058101
-0.554759
0.465656
1.877788
3.553530
4.825962
2.993240
1.186600
-1.662601
-3.744532
-4.361329
-2.911377
-1.280619
-0.630925
0.374920
2.003789
3.972924
4.265967
3.483160
1.117665
-1.752644
-3.878000
-4.502382
-3.731896
-1.989194
-0.829271
0.335305
1.295534
3.077375
3.973360
2.917274
0.776592
-1.798326
-3.729227
-4.031483
-3.244225
-2.324744
-0.868671
-0.449217
1.007665
3.044618
3.220154
2.356354
0.292934
-2.393511
-3.726418
-3.847632
-2.943799
-2.416658
-1.599992
-0.157710
1.442634
3.206415
4.218820
3.302380
1.222305
-0.919477
-3.247034
-3.748589
-3.105795
-1.697508
-0.769987
0.076322
1.940822
3.804807
4.689573
3.771690
1.446696
-1.228562
-3.684100
-4.501914
-3.205823
-1.910065
-0.676539
0.211469
2.256989
4.092667
5.051748
3.711530
1.204319
-1.384048
-3.603369
-3.845337
-3.352526
-1.963227
-0.460834
0.906508
1.946512
3.873067
4.210482
3.218815
1.228872
-1.702778
-3.414572
-4.071663
-3.421150
-1.750487
-0.638412
0.624735
1.445468
4.036990
5.030630
3.784898
1.542460
-0.645384
-2.648021
-2.927018
-2.508313
-1.741032
-0.813846
0.320217
2.520678
4.674871
5.014091
3.672932
1.498604
-1.080966
-3.271111
-3.939198
-3.498068
-1.660031
-0.540300
0.657569
2.385739
4.382256
5.022642
3.903554
1.462216
-1.055284
-3.554273
-3.542847
-2.905415
-1.135012
-0.087273
0.607705
2.297313
3.494083
4.534857
3.477242
1.311266
-1.639532
-3.403607
-3.592741
-2.994898
-1.880902
-0.301229
0.702721
1.610575
3.293419
4.454871
3.419221
1.167391
-1.637340
-3.611080
-4.599349
-3.674882
-2.102203
-0.535240
0.416781
1.973808
3.980240
4.590322
3.440609
1.470544
-1.028091
-2.304793
-2.561349
-1.818371
-0.677326
-0.526575
0.614780
1.968105
3.850153
4.793924
4.013245
1.235048
-1.225425
-2.842983
-3.900312
-2.806697
-1.097973
-0.538845
0.456570
2.200209
4.452763
5.367025
4.401656
1.855517
-1.031028
-2.909222
-3.893451
-2.856082
-1.658958
-0.117226
0.821707
2.978506
4.521417
4.754999
3.847768
1.022260
-1.548748
-3.534325
-4.670560
-3.943680
-2.209183
-0.994383
0.204767
1.432247
3.333492
4.474251
3.424067
1.019752
-2.025561
-3.873040
-3.844230
-3.140607
-1.835447
-0.663647
-0.131693
1.648093
3.358079
3.880286
3.023476
0.173437
-1.939597
-3.755426
-4.122945
-3.284624
-1.632936
-0.529844
0.409838
1.729385
3.246933
4.094550
3.444550
1.373430
-1.200075
-3.665923
-4.547252
-3.231723
-1.933005
-0.911275
-0.230762
1.485491
3.234360
3.677472
2.577031
0.393297
-1.763022
-3.523044
-4.370355
-3.968398
-2.518070
-1.484224
-0.338422
1.388372
3.089942
3.567058
2.388152
0.431452
-1.983079
-3.868277
-4.386041
-3.149463
-2.106278
-0.952595
0.134741
1.320512
3.369897
4.809141
3.981029
1.325811
-1.523722
-3.429393
-4.364512
-3.423778
-1.563718
-0.738525
-0.148810
1.589787
4.157173
4.556799
2.965771
1.071755
-1.514566
-4.040388
-4.494552
-4.139429
-3.016350
-1.599916
-0.114618
1.448793
3.074250
3.699696
2.874465
1.129256
-1.748199
-3.770009
-4.461103
-3.641845
-1.868773
-0.418243
0.401931
2.162522
4.120427
4.662046
3.635799
1.055653
-1.418098
-4.006968
-4.166397
-3.602962
-1.930004
-0.466709
0.634214
1.654705
3.026837
3.746945
2.778528
0.881309
-1.672874
-3.861354
-4.259694
-3.519517
-2.106579
-1.113827
0.161839
1.352260
2.846880
3.621492
2.675967
0.051036
-2.583323
-4.440776
-4.880639
-4.037106
-2.260857
-1.561641
-0.387509
1.245116
3.039433
3.668815
2.852519
0.833387
-1.578795
-3.467816
-3.644292
-2.989421
-2.027500
-1.842029
-0.855804
0.730181
2.502740
3.499498
3.024332
0.706231
-1.851070
-3.451513
-4.436737
-3.941212
-2.205576
-1.172643
-0.403397
1.586882
3.147218
3.717379
2.954608
0.157160
-2.462257
-4.228482
-5.238289
-4.629365
-3.004453
-1.532038
-0.310822
1.458748
3.823181
4.438191
2.679025
0.551083
-2.380335
-3.869235
-4.489879
-3.153342
-1.639021
-1.047366
-0.545310
1.034195
2.309155
3.606782
2.373596
0.055715
-2.722370
-4.734585
-5.119855
-4.334393
-2.921971
-1.528023
-1.291076
0.157244
1.386061
2.776258
1.766933
-0.416126
-2.059685
-3.714017
-4.292271
-3.189919
-1.751057
-1.906178
-1.241283
0.858494
2.578514
2.867804
1.545617
-0.270919
-2.564944
-4.204813
-4.780048
-4.262869
-2.591195
-1.111208
0.006855
0.971662
3.435539
4.076303
2.841147
0.266345
-2.437504
-4.267429
-4.712607
-3.702741
-2.256630
-1.562460
-0.606022
0.913261
2.886445
3.806842
2.440670
-0.185005
-2.672992
-4.550123
-4.878327
-3.976330
-2.382231
-1.125430
-0.456839
0.859760
2.421865
2.550451
1.996880
-0.339919
-2.698125
-4.777373
-5.724224
-5.315650
-3.356066
-2.195464
-1.312516
0.379376
1.945371
2.842971
2.461977
0.315209
-2.149903
-3.747004
-4.163001
-3.152427
-1.396782
-0.420607
0.082607
1.771168
3.625320
3.938648
2.989376
1.006634
-1.749748
-3.969470
-4.428029
-3.768319
-2.209675
-0.675594
-0.010475
1.650576
3.108628
3.667899
3.535173
0.875572
-1.887237
-3.986832
-4.743533
-3.232680
-1.896151
-1.045961
-0.341213
1.215307
3.593748
4.468157
2.732000
0.417316
-1.985969
-4.285430
-5.025329
-4.271140
-2.522202
-1.522104
-0.542104
1.127048
2.789356
3.717949
2.207548
0.599271
-1.917598
-3.956136
-4.800262
-2.695385
-1.892580
-1.264335
-0.723079
0.921422
2.123990
2.746786
2.317512
1.064059
-1.630323
-3.525647
-3.501031
-3.027046
-1.323370
-0.528725
0.100827
1.396022
2.874978
3.367200
2.247459
0.567111
-1.897003
-3.984730
-4.308476
-2.838247
-1.415091
-0.661620
-0.060206
1.081428
2.479340
2.781488
1.792679
0.520706
-2.402778
-4.418128
-5.102308
-3.952537
-2.238953
-1.385543
-0.636770
1.008299
2.200022
2.774601
1.527981
-0.285666
-2.712954
-4.904153
-5.159271
-4.096047
-2.448297
-1.542211
-1.369673
0.492600
1.831736
2.768913
2.059952
0.625349
-2.033488
-4.416759
-5.586629
-4.130588
-1.954906
-1.287043
-0.523694
0.407597
1.862579
2.794100
2.243320
-0.033683
-2.832645
-4.289310
-5.654635
-4.368723
-2.593325
-1.263264
-0.371030
0.563824
2.177767
2.232043
1.512634
-0.309007
-2.857224
-4.832853
-4.815830
-2.949877
-1.261036
-0.329229
-0.283152
1.131260
1.828192
2.965955
1.566357
-0.274587
-2.786183
-4.519667
-4.741237
-4.140481
-2.556040
-0.851960
0.347242
1.261934
2.544204
2.905079
1.800907
-0.600060
-3.062832
-5.040446
-5.494878
-4.182557
-1.753006
-0.812126
-0.874712
0.697194
2.511165
2.703022
1.712354
-0.064142
-3.161359
-5.058393
-5.093054
-4.259985
-2.821061
-1.474236
-0.915752
0.220249
1.415219
2.155972
1.284276
-0.473241
-3.325912
-5.419131
-6.087854
-4.619767
-2.868801
-1.379899
-0.601879
0.085266
1.234100
1.371679
1.088723
-0.655121
-3.501521
-5.016000
-5.104164
-3.925589
-3.076227
-1.443589
-0.430661
0.738494
2.278958
2.800541
1.717510
-0.762422
-3.384384
-4.934939
-5.046892
-3.362753
-2.374674
-1.543702
-1.021107
0.550743
2.149230
1.851851
1.153785
-0.709991
-2.817806
-4.432260
-5.062641
-4.068681
-2.289801
-0.801672
0.002502
0.848580
2.352785
2.207442
1.430973
0.094298
-2.283313
-4.236150
-4.723001
-4.171026
-2.588614
-1.350622
-0.172734
1.759632
2.459266
2.805250
1.612768
0.165223
-2.171532
-4.238411
-5.036126
-4.631702
-2.416992
-1.057207
-0.853926
0.657306
1.724981
2.424052
1.784104
-0.252847
-2.882379
-4.387000
-4.718532
-4.171180
-2.237761
-1.223610
-0.417786
0.688907
1.656351
1.657771
1.005245
-0.508339
-2.038598
-4.211329
-4.603792
-3.993071
-2.106344
-1.212065
-0.430354
0.643971
1.871385
2.491421
1.243499
-1.016227
-3.256134
-5.304553
-5.241382
-4.566608
-2.516998
-1.043880
-0.369763
1.110798
2.402050
2.636016
1.416577
-0.757998
-3.227724
-4.919827
-5.341713
-4.519866
-2.272186
-1.102795
-0.785476
0.606380
1.653657
1.827259
0.514508
-1.106224
-3.333818
-5.084614
-5.468306
-4.267297
-2.627592
-1.452665
-0.799774
-0.048596
1.288421
2.039504
1.292059
-1.177805
-3.747975
-5.134614
-5.501910
-3.983084
-1.911091
-1.348433
-1.652124
0.008876
1.847055
2.191856
1.057357
-1.206758
-3.539831
-5.894956
-6.239792
-4.888182
-3.138039
-1.591162
-0.353951
0.415013
1.380387
1.615587
0.561359
-1.671281
-4.069394
-5.406457
-5.406210
-4.192858
-3.119375
-1.855370
-1.583058
-0.523822
0.722084
1.529360
0.863546
-0.929741
-3.052317
-4.658054
-5.373916
-4.154625
-2.110041
-1.610641
-0.839859
0.556713
1.920705
1.994024
0.985392
-0.882652
-3.375083
-4.970498
-5.052600
-4.516383
-2.998569
-1.392689
-0.900991
0.409354
1.689863
2.093493
1.100617
-0.986729
-3.413094
-5.142444
-5.533716
-4.285615
-2.939543
-1.765001
-0.916538
0.587753
1.633765
1.607036
0.944295
-1.527836
-3.110895
-4.424051
-4.419652
-3.958634
-2.807251
-1.611671
-1.262261
-0.198215
1.013070
1.550524
1.219048
-0.884138
-2.960502
-4.380302
-4.730171
-3.638239
-1.546251
-1.003126
0.136007
1.046537
2.591246
2.128531
1.192157
-1.028270
-3.516996
-5.184737
-5.180612
-3.833260
-1.854959
-1.033730
-0.927849
-0.056312
1.866887
2.310133
1.134409
-1.252880
-3.913343
-5.864863
-5.925415
-4.724476
-3.211235
-1.943922
-1.497915
0.108152
1.196140
0.983775
0.564379
-1.852326
-4.037746
-5.592000
-6.308817
-5.627557
-3.258438
-2.436131
-1.888047
0.337962
0.721344
1.586779
0.305826
-1.521478
-3.481028
-5.047341
-5.403605
-4.139544
-2.770580
-1.230911
-0.653266
-0.162337
1.472544
1.570487
0.407393
-1.274280
-4.101248
-6.019458
-5.710621
-4.211452
-2.533003
-1.090906
-0.577116
0.364198
1.232294
1.626402
0.790750
-0.901580
-3.320008
-5.076307
-5.447107
-4.402357
-2.459171
-1.489300
-0.695357
0.662416
1.603375
1.792991
0.870846
-1.577810
-3.888024
-5.165194
-5.301365
-4.672661
-2.170561
-1.214212
-0.745402
-0.075180
1.207525
1.899771
0.384269
-1.141302
-3.140604
-4.741716
-5.550073
-5.131011
-3.170923
-2.030046
-1.194301
0.063880
0.871038
1.248741
0.124020
-1.689096
-3.866033
-5.352082
-5.184776
-3.765715
-2.406094
-1.466482
-0.820950
-0.561009
0.647495
1.512408
0.702115
-1.471285
-3.446728
-5.249870
-5.851058
-4.095615
-2.379847
-1.294252
-0.971279
0.207695
0.773608
1.135847
-0.146767
-1.824089
-4.499022
-5.872429
-5.865581
-4.245600
-2.591459
-1.271389
-1.042026
-0.201903
0.989435
1.582829
0.437957
-1.449197
-3.703223
-5.582637
-6.021589
-5.147450
-3.639736
-2.050827
-0.869621
0.337729
1.627442
1.707360
0.423052
-1.847961
-4.408498
-5.867587
-5.895347
-5.009035
-3.213799
-1.717133
-1.606944
-0.715759
0.271420
0.824998
0.149747
-2.179818
-4.079469
-5.577841
-5.588901
-5.144376
-2.971836
-1.345272
-0.899174
-0.039125
1.049157
1.172444
0.283154
-1.391241
-3.794010
-5.362090
-5.565044
-4.767952
-2.394375
-1.783838
-1.165552
0.039626
0.565265
0.751096
-0.348650
-1.870936
-3.719503
-5.139647
-5.535810
-4.616233
-2.782480
-1.619310
-1.360737
-0.154624
0.661530
0.886522
0.194563
-1.836945
-4.001225
-5.551997
-5.255580
-5.063523
-2.877399
-1.489761
-1.269694
0.349378
1.138592
1.540093
0.207538
-1.665344
-4.320732
-5.918894
-6.035098
-4.025208
-1.577944
-1.405663
-1.355787
-0.672110
0.156377
0.976359
-0.007092
-1.499500
-3.199202
-4.378910
-4.656978
-4.178814
-2.882978
-1.916580
-1.734030
-0.068684
1.076251
0.588171
-0.579418
-2.902069
-4.499083
-5.695756
-5.957947
-5.129098
-3.546633
-2.217567
-1.258161
-0.535787
0.880816
0.901654
0.017754
-1.512523
-3.546042
-5.165796
-6.286146
-3.943058
-1.947905
-0.719393
-0.181294
0.600037
1.131740
1.420851
-0.174443
-2.187915
-4.567720
-6.446342
-6.128564
-4.507816
-2.285862
-0.970766
-0.636887
-0.077059
0.829865
1.518108
0.143168
-2.216743
-4.798894
-6.193544
-6.254377
-5.389954
-3.264603
-2.504210
-1.861089
-0.806807
0.671241
1.059288
-0.369520
-2.368417
-4.525234
-5.789575
-6.068270
-5.408823
-3.633841
-2.691568
-1.579223
-0.319735
0.166900
0.556050
-0.002876
-1.727100
-3.456990
-4.490299
-4.344873
-3.699297
-2.413170
-1.277033
-0.880593
0.444634
0.942263
1.438428
0.744840
-1.388613
-3.476047
-4.606815
-4.765698
-4.092243
-2.187365
-0.917389
-0.706349
0.031351
1.158079
1.587708
0.067639
-1.697809
-3.822721
-5.302824
-5.600523
-4.539419
-2.743092
-1.962107
-1.111226
-0.168985
1.099457
0.783512
-0.326029
-1.781018
-3.921629
-5.615073
-5.809467
-4.445854
-2.721630
-1.537165
-1.104020
-0.302519
0.839950
1.037022
-0.121135
-2.112548
-4.552203
-6.374393
-6.248619
-5.086382
-3.048599
-1.714977
-1.338040
-0.558615
0.495582
0.787818
-0.565366
-2.313816
-4.254125
-5.907907
-6.354605
-5.610269
-3.368523
-2.700901
-1.753375
-0.637689
0.533345
1.028323
-0.168647
-2.081927
-4.467262
-5.948332
-5.877000
-4.764799
-2.629009
-1.606083
-1.114839
-0.258947
0.653050
0.652906
-0.253045
-2.330296
-4.589137
-6.532221
-7.057236
-5.483200
-3.412706
-2.269299
-1.715531
-1.114432
-0.223818
0.189734
-0.309534
-2.799087
-5.023185
-6.555864
-7.049809
-5.578057
-3.192776
-1.789181
-1.467330
-0.042828
0.698681
0.314013
-0.838527
-2.351318
-5.125235
-6.299031
-6.524778
-5.552962
-3.631142
-2.265223
-1.636034
-0.989839
0.152411
0.637465
-0.448845
-2.400768
-4.717987
-5.968958
-6.420338
-5.399969
-3.308249
-1.982447
-1.415489
-0.248608
0.819870
0.744163
-0.631145
-2.557558
-4.535505
-5.947437
-6.193294
-4.405724
-2.773027
-1.312284
-0.813760
0.359341
0.885113
0.899653
-0.098963
-2.323351
-4.598309
-6.101443
-6.412254
-5.209656
-3.538517
-1.817566
-1.058804
0.090071
1.079865
1.309601
0.546840
-1.817174
-4.289510
-5.585790
-5.253894
-4.614491
-3.172546
-1.985346
-1.760755
-0.343921
0.604045
0.401498
-0.579717
-2.261412
-4.917027
-6.220524
-6.313898
-5.037121
-3.453178
-2.030968
-0.663197
0.177419
1.417483
0.533481
-0.850525
-2.222001
-4.439556
-6.301236
-7.223424
-5.355727
-3.059753
-2.030277
-1.644655
-0.692346
0.349646
0.673823
-0.125401
-2.289850
-4.461525
-6.108736
-6.665366
-5.544180
-3.418947
-1.894760
-1.814846
-0.584346
0.427600
0.971851
-0.532935
-2.750861
-5.068087
-6.558898
-6.096636
-4.818371
-2.909864
-2.398668
-1.720913
-0.871276
0.094067
0.079307
-1.245363
-3.511965
-5.780065
-7.245255
-7.481142
-6.318245
-3.543753
-2.802166
-2.291207
-1.357254
-0.340691
-0.730491
-1.517397
-3.400373
-5.379902
-6.568931
-6.756392
-6.013170
-4.101051
-2.515343
-1.952587
-0.522724
0.426247
0.712106
-0.501592
-2.549088
-5.230029
-6.973160
-7.113626
-5.862630
-2.779510
-1.825533
-1.555694
-0.503154
0.060675
-0.126775
-1.000580
-3.164542
-5.379537
-6.751919
-6.928458
-5.849476
-3.660053
-1.620960
-0.796446
-0.504414
0.028288
-0.235756
-0.886747
-2.608403
-4.538754
-6.481851
-6.744004
-6.315248
-4.371031
-2.560507
-1.851347
-0.660288
0.869156
0.572884
0.177588
-2.684848
-4.414042
-5.979868
-6.316612
-5.745449
-3.823236
-2.768602
-1.933890
-0.788117
-0.336567
0.298265
-0.735396
-2.633691
-4.850729
-6.901064
-7.234315
-5.495246
-3.628771
-2.740252
-2.306442
-0.826858
0.244908
-0.138258
-0.963413
-3.028730
-5.073972
-6.802132
-7.002989
-6.014971
-3.708818
-2.408777
-1.287607
-0.104497
0.627418
1.067219
-0.691541
-2.724947
-4.897587
-6.561872
-7.100159
-5.655312
-3.547062
-1.896172
-1.681733
-0.894814
0.288963
0.445539
-0.556367
-2.802096
-5.067622
-6.743471
-6.853630
-6.017309
-4.023203
-2.427557
-1.920203
-1.110702
-0.124994
0.254367
-0.952473
-3.169886
-5.308976
-6.655499
-6.617461
-5.630732
-3.823885
-2.455690
-1.583911
-0.712070
-0.130910
0.032064
-1.125800
-2.393613
-4.982991
-6.731366
-7.189836
-6.014973
-4.141254
-2.319132
-2.068180
-1.369306
0.002890
0.494586
-0.801332
-2.630325
-5.147765
-6.873394
-7.116041
-5.962759
-3.875729
-2.638771
-2.172986
-1.431170
0.044865
-0.213553
-1.207453
-3.012689
-5.578082
-7.002591
-7.466703
-5.865650
-3.928625
-2.993340
-1.983213
-1.238688
-0.334839
-0.517383
-1.797764
-3.661034
-6.041255
-7.584302
-7.986158
-6.401923
-3.940666
-3.243540
-2.684970
-1.943497
-0.918970
-0.749908
-1.392892
-3.462631
-5.137835
-6.673445
-7.003948
-5.862796
-3.632504
-2.356512
-2.053914
-1.326254
-0.196897
0.208729
-0.851590
-3.001652
-5.227328
-6.826832
-7.108819
-5.852573
-3.147890
-1.954859
-1.477454
-0.037588
0.617862
0.683725
-0.170672
-2.533981
-4.998824
-6.673465
-6.406788
-5.731080
-4.206335
-2.660969
-1.993565
-1.125748
-0.309067
-0.289747
-1.890770
-3.642382
-6.037313
-7.648244
-7.210238
-5.332231
-3.789757
-3.018765
-2.186635
-1.496055
-0.767163
-0.730335
-1.630901
-3.611473
-5.468762
-7.133354
-6.824283
-5.527777
-3.560574
-2.390165
-2.192101
-1.134516
-0.402076
-0.591686
-1.313692
-3.326680
-5.710094
-7.465949
-8.037002
-6.450482
-4.082289
-2.744574
-2.114398
-0.881947
-0.090264
-0.240612
-1.511782
-3.341108
-5.384459
-7.534308
-7.516866
-5.682771
-3.422209
-2.369946
-2.617628
-1.563040
-1.004803
-0.915382
-1.307329
-3.331820
-5.384501
-6.718463
-6.940148
-5.667293
-4.322565
-3.235235
-2.259198
-0.713288
0.311929
0.246843
-0.843317
-2.020868
-4.026358
-5.438500
-5.467638
-4.401447
-2.495789
-1.892426
-1.382547
-0.216017
0.717278
0.428744
-0.328647
-2.626459
-5.033667
-6.640291
-6.805837
-5.596869
-3.810843
-2.555532
-2.775735
-1.656197
-0.249491
-0.159543
-0.768915
-3.309324
-5.896379
-7.687542
-8.191661
-6.558290
-4.606202
-3.800547
-2.934615
-1.989323
-1.108665
-0.868371
-1.430277
-3.307064
-5.582772
-7.234905
-7.217602
-5.038245
-4.094040
-2.886715
-2.279671
-0.791327
0.260334
0.114242
-1.177127
-3.481178
-5.865613
-7.489727
-6.940919
-5.849866
-4.010071
-3.069120
-2.211151
-0.539030
0.737576
0.269554
0.181461
-1.906202
-4.810295
-6.565782
-6.643153
-5.557464
-3.479502
-2.831365
-2.151811
-0.837325
0.170984
0.322832
-0.899155
-2.652000
-4.730064
-6.219231
-6.477124
-5.740349
-3.563658
-2.572835
-1.922470
-0.829737
0.327439
0.424401
-0.876518
-2.843271
-5.205622
-7.202253
-8.168835
-7.080211
-4.768873
-3.224289
-2.051611
-0.946345
-0.008746
0.195339
-0.082518
-2.558123
-5.107141
-6.602895
-7.098513
-6.136456
-4.329562
-3.118193
-1.691818
-1.029240
-0.163674
0.119032
-0.696232
-2.653846
-5.294759
-6.912773
-7.397923
-6.569782
-4.963499
-3.526288
-2.498512
-1.463449
-0.588202
0.100760
-0.875515
-3.055155
-5.560552
-7.501787
-8.321884
-7.080839
-5.366088
-4.149940
-2.943092
-1.130930
-0.004755
0.003633
-1.136902
-3.569191
-5.816335
-7.316785
-7.473544
-6.051920
-4.485309
-3.233393
-2.456800
-0.707329
0.072792
0.136965
-0.985228
-3.437105
-5.826903
-7.798841
-8.254490
-6.564959
-4.562653
-3.369620
-2.651892
-1.569771
-0.327674
0.186753
-0.864117
-3.060726
-5.605019
-7.627182
-7.572443
-5.978991
-4.267570
-3.115005
-2.760043
-2.035026
-1.160528
-0.483620
-1.477812
-3.505977
-5.674614
-6.811366
-6.883501
-5.428730
-3.914136
-2.783280
-2.230487
-1.031470
0.430162
0.180512
-0.437617
-3.184940
-5.464911
-7.208532
-8.110720
-6.679681
-5.162902
-3.859302
-2.917696
-1.775064
-0.179321
-0.165637
-1.196293
-3.353003
-5.422809
-7.851429
-7.978440
-6.369403
-4.901370
-3.448341
-3.192688
-1.547875
-0.580285
-0.085464
-1.147825
-2.639854
-5.448155
-7.394890
-7.128924
-6.200718
-4.525717
-3.403877
-2.714535
-1.398780
-0.304078
-0.292213
-0.793154
-2.855215
-5.374210
-6.904330
-6.725807
-5.713332
-4.129674
-3.372221
-2.448359
-0.816652
0.324681
0.143734
-1.031865
-3.131895
-5.543261
-7.520723
-7.910817
-6.558475
-4.903974
-3.851260
-2.785522
-1.743651
-0.523653
0.619010
-0.442410
-2.667276
-4.976200
-7.132737
-7.708748
-6.140578
-4.084205
-3.201670
-2.267071
-1.510290
-0.239624
0.556084
-0.917410
-2.926378
-5.024753
-6.336517
-6.500499
-5.291833
-3.727125
-3.087357
-2.668424
-1.707528
-0.663082
-0.075079
-0.689020
-2.668800
-5.442401
-7.364356
-7.472741
-6.300721
-4.772401
-3.825464
-2.846985
-1.799395
-0.481072
-0.158249
-1.164216
-3.104573
-5.615319
-7.329916
-8.012841
-7.583669
-5.695829
-4.252229
-2.869189
-2.121512
-0.990465
-0.182701
-1.225761
-3.339361
-5.413376
-7.139293
-6.907680
-5.748035
-3.966385
-2.719245
-2.265100
-0.841763
0.086890
-0.184236
-0.571642
-2.617794
-5.047047
-6.841006
-6.913341
-6.314948
-4.622989
-3.162584
-2.323188
-1.030310
-0.115920
-0.001070
-0.928683
-2.746874
-5.610586
-7.924801
-8.574346
-7.362967
-5.238791
-3.860765
-3.095042
-1.902658
-0.903909
-0.560810
-0.877678
-2.965040
-5.411572
-7.480613
-8.193723
-7.288639
-5.319313
-3.889115
-2.989270
-1.128814
-0.000105
0.101708
-1.024006
-3.208128
-5.691273
-7.627697
-8.368029
-7.291815
-5.362054
-3.856680
-2.834035
-0.977670
-0.049099
0.214450
-0.957190
-2.944355
-5.121461
-6.797815
-7.520237
-6.368454
-4.908421
-3.445368
-1.901918
-0.898771
0.505539
1.616220
-0.287155
-2.790938
-5.171411
-7.715983
-8.550147
-7.173986
-5.555491
-3.342698
-2.887551
-1.691731
-0.491443
0.651019
-0.932825
-2.713795
-5.457263
-7.588372
-7.907230
-6.649580
-5.539074
-3.649377
-2.740571
-1.332615
0.563731
1.211565
-0.247258
-2.458870
-4.853513
-6.750511
-6.940435
-6.379595
-4.871399
-3.574096
-3.150710
-1.973517
-0.334299
0.338987
-0.989937
-2.986208
-5.510519
-7.647165
-7.743019
-6.928302
-5.338777
-3.884414
-2.832976
-1.712985
-0.353480
0.174555
-0.546547
-2.777838
-5.708580
-7.925950
-8.283518
-7.191850
-5.303930
-3.386950
-2.700787
-1.250484
-0.057980
-0.273271
-0.794877
-3.294350
-5.843647
-7.912324
-8.162965
-6.969448
-5.709978
-4.125674
-3.130927
-1.799614
-0.698437
-0.527084
-1.601104
-3.107218
-5.706303
-7.562679
-7.758893
-7.051617
-5.246200
-4.030845
-3.285109
-1.859477
-0.834743
-0.175034
-1.361109
-3.053014
-5.227525
-7.481505
-7.605226
-6.294369
-5.134363
-4.221008
-3.402740
-1.980019
-0.908603
-0.229491
-1.355518
-3.302471
-6.024886
-8.110660
-8.544200
-7.675538
-5.962276
-4.274403
-3.753110
-1.815501
-0.485306
-0.198750
-0.677376
-2.972193
-5.341124
-6.791741
-6.385738
-5.796043
-3.959961
-2.772502
-2.116841
-0.769105
0.194412
0.616462
-0.082008
-2.641292
-5.435387
-7.515676
-7.516796
-7.090130
-5.850737
-4.562275
-3.708602
-1.390147
-0.103542
0.264648
-0.711199
-2.590839
-5.229848
-7.454570
-8.357177
-7.694464
-5.546251
-4.171840
-3.329254
-1.931915
-0.578685
0.016751
-1.167244
-3.396849
-5.672864
-7.325956
-7.946259
-6.525264
-4.894005
-3.875361
-2.526816
-1.853230
-0.206100
0.162594
-0.598124
-2.798211
-6.064015
-8.031365
-8.163699
-6.992377
-5.626694
-4.413333
-3.366100
-1.816689
-0.336214
0.172214
-0.685114
-3.232634
-6.043465
-7.999445
-8.075047
-6.374182
-4.464917
-3.173628
-2.664944
-1.484307
-0.534180
0.150109
-1.170450
-3.212033
-5.758252
-7.820136
-8.233310
-7.045669
-6.345715
-4.852609
-3.454217
-1.768418
-0.140415
0.424292
-0.445116
-2.230729
-5.269988
-7.037970
-7.339144
-6.756193
-5.532722
-4.110384
-2.574201
-0.534544
0.255602
0.739450
-0.420733
-2.179935
-5.121671
-7.530842
-7.837821
-6.876768
-4.761848
-3.078415
-2.320466
-1.059418
0.146558
0.634580
-0.414967
-2.727791
-5.461922
-7.326167
-7.478490
-6.576208
-4.744170
-2.698469
-2.069798
-1.475893
0.041195
0.481661
-0.544275
-2.823377
-5.236897
-7.271545
-8.410731
-7.487473
-5.962879
-4.465300
-2.835686
-1.453527
-0.445391
0.054747
-0.834974
-2.556129
-5.066947
-7.478931
-7.891702
-6.952602
-5.811496
-4.103150
-3.398975
-1.702474
-0.416155
0.033289
-0.211203
-2.639722
-5.007312
-7.399802
-8.202991
-6.629532
-4.385962
-3.365975
-2.135931
-1.158268
0.012832
1.018037
-0.047174
-1.822563
-4.414741
-6.817116
-7.524559
-6.422844
-4.850324
-3.497841
-2.490086
-0.744953
0.313907
1.007412
0.056582
-2.053745
-3.889076
-6.357983
-7.166668
-6.042973
-4.677074
-3.767408
-2.436435
-0.726964
0.971513
1.334261
0.455158
-1.588737
-4.255485
-5.921791
-6.030685
-5.310527
-3.532269
-2.159986
-1.682659
-0.432325
1.022470
1.178839
0.485353
-1.738277
-4.695529
-6.961893
-7.555703
-6.801278
-4.968788
-3.032543
-2.571445
-1.220864
0.169101
0.894373
-0.077195
-1.882572
-4.019714
-6.379557
-7.369417
-5.993450
-4.465837
-2.665631
-1.931561
-1.199600
0.047989
0.871775
0.549333
-1.833666
-3.944878
-5.929201
-6.865507
-6.046254
-4.165556
-3.874480
-3.038891
-1.257002
0.027752
0.615138
-0.063311
-2.161707
-4.917435
-7.171319
-8.247120
-7.066687
-5.145900
-3.671256
-2.589643
-1.347225
0.273746
0.945872
0.357850
-1.614866
-4.925762
-6.858597
-7.378644
-6.565420
-4.686515
-3.540606
-2.656213
-1.377546
0.300144
0.826349
0.161332
-2.286869
-4.805292
-6.977445
-7.361809
-6.272786
-5.274809
-4.007820
-3.174964
-1.265924
0.730713
1.323721
0.358606
-1.835121
-4.096715
-5.862951
-6.093274
-5.905464
-4.576984
-3.826256
-2.877721
-0.857019
1.143744
1.285988
-0.119452
-1.791985
-4.445643
-6.239330
-7.848527
-7.025288
-5.401155
-4.322557
-3.273017
-1.372046
0.467216
1.181589
0.508063
-1.675961
-4.826165
-6.906573
-7.847548
-6.788299
-4.940853
-3.840961
-2.848532
-1.512227
-0.159513
0.779007
-0.450415
-2.361504
-5.219883
-7.464734
-7.459199
-6.331990
-4.758362
-4.395788
-3.531461
-1.838682
0.235939
0.644665
0.056531
-1.893147
-3.860402
-6.207548
-6.691195
-5.294634
-3.635730
-2.656569
-1.632590
0.160649
1.169845
2.087163
0.658390
-1.770586
-5.047023
-7.222462
-7.596401
-6.163600
-4.903791
-3.649801
-2.202788
-0.470337
1.086695
1.850746
0.788383
-1.374381
-4.668035
-6.845657
-7.519774
-6.818432
-5.291597
-4.240788
-3.380044
-1.206652
0.554246
1.501333
0.461397
-2.203892
-4.740143
-7.197816
-8.245659
-7.245362
-5.662924
-4.647127
-2.870713
-1.427437
0.158751
0.630066
-0.270422
-2.158049
-4.628700
-6.545165
-7.039490
-7.069794
-5.530707
-3.983486
-2.764443
-1.161991
0.378325
0.561161
-0.314087
-2.185746
-4.825524
-6.792922
-7.901160
-6.698777
-5.012052
-3.555733
-2.271605
-1.143347
0.368736
1.383490
0.434769
-1.946372
-4.406187
-6.652020
-6.972189
-6.422128
-5.092300
-4.207947
-2.818456
-0.841878
1.058478
1.958048
0.787158
-1.361730
-4.257488
-6.206193
-7.380997
-6.135818
-4.501720
-3.125133
-1.953244
-0.400101
1.031575
1.673227
0.703609
-1.040861
-3.436916
-6.062715
-7.082663
-6.128250
-4.458891
-3.355700
-2.490677
-0.703012
1.333645
2.178295
1.202856
-1.038060
-3.582877
-5.926301
-6.832390
-5.712009
-4.056011
-3.182719
-1.964686
-0.500166
1.091303
1.895195
1.191546
-1.365671
-4.179559
-6.641657
-7.276535
-6.295720
-4.723815
-3.414969
-2.410156
-0.709849
0.665721
1.738886
0.580427
-1.781467
-4.619143
-6.831177
-7.594653
-7.186570
-5.552571
-4.588147
-3.557700
-1.672579
0.075274
1.699228
0.536968
-1.618271
-3.870808
-6.235577
-7.259754
-6.620269
-4.733253
-3.559463
-2.995923
-1.239119
0.480037
1.544117
1.002625
-1.315309
-4.526274
-6.976875
-7.686755
-6.524988
-4.418283
-3.326769
-1.895284
0.034231
1.754511
2.332125
1.132659
-1.130980
-4.104077
-6.572262
-7.439396
-6.141290
-4.304793
-3.240334
-1.976094
-0.600972
1.045324
1.712492
0.832439
-1.238180
-3.600169
-5.460453
-5.380479
-4.127784
-2.630939
-2.569912
-1.280688
-0.060680
1.682001
2.347679
1.463536
-1.067297
-3.942984
-6.281869
-7.177100
-6.332828
-4.484849
-3.097486
-1.931876
-0.267369
2.160011
2.737669
1.438576
-0.512597
-2.945937
-5.295995
-5.275221
-4.565022
-3.587431
-2.304714
-1.604557
-0.092904
1.858864
2.316368
1.111841
-1.027428
-3.725307
-5.823087
-6.053528
-5.285925
-3.486266
-2.696555
-2.085872
-0.360323
1.397470
2.803949
1.354628
-0.826714
-3.507369
-5.970318
-6.756419
-5.926178
-4.550638
-2.911342
-2.300257
-0.720284
1.336744
2.006786
1.136797
-1.339746
-3.584463
-5.375800
-6.226238
-5.634100
-4.391558
-3.249331
-1.878289
-0.639442
0.782164
1.998188
1.153247
-0.427986
-3.385813
-5.535553
-5.618151
-4.890429
-3.887683
-2.683614
-1.299904
0.379035
1.559498
2.500972
1.962426
-0.136169
-3.686326
-5.969823
-6.326404
-4.810293
-3.182397
-2.710838
-1.856214
-0.118979
1.996412
2.734722
1.826874
-0.031204
-3.447136
-5.356462
-5.792040
-3.891519
-2.876361
-2.535489
-1.465928
0.492546
2.084700
2.664280
1.433402
-0.729228
-3.257462
-5.961732
-6.272038
-4.946888
-3.796371
-2.643996
-1.235378
0.211241
1.878247
3.010845
2.115351
-0.073768
-2.769745
-5.043116
-5.645413
-4.878631
-3.380989
-1.969576
-0.791245
0.753159
2.862927
3.628191
2.769697
-0.020720
-2.895776
-4.717186
-5.650212
-4.925364
-2.726204
-1.641183
-0.754423
0.795773
2.663607
3.440580
2.309546
0.068297
-2.930487
-4.859164
-5.264148
-4.417742
-3.166338
-1.910858
-0.987935
0.643867
2.529044
2.752642
1.634583
-0.143194
-2.576056
-4.618967
-5.258364
-4.616750
-3.573323
-2.664557
-1.308849
0.593110
2.675298
3.026566
2.620234
0.986578
-2.089838
-4.162597
-5.190225
-4.830713
-3.743950
-2.146639
-0.877820
0.885303
2.784124
3.569090
2.772824
0.449742
-2.112804
-4.794406
-5.503548
-4.627402
-2.828197
-2.123277
-0.437264
1.365167
3.238780
4.029705
2.893370
0.289890
-2.200077
-4.699379
-4.884208
-4.462728
-3.121553
-1.841650
0.046208
1.094808
2.660192
3.270780
2.395521
0.387424
-2.559135
-4.627675
-5.427442
-4.249341
-2.898232
-2.426805
-1.596069
-0.048118
2.020181
3.366724
2.907810
0.732072
-2.222081
-4.105637
-5.056905
-4.637268
-2.975567
-1.360815
-0.307368
1.463520
3.214614
3.361455
2.890917
0.203121
-2.293433
-4.617544
-5.429717
-4.174927
-2.917938
-2.155392
-1.012430
0.705531
2.677483
3.936341
2.480609
0.187471
-2.120105
-4.441607
-5.308656
-4.521236
-3.954738
-1.634275
-0.901387
0.569765
2.962484
3.642630
3.081482
0.650362
-1.918789
-4.208592
-4.894337
-3.699147
-1.804267
-1.021134
-0.605500
1.146294
3.413533
4.009876
3.181520
1.388360
-1.129979
-2.891056
-3.608562
-2.583502
-1.812731
-1.130329
0.308842
2.095426
3.727885
4.509039
3.599218
1.415940
-1.418349
-3.147297
-3.804368
-3.402639
-2.153800
-0.971664
0.475246
1.340257
3.590612
4.596094
3.588649
1.843799
-1.309550
-3.693398
-4.391645
-3.345421
-1.614576
-0.671320
0.257944
1.832603
4.010720
4.718241
3.923354
1.779093
-0.758693
-3.049399
-3.633276
-3.012603
-2.157513
-0.371423
0.764683
2.411547
4.650171
5.317518
4.221572
2.086151
-0.913160
-3.315430
-4.217390
-3.427464
-2.262053
-0.503734
0.171338
2.159442
4.738951
5.338318
4.780647
2.643519
-0.582994
-3.108982
-3.639266
-2.264120
-0.331345
0.387070
1.284901
2.374719
4.745481
5.654886
4.827559
2.187469
-0.372803
-2.854792
-3.630327
-2.552046
-1.572133
-0.549999
0.849407
2.995502
5.291327
5.485506
4.126388
2.040094
-0.794354
-2.920184
-3.679824
-2.608685
-1.356771
-0.147442
0.782777
2.741985
4.355905
5.076677
4.298771
2.083161
-0.404868
-2.684717
-3.510125
-2.892351
-1.647568
-0.476596
0.913539
3.002568
4.937479
5.592192
4.638193
2.295974
-0.731120
-2.811930
-3.605991
-2.081383
-0.725393
0.276057
1.121668
2.698427
4.881357
5.843435
5.074465
2.640441
-0.118072
-1.991874
-2.931334
-2.043148
-1.167252
-0.134734
0.601312
2.459720
4.744888
5.934605
5.363714
3.646935
0.925956
-1.236485
-1.817585
-1.517777
-0.731506
0.273415
1.431096
2.933530
5.105564
6.086325
4.955046
2.581116
-0.298644
-2.465477
-3.141800
-2.089908
-0.323990
0.851510
1.436457
2.936168
4.998531
5.719969
4.802065
2.572442
-0.055721
-1.750214
-2.988699
-2.357902
-0.507686
0.211017
0.817076
2.675133
4.821215
5.729227
4.490524
2.218447
-0.396261
-2.197250
-2.303023
-1.784057
-0.317886
1.001832
1.429894
3.064197
4.887171
5.243567
4.788946
2.996696
0.575348
-1.121625
-1.455735
-0.969854
0.375959
1.582806
2.254827
3.365003
5.297888
6.170103
5.344555
2.858554
0.149794
-1.643368
-2.606165
-2.144692
-0.486650
0.527253
1.246400
3.247928
5.674974
6.188688
5.214609
2.442642
-0.232244
-2.039672
-2.337878
-1.091007
0.922493
1.245686
1.521442
2.791609
5.299402
6.063955
4.775961
3.217606
0.793543
-1.725123
-1.913155
-1.609157
-0.891471
0.010344
1.513762
2.932937
4.863913
5.578224
5.060856
3.039698
0.886729
-0.991734
-1.495672
-0.124968
0.720528
0.725626
1.527114
3.443322
4.796679
5.861288
5.125475
3.358407
0.738008
-1.103228
-1.399571
-1.049306
0.149973
0.849621
2.005831
3.889004
5.957438
6.526838
5.635927
3.647226
1.099770
-1.100491
-1.567995
-0.878016
0.526581
1.455065
2.913629
4.928068
6.787432
7.258726
5.984690
3.803924
0.755155
-1.084846
-1.209681
-0.457993
1.196033
1.797731
2.700494
3.785638
5.997625
6.769588
5.549765
3.758340
0.944104
-0.552446
-1.615558
-0.684765
0.923485
1.981075
3.067019
4.605286
6.277842
6.552534
5.463659
3.512040
1.248038
-0.628610
-0.889119
-0.384926
0.830639
1.514942
2.570401
4.323382
6.289299
6.527842
5.584612
3.722597
1.272229
-0.840410
-1.550504
-0.493084
0.599285
1.490065
2.629393
4.650621
6.145102
7.138262
6.391422
4.179274
1.538419
-0.573965
-0.854090
-0.084473
0.616987
1.734669
2.699732
4.197898
5.842028
6.248528
5.508677
3.570146
0.978757
-0.890635
-1.869637
-1.308842
0.052296
1.238277
2.322877
3.821224
5.536768
6.284410
5.362123
3.734955
1.248173
-0.792301
-1.252527
-0.619303
1.344604
1.736275
2.870678
4.503740
6.265244
6.766836
6.228151
4.162342
1.629802
-0.630910
-0.852354
0.162916
1.357264
1.579227
2.549949
4.485353
5.979864
6.521778
5.602608
3.541979
1.563396
-0.529311
-0.926245
-0.026159
0.878578
1.547884
2.483888
4.314003
5.772224
6.355478
5.660608
3.498018
0.675735
-0.713320
-1.008931
-0.146421
0.431137
0.957806
1.505101
3.927382
5.753172
6.459324
5.779753
3.999619
0.928316
-1.060560
-1.815714
-0.802063
0.649015
1.766008
2.095716
4.283293
6.100603
6.461317
5.413698
4.006709
1.181051
-0.914083
-1.000049
-0.710012
0.592228
1.917971
3.027937
5.413935
7.557734
7.983484
6.473255
4.333777
2.174486
0.038589
-0.522720
0.575443
1.514183
1.933031
2.496392
5.059462
6.952898
7.136843
5.935057
3.789123
0.904849
-0.666804
-1.188464
0.320757
1.451387
1.754526
2.246821
3.759559
5.796782
6.205330
5.554636
3.289390
1.558863
-0.755534
-1.538915
-0.697998
0.707264
1.248022
2.228170
3.863341
6.312910
7.178402
6.149984
3.732265
1.446810
-0.463909
-1.525947
-0.320843
0.902296
1.804462
2.507839
4.291359
6.518219
6.613119
5.951643
4.113578
1.356295
-0.194201
-1.184506
-0.160152
1.076006
1.615902
2.339474
4.105822
6.524881
7.223661
6.028555
3.774483
1.088554
-0.712760
-1.399630
-0.730160
1.006456
1.778419
2.325686
3.658027
5.629198
6.792398
5.805107
3.221865
0.873977
-0.651775
-1.282946
-0.308805
1.320227
1.960100
2.787994
3.836701
5.770758
6.597349
5.818733
3.827720
1.064567
-0.685585
-1.475754
-0.464128
0.615826
1.501022
2.593863
4.038736
6.441925
7.147041
6.431345
3.852511
1.308798
-0.804459
-1.167131
-0.388813
0.977070
1.821756
3.013717
4.565153
6.554438
7.159655
5.736084
4.103053
1.471534
-0.255466
-0.221231
0.245930
1.417845
2.259916
3.242778
5.224447
7.046907
8.244825
6.544636
4.120764
1.768232
-0.351543
-0.921578
-0.545689
0.257181
1.298471
2.455964
4.456702
6.775084
7.535563
6.261599
4.451959
1.444838
-0.262119
-0.568183
0.911800
1.391737
1.658268
2.837885
5.077593
7.308641
8.088877
7.636572
5.124546
2.230841
0.261028
-0.471725
-0.185350
1.074471
1.995327
3.245067
5.447865
6.756426
7.022102
6.407825
4.386119
1.843592
-0.107927
-1.149959
-0.664394
0.512955
1.352686
2.471014
4.593443
6.042604
7.022768
6.045069
4.083624
1.781427
-0.882635
-1.476200
-0.726864
0.539883
1.119947
2.116176
4.066545
5.963705
6.630033
5.859076
4.101062
1.444906
-0.715323
-0.616625
0.068422
0.776501
1.250183
2.452254
4.549318
6.416365
7.089739
5.850630
3.443492
0.250874
-1.650099
-1.814122
-0.901370
0.441675
1.192724
2.156999
3.643404
5.474611
6.148796
5.684774
3.347018
1.064975
-1.190495
-1.718744
-0.875858
0.368309
1.468967
2.269262
3.849804
5.694328
6.809938
6.447636
4.025080
1.400650
-0.758091
-1.887046
-0.608624
0.679966
1.392361
2.610361
4.194114
6.392523
7.032682
5.823092
4.060077
1.754943
-0.185345
-0.576493
-0.282509
0.973463
1.672022
2.897305
4.845167
6.982468
7.693140
7.004843
4.730314
1.690963
0.163030
-0.696911
-0.119246
1.178867
1.231814
2.697530
4.773603
6.909388
7.535551
6.810526
4.060735
1.683313
0.137690
-0.705363
-0.337212
0.702579
1.513672
2.889744
4.489191
6.837492
7.164740
6.390009
3.600733
1.162263
-0.675466
-1.389623
-0.073647
1.032564
1.772387
2.527385
4.502122
6.426336
6.783054
5.610817
3.473179
1.086745
-0.734587
-1.429912
-0.503948
0.668243
1.590027
2.155366
3.710450
5.163980
5.877474
5.381647
3.107847
0.482969
-0.682076
-0.814952
-0.252110
1.059786
1.848524
2.480865
3.481594
5.262623
5.791206
5.278151
2.991367
-0.208508
-1.517929
-1.459093
-0.215786
0.300613
0.941811
2.018343
3.631412
5.361517
6.317154
5.498804
3.635309
1.390437
-0.832779
-1.394960
-0.386789
0.572428
1.819704
2.370654
4.006711
5.606831
6.771713
5.573904
3.604266
0.836459
-0.752648
-1.652188
-0.909655
0.613674
1.108988
2.398690
4.506206
6.275530
7.267157
6.436575
4.120432
1.423523
-0.393946
-1.178472
-0.821305
0.787279
1.369251
2.592030
4.700167
6.273355
7.134954
5.740746
3.860367
1.595272
-0.915121
-1.322699
-0.032576
1.127153
2.265451
3.079116
4.478640
6.771116
7.218596
5.717890
3.560990
1.249199
-0.533395
-1.125156
-1.102955
0.424686
1.151350
2.090606
4.193998
6.849710
7.699785
6.669828
4.172224
1.554138
-0.285180
-1.066052
-0.671478
0.129414
0.688324
2.550101
4.653147
6.186644
6.898529
5.522318
3.923272
1.376098
-1.266567
-2.171333
-1.267481
-0.005047
0.743602
1.731441
4.326758
6.459044
7.218321
6.498808
4.422062
1.650628
-0.710184
-1.713742
-0.892291
0.417128
1.217227
2.812815
4.656473
6.487873
6.870888
5.736498
3.524824
0.811679
-1.067472
-1.755668
-1.208067
0.026890
1.390018
2.439924
4.281909
6.385439
6.898209
5.609896
3.183932
0.868559
-1.347817
-1.921426
-1.433319
-0.034147
0.603672
1.628556
3.451864
4.961409
5.811670
5.392801
3.424123
1.153171
-0.980867
-1.673669
-0.918494
0.318714
1.563341
1.994848
3.848591
5.736946
6.224943
5.389601
3.181090
0.851305
-0.636239
-1.077285
-0.533710
0.645872
1.194475
2.023645
3.959499
5.850271
6.705486
5.678709
3.242023
0.642778
-1.214241
-1.591678
-0.713495
0.279543
1.152933
1.905865
4.125602
5.948353
6.724394
5.268023
3.489164
1.408996
-0.817026
-1.762213
-1.102760
0.458942
0.956052
2.037539
3.849615
6.279280
7.210812
6.222286
3.838984
1.121058
-0.172035
-1.059503
-0.826178
0.450499
1.409195
2.341877
4.081698
6.476377
7.427528
5.436544
3.544154
1.036447
-1.055895
-1.152864
-0.888283
0.085894
1.279472
2.458725
4.225255
6.297150
7.568268
6.712179
4.434964
2.157343
-0.418786
-1.351981
-0.623228
0.146027
1.659010
2.664889
5.022058
7.255346
7.841021
6.575911
4.101261
1.834120
-0.349089
-1.272882
-0.247551
0.731491
1.381897
2.511022
5.353956
6.896446
6.840200
6.213001
4.051244
1.709394
0.167624
-1.034473
-0.624061
0.321548
1.797985
2.500087
4.088010
5.955948
6.720743
5.744959
3.854249
1.479847
-0.237809
-0.773494
-0.255098
0.795883
1.423010
2.502211
4.235719
6.047358
6.924952
6.390488
4.133677
1.445844
-0.600906
-1.305514
-1.064462
0.213505
1.631983
2.369217
4.714506
7.091705
7.901854
6.474699
4.494512
1.720929
-0.515017
-0.718273
-0.774948
0.551001
1.503333
2.243688
4.274811
6.601427
7.316435
6.406033
3.909520
0.613766
-1.024739
-1.225587
-0.502830
0.692692
1.193856
2.056448
4.308562
5.949081
6.725248
6.085993
3.267894
1.188304
-0.538879
-1.323765
-0.447744
0.924314
1.007985
2.147539
4.135707
6.478228
6.955626
5.784105
3.520616
0.946809
-1.309101
-1.998756
-1.138142
0.929066
1.106933
2.219839
4.219405
6.244617
7.037226
6.232439
3.910211
1.393381
-0.680227
-1.189867
-0.636646
-0.116735
0.721412
1.957705
3.782333
5.748819
6.213911
5.556456
2.750496
1.026109
-1.148205
-1.768376
-0.336542
0.183491
0.602895
2.393938
4.595961
6.346231
7.476454
6.852194
4.361807
1.842686
-0.083895
-0.564095
-1.006042
0.883696
1.636196
2.399657
4.458858
6.752413
6.918188
5.645407
3.515993
0.651148
-1.690370
-2.183818
-1.174530
0.393671
1.316504
2.511746
4.434009
6.154993
6.786716
5.234789
3.242134
0.600126
-1.308408
-2.393218
-1.492117
-0.067839
0.932763
2.163522
4.002327
5.900148
6.559149
6.031477
3.532687
1.537400
-1.023767
-1.542633
-0.688099
0.613483
1.071640
1.953116
3.802702
5.898287
7.200941
6.042479
3.847384
1.815126
-0.271107
-0.675094
-0.533453
0.720118
1.869713
3.244022
5.359962
7.126028
7.192360
6.004803
3.121787
0.622984
-1.139718
-2.132294
-0.779933
0.920197
1.210915
2.179530
3.996314
5.637953
6.580885
5.745230
3.799428
1.014023
-1.118556
-2.113504
-1.636498
-0.202845
0.818241
2.332480
3.670075
5.755964
6.698103
5.679422
3.316542
1.256559
-0.483092
-1.218588
-0.390322
0.787664
1.528128
2.081649
4.051912
5.484056
6.426710
5.987780
3.406863
1.173311
-0.618771
-1.258047
-0.835538
-0.002308
1.551724
2.957653
4.851278
7.133989
7.457697
7.316200
4.662773
1.220065
-0.237730
-1.156826
-0.838827
0.292065
0.985460
2.440267
4.754606
6.791185
7.090117
6.277544
3.960632
1.373319
-0.706968
-0.943163
-0.098495
0.429440
1.696342
2.988319
4.341928
6.166502
6.736593
5.571894
3.640544
1.042432
-1.525019
-1.416545
-0.463511
0.551125
0.900362
1.907825
4.014365
5.914696
6.496141
5.914639
3.572811
1.190404
-1.205264
-1.781571
-0.696991
0.704937
1.155630
2.326330
4.173529
6.288639
6.310635
5.406397
3.538795
1.356118
-0.886209
-1.972835
-1.349567
0.144449
1.128516
2.125497
3.947218
5.417006
6.118670
5.504622
3.217882
0.535418
-1.379109
-1.542521
-0.306662
1.224808
1.504513
2.677016
4.127502
6.447733
6.741169
5.712503
3.590740
1.082324
-1.003257
-1.808571
-1.065418
0.353186
1.553465
1.958795
4.354593
5.982359
6.986961
5.640131
3.629037
1.036984
-0.658834
-1.141612
-0.871486
-0.011076
0.861458
1.696629
3.538031
5.742464
6.358221
5.077188
2.956487
0.527495
-1.067939
-1.873124
-1.140471
-0.289092
0.634296
1.804229
3.781048
5.427944
6.298250
4.621424
2.515337
-0.112039
-1.505242
-1.934803
-0.447162
1.364052
1.673100
1.763517
3.520925
5.060045
5.745474
4.983500
3.294384
0.760599
-1.327205
-2.181743
-1.707515
-0.648205
0.757962
2.499590
4.333891
6.196653
7.103765
5.474524
3.106891
0.385367
-1.651604
-1.676056
-1.228544
-0.437560
0.955846
1.513069
3.773864
5.988600
6.529224
5.776983
3.622535
0.815775
-1.232186
-2.055452
-0.835972
0.261789
0.821992
2.003510
4.290183
6.591169
6.825762
5.903093
4.582615
1.722552
-0.600107
-0.749101
-0.200602
0.840242
1.148883
1.663126
3.748701
6.133986
7.446926
6.445589
3.612722
0.868806
-0.969017
-1.867451
-1.331110
0.338766
1.057949
1.867165
4.279078
6.041714
6.246067
5.535391
2.717109
0.280641
-1.634555
-2.507281
-1.879598
-0.199030
0.521837
2.004190
4.055498
5.731539
6.954782
5.653856
3.518660
0.614329
-1.370355
-1.527079
-0.482716
0.485424
1.339125
1.992352
3.468404
4.876026
6.062941
5.146858
3.047178
0.671128
-1.253972
-1.980734
-1.604419
-0.727446
-0.065834
1.375869
3.271343
6.032562
6.309912
5.428114
2.579532
-0.117671
-2.300702
-2.920212
-1.407504
-0.089006
0.484171
1.529423
3.185128
5.025030
5.800158
5.037485
2.809632
0.043423
-2.142724
-2.440076
-1.744661
-0.360229
0.379269
1.570587
3.080707
4.625660
5.592667
4.725504
2.873032
0.716146
-1.254659
-1.514885
-0.882660
0.488901
0.515827
1.437923
3.203810
5.505405
6.361549
5.410019
3.053862
0.684175
-1.055373
-1.596216
-0.962502
0.730398
1.140993
2.109455
4.163035
5.707293
6.597742
5.662352
3.559909
0.708176
-1.436404
-1.620234
-0.597895
0.659664
0.998890
2.511953
4.677490
6.079603
6.594534
5.784134
3.173921
0.477576
-1.808661
-1.536947
-1.222640
-0.483879
0.720602
1.407530
3.471082
5.630449
6.531446
5.820690
3.326304
0.715420
-1.793524
-3.064711
-2.216153
-0.632961
0.466154
1.340922
3.369091
5.496252
6.277983
5.171202
2.629854
0.550582
-1.807234
-2.075005
-1.427662
-0.430336
0.795747
2.039921
3.887069
6.310720
6.802191
5.891357
3.093969
0.353439
-1.203603
-1.711606
-0.719590
0.398607
0.985643
2.478918
4.007185
6.046093
7.028849
5.754774
3.525856
0.616535
-0.634928
-1.174251
-0.669573
0.174105
0.506843
1.700574
3.790342
6.302717
7.134382
6.351545
4.136569
1.235107
-0.936310
-1.435479
-1.164174
0.482719
1.207533
2.008450
4.053742
5.644274
6.431719
5.403101
2.863294
0.129519
-1.935040
-2.361654
-1.926723
-0.388628
0.860839
1.935038
3.402400
5.741543
5.728621
5.251177
3.294113
0.770211
-1.055741
-1.707108
-0.988975
0.263010
0.879647
1.835100
3.630518
5.554907
6.195303
4.974710
3.066899
0.360831
-1.832710
-1.846283
-0.938550
0.113724
0.838261
1.970022
3.728042
5.754686
6.495375
5.640051
2.997082
1.013883
-1.250179
-2.160982
-1.601170
0.004446
0.657466
1.714602
4.082464
6.148718
7.087957
6.209871
3.758688
0.841513
-1.178360
-1.156813
-0.277962
1.033421
1.782822
2.720912
4.173813
5.988089
6.537468
5.564882
3.078985
1.026375
-1.278226
-1.336171
-0.559774
0.110483
1.072863
2.283575
3.947648
6.216795
6.700319
5.190231
3.367058
1.268282
-0.706049
-1.442202
-0.831305
0.542450
1.138857
1.767319
3.634239
5.698845
6.290522
5.295416
2.850977
0.701232
-1.033398
-1.856044
-0.764507
0.495970
0.985908
1.713145
3.469296
5.961124
6.914282
5.572254
3.507466
0.847219
-1.373151
-2.040157
-1.438119
-0.580818
0.624253
2.039100
3.442259
5.499752
6.181400
5.411997
2.861299
0.519279
-1.732348
-3.025407
-2.518558
-1.101221
0.150077
1.511269
4.048648
5.642485
5.833860
4.473896
2.614562
0.055451
-1.848282
-1.980989
-0.824776
0.536772
0.719477
2.471638
4.311022
6.240282
6.941481
5.458801
3.445407
0.833045
-1.425792
-2.365854
-1.383788
-0.526251
1.354620
2.474720
4.334774
6.235897
7.364100
6.402018
3.862955
0.866403
-1.411655
-1.574305
-0.844497
0.219048
1.057310
2.210569
4.113085
5.897562
6.007212
5.127871
2.658920
-0.158023
-1.598847
-2.349802
-1.518113
-0.128208
0.356055
1.772012
4.214189
6.490511
7.425392
6.603823
3.810043
0.953619
-1.241622
-2.328116
-1.499834
0.211348
0.848367
2.356593
4.514068
6.156805
7.399559
6.064249
3.716892
0.945437
-0.953955
-2.427904
-1.916886
-0.824060
0.349628
1.935946
4.435532
5.918791
7.306915
6.085779
3.168302
0.908445
-1.319237
-1.757881
-1.393473
0.307970
0.811368
2.080704
4.265649
6.138315
6.944288
6.008593
3.928942
0.819236
-1.637883
-2.004105
-1.435526
-0.764556
0.050325
1.666139
4.176414
5.884510
6.109121
5.168091
3.347838
1.010024
-0.932161
-1.639940
-0.686922
0.516617
1.448337
2.082047
4.098448
6.163361
7.173647
5.924997
2.961943
0.153901
-1.592155
-1.648881
-1.020835
0.576918
1.416937
1.979693
3.725910
6.031557
6.752783
5.189928
3.085853
0.230339
-1.284662
-1.358633
-0.766670
0.859591
1.994137
2.287852
4.102051
5.950666
6.915758
6.096357
3.648374
1.554836
-0.600600
-1.501507
-0.998871
0.304804
1.219149
2.568076
4.525629
6.510572
7.002302
5.452126
3.341091
0.968159
-1.108447
-1.594410
-0.362706
0.287958
0.769720
1.956118
4.117398
6.119337
6.532986
5.413284
2.658592
-0.311883
-2.194935
-2.146399
-1.552910
-0.842672
0.146738
1.858342
3.728868
5.674227
6.273748
4.950994
3.047705
1.055677
-1.639956
-1.893083
-1.097830
0.039125
0.470937
1.737512
3.155672
5.037054
5.484650
4.358398
2.530190
0.134833
-2.390919
-3.179282
-2.371735
-0.664577
0.481730
1.269755
3.336300
5.132402
5.947641
4.831285
3.219443
0.609419
-1.736853
-2.587043
-1.831270
-0.560935
1.118073
1.795352
3.976674
5.993155
6.862890
4.901941
3.239085
1.167707
-1.211742
-1.749825
-1.008009
0.337999
0.830507
2.308764
3.969481
6.347452
7.000574
5.270456
3.252910
0.551937
-1.591702
-1.662415
-1.610066
-0.328938
1.166782
2.505893
4.012148
5.706518
6.508623
5.614523
3.329160
0.078344
-2.055876
-2.349621
-1.353396
0.100657
0.389324
1.859260
3.452312
5.423151
5.775202
5.033472
3.211720
0.998150
-0.837082
-1.738156
-1.082806
0.265690
0.846097
2.187945
4.189647
6.034336
6.518385
5.900919
3.410617
0.826856
-0.867482
-1.251168
-0.718583
0.287727
0.882401
2.489818
4.736631
6.960289
7.020479
6.875172
3.813459
0.894259
-0.768528
-1.388379
-0.495464
1.104792
1.239669
2.194948
4.320588
6.609867
7.110279
5.909338
3.527023
1.260447
-1.261122
-2.338192
-1.671627
-0.508285
0.611330
1.862064
4.297668
6.339373
6.828005
6.110331
3.367214
0.682775
-1.080789
-1.830105
-1.099807
0.292702
0.947438
1.825038
3.952913
6.306040
6.372070
5.454334
3.138777
0.297842
-1.887842
-2.190088
-1.475019
-0.388275
0.698591
1.988162
4.196310
6.194180
6.362749
5.560907
3.437939
1.155931
-0.810410
-1.747286
-1.257258
-0.030079
0.579172
1.766814
3.744522
5.826525
6.658861
5.986841
3.748508
0.532978
-1.705697
-2.115279
-1.142143
-0.234644
0.804891
2.417408
4.243670
6.294680
6.561390
5.690382
3.046518
0.635444
-1.221499
-1.529434
-0.784582
0.009920
0.738317
2.643654
4.112314
6.246305
6.705767
5.434210
3.530020
0.645950
-1.209402
-1.906105
-1.154728
0.166203
0.843425
2.092952
4.103258
6.635607
8.098696
5.826588
3.355976
1.154521
-1.479365
-2.284169
-1.021997
0.090881
1.048385
2.305861
3.743971
6.144300
6.908453
6.138702
3.604625
0.745869
-1.372749
-2.356835
-1.953838
-0.569399
0.211780
1.717056
3.876503
6.187809
6.675375
5.375864
3.800896
0.665120
-1.785522
-2.438033
-1.740335
-0.228811
0.679284
2.022773
3.751215
5.764715
6.196585
5.527807
3.219052
0.961039
-0.928347
-1.393412
-0.648074
0.690729
1.176700
2.241012
3.770552
5.882757
6.344168
4.959534
2.734039
0.415563
-1.576460
-2.321875
-1.126133
0.123425
0.992865
2.802231
4.545490
6.149063
6.310854
5.205534
3.094064
1.191963
-0.599460
-1.949870
-1.230746
0.080605
1.006876
1.966887
3.720325
5.646353
6.493307
5.840321
3.797963
1.034664
-0.735227
-1.110895
-0.478333
0.509460
1.178081
2.169416
4.282540
6.081015
7.187401
6.158110
4.275264
1.127338
-1.342331
-2.080520
-1.005114
0.507198
1.406147
2.466678
4.833426
6.402048
7.198200
6.340715
3.692404
0.940032
-1.367503
-2.142678
-1.305707
-0.090599
0.464953
1.773462
3.929128
5.738192
6.784491
5.697851
3.850030
1.647894
-0.978938
-1.389755
0.096176
0.485813
1.030430
2.406094
5.146374
7.082331
7.177961
5.739889
3.672664
1.448064
-0.624203
-1.312099
-0.981462
0.382559
1.420938
2.676282
4.761393
6.518995
7.090403
5.946356
3.904335
1.148623
-0.943099
-1.939155
-1.400322
0.443243
1.164654
2.590468
4.265138
6.625780
7.560030
6.563204
3.748057
0.567967
-1.899706
-2.640453
-0.757197
-0.256372
0.159569
1.417478
3.492400
5.857996
6.092550
5.568552
3.463828
0.920703
-1.920190
-2.577484
-1.812038
-0.808875
0.993717
1.361639
3.086113
5.202696
6.486824
5.139473
2.282717
-0.212476
-2.592142
-3.055181
-2.423143
-0.665708
0.648186
1.892272
3.693879
6.037088
6.771936
5.988230
3.355063
0.552314
-1.511444
-2.309419
-1.622342
-0.041919
0.643085
2.423960
3.692441
5.459789
5.922216
4.790026
2.626925
0.067316
-1.806709
-2.198781
-1.556741
-0.583659
0.389757
1.845472
3.369432
5.462759
5.892448
4.565828
2.724530
0.267637
-1.490719
-2.139873
-1.075041
-0.124912
0.132314
1.493034
3.698437
5.712112
5.917570
4.933928
2.650498
0.261760
-1.757232
-2.378598
-1.413095
-0.327338
0.316658
1.434282
3.634489
5.600744
6.240623
5.323732
3.512093
0.797424
-1.105817
-1.793604
-1.473734
-0.190841
0.909181
2.140656
4.646540
6.410852
6.625036
5.201420
3.088944
0.124031
-2.126279
-2.377722
-1.091160
-0.311738
0.045800
1.394088
3.490642
5.941862
6.838631
5.519457
2.988241
0.399050
-1.196847
-1.731300
-0.935477
0.165062
0.264733
1.064291
3.585186
6.449078
6.964159
5.966856
3.830267
0.608331
-1.616484
-2.938701
-1.788753
0.063196
1.231488
1.410120
3.581045
5.815199
6.145391
5.137300
3.014905
0.157836
-0.896801
-1.257403
-1.161068
-0.177315
0.654943
1.405355
3.027559
5.456253
5.954947
4.748877
2.852670
0.579781
-1.724983
-2.207836
-1.137127
-0.327447
0.445093
1.384715
4.055313
5.764482
7.064137
6.374302
4.295291
1.395328
-0.605538
-1.535484
-0.231356
1.112967
1.512671
2.479673
4.626669
6.766909
7.295557
6.591871
3.895785
0.899447
-0.805565
-1.314749
-0.695669
0.655497
1.525073
1.899986
3.953897
6.196131
6.415155
5.504507
3.169189
0.776638
-0.985109
-1.646231
-1.090091
0.005552
0.666276
2.310729
4.190379
6.272257
6.808622
6.073599
3.479718
1.086707
-0.922143
-2.223305
-0.861995
0.418518
0.814264
2.121742
3.688716
5.601042
6.040573
5.017756
3.573093
0.885464
-1.477964
-1.979127
-0.732740
0.185217
0.707680
1.876030
3.566458
5.654997
6.662191
5.232018
2.937627
0.516136
-1.662004
-2.297657
-1.753692
-0.528742
0.615834
1.765110
4.028419
5.933205
6.491205
5.256926
3.404574
0.307212
-1.870790
-2.255472
-1.105577
0.405010
0.905803
1.450374
4.279362
6.473680
6.797926
6.282881
3.484186
0.821334
-1.196224
-2.328338
-2.278432
-0.621698
0.871210
1.907365
4.231225
5.687923
6.155874
5.492781
3.043170
0.319229
-1.510530
-2.470009
-1.410971
-0.732748
0.035073
1.462502
3.539854
5.298164
6.935476
5.657616
3.521638
0.671845
-1.146030
-2.300877
-1.177889
0.065213
0.804380
1.704619
3.968647
6.248484
6.736130
5.392340
2.807685
0.285783
-1.629334
-2.322961
-1.782043
-0.088397
0.032942
1.671284
3.280354
5.550901
5.838022
4.755030
2.742933
0.506568
-1.539227
-2.767820
-1.382396
-0.094285
0.737683
1.634563
4.036160
6.540110
7.289221
5.788500
3.146722
0.918240
-1.404691
-2.660887
-1.886578
0.007467
1.107737
1.915444
4.434996
6.384031
6.558249
5.397711
3.385629
0.189544
-1.535695
-1.941936
-1.224609
-0.146598
0.787588
2.271358
4.432899
6.695261
7.080538
5.910894
3.171242
0.498904
-1.560715
-1.519628
-1.155746
-0.309040
-0.000508
1.605778
3.566895
5.737154
6.394079
4.995787
2.953077
-0.145742
-2.187297
-2.488608
-2.451802
-1.074522
0.019094
1.614850
3.384892
5.273329
6.001741
4.735407
2.500055
-0.110868
-2.296435
-2.926957
-2.072643
-0.543619
0.126881
1.266806
3.295341
5.405752
6.021994
4.650581
2.434448
-0.257793
-2.133868
-3.132168
-2.182118
-1.281758
0.203107
1.483563
3.246493
5.495262
5.363008
4.533609
2.394782
-0.290286
-2.238521
-2.855299
-1.629539
-0.481383
0.599456
1.436951
3.417001
5.515806
5.791927
4.452809
2.937859
0.671474
-1.420761
-2.181537
-1.184492
-0.419694
0.476484
1.935179
4.005123
5.896961
6.725643
5.668928
3.429589
0.611809
-1.165051
-2.109534
-1.181830
-0.331095
0.625219
1.474786
3.628334
5.684740
6.712206
5.813711
3.184299
0.452672
-1.800638
-2.553415
-1.679170
-0.287686
0.495484
1.375727
3.548421
5.264383
5.561869
4.509445
3.338925
0.446153
-1.604061
-2.181434
-1.478315
0.280476
0.808073
1.986736
3.910780
5.343851
5.567760
4.701109
2.515854
0.286860
-1.676389
-2.100430
-1.417608
-0.190441
0.974962
1.886353
3.233053
5.445948
6.227722
5.577309
3.498735
0.725209
-1.005526
-1.800083
-1.475989
0.107635
0.832515
2.136573
3.749545
5.861969
6.114454
5.141901
3.184318
0.917779
-0.849778
-1.376838
-0.487952
0.299988
0.906230
1.811485
3.979596
6.182871
6.543013
5.496618
3.077435
0.752944
-1.624914
-2.100269
-0.748265
0.666767
0.929791
1.973581
3.795934
5.705873
6.680288
6.197676
3.932836
1.221581
-0.576974
-1.682826
-1.059271
0.131641
0.755233
1.586415
3.729228
5.805696
6.769169
6.220186
3.688506
1.382530
-1.034468
-1.339685
-0.593351
0.523781
0.803831
2.114023
4.111223
6.432161
7.052847
6.400745
4.233128
1.003233
-0.975587
-1.727827
-0.820630
-0.055006
1.070145
2.165757
4.082270
5.824680
6.396906
5.071276
2.767574
0.045391
-1.478496
-2.130095
-1.541088
-0.090542
1.464129
1.947937
4.013752
5.980280
6.564548
5.547701
3.443205
0.612934
-1.836292
-2.031002
-1.665539
-0.871114
0.398601
1.573102
3.748237
5.658602
6.682852
6.391953
3.983728
1.090858
-0.923314
-2.258746
-1.134119
0.237026
1.186744
2.237860
4.469991
6.512091
