6.753680
6.071702
3.556389
0.639624
-1.097492
-1.853158
-1.272060
0.110325
1.447579
2.901455
4.583999
5.860597
6.411849
6.124717
3.328301
0.440700
-1.504966
-2.399349
-1.562122
-0.638157
0.547514
1.681949
3.704483
5.614196
6.265859
5.077231
2.735474
0.069234
-2.104729
-3.063829
-1.660254
-0.405756
0.378487
1.663302
3.556231
5.923568
6.370929
5.827502
3.028255
-0.129882
-2.356902
-3.073515
-2.614038
-0.941410
0.388163
1.748508
3.786674
5.670402
6.319667
5.142573
2.395798
-0.425648
-1.995889
-2.517224
-1.897341
-0.513868
-0.012522
1.290793
3.396702
5.183827
6.018401
4.615205
2.313033
0.175305
-1.827667
-2.715936
-2.356398
-1.141106
-0.053738
1.539468
3.601378
5.677135
6.354060
5.040374
3.193042
0.398252
-1.564185
-2.351812
-1.591513
-0.190724
0.450606
1.830255
3.952448
6.082442
6.640952
5.718661
3.143691
0.265149
-2.111069
-2.520901
-1.850559
0.123557
0.770813
1.366127
4.250532
6.167541
6.859168
6.103827
3.601651
1.003743
-0.864808
-1.586123
-0.835456
0.366267
0.890765
1.902748
4.110985
6.575488
7.436851
6.401958
3.714766
0.836905
-1.561008
-1.995337
-0.724824
0.404998
1.071671
2.103240
4.310624
6.279435
6.730948
5.454547
3.603682
0.676447
-1.576781
-2.779494
-1.902854
-0.581233
0.350657
1.816362
3.748965
5.825545
6.500648
5.467944
3.128251
-0.008604
-1.947214
-2.814725
-1.955789
-0.328456
0.508789
1.817507
3.518456
5.815845
6.483996
4.900317
2.837251
0.348997
-1.565034
-2.672009
-2.005866
-0.415945
0.073402
1.476217
3.848622
5.932931
6.598807
5.329970
2.893829
-0.091530
-2.037565
-2.901316
-2.433944
-0.677405
0.411658
1.791338
3.991366
5.691287
6.101193
4.822164
2.859630
0.484945
-1.804936
-2.177252
-1.501033
-0.377951
0.614805
1.040009
3.643934
5.763930
6.631396
5.534938
3.234776
0.432931
-1.457519
-2.129827
-1.016700
0.480861
1.346009
1.766281
3.336849
5.612412
7.087737
5.628589
3.418251
0.113515
-1.793779
-2.237958
-1.251074
0.495522
1.183472
1.883753
3.821701
5.676782
6.704139
5.838471
3.106091
0.188612
-1.940747
-3.062078
-2.471883
-0.783377
0.270353
1.341012
3.509785
5.879317
6.194264
4.622181
2.248212
-0.583838
-2.452996
-2.991398
-2.049010
-0.501268
0.505019
1.025694
3.143555
4.797675
5.329356
3.887682
1.536653
-0.236690
-2.437686
-2.988108
-2.407819
-1.199693
0.159510
1.792369
3.296285
5.017509
5.485955
4.891623
2.602217
0.469320
-1.749823
-2.270525
-1.316472
-0.382751
0.190880
1.627036
3.870247
5.880042
6.894130
5.748504
3.204368
0.045246
-1.609658
-2.475642
-1.333416
0.115252
0.546192
1.841348
4.095880
6.155557
6.853047
5.241103
3.070435
0.028483
-2.275661
-2.909575
-2.057113
-0.705906
0.498865
1.726279
3.362634
5.338815
5.839953
4.925588
2.329799
-0.166116
-1.867856
-2.619728
-1.451924
-0.041389
0.387152
1.254184
3.231479
5.282794
5.785617
4.705484
2.876724
-0.214971
-2.154073
-2.959779
-2.171566
-0.617107
0.418340
1.623041
3.692110
5.548472
6.268867
5.125335
3.144942
0.102112
-2.077634
-2.669470
-2.122910
-1.109899
-0.196013
1.470060
3.317462
5.456929
6.526973
5.587932
2.991552
0.499190
-2.004604
-2.833692
-1.938780
-0.082006
0.669133
1.456554
3.520100
5.626172
6.408008
4.991923
3.115458
0.112542
-2.144644
-3.186899
-2.693023
-1.419320
-0.572851
0.602757
2.810536
4.981246
5.851821
4.529908
2.455744
0.085126
-2.123393
-2.264833
-1.129129
0.012877
0.582412
1.276242
3.344036
4.812152
5.497928
5.029399
2.648863
-0.146039
-2.625164
-3.567142
-2.698380
-1.245358
-0.417138
0.353408
2.187172
4.018164
5.169810
3.661828
1.973180
-0.757656
-3.036120
-3.772450
-2.551498
-1.071581
-0.449909
0.524086
2.246773
4.226572
5.113982
3.640790
1.279104
-1.175345
-3.252632
-3.807409
-2.914425
-1.269633
0.031833
0.623763
2.310363
4.319008
5.145547
3.497279
1.856626
-1.278749
-3.786275
-4.201394
-3.072617
-1.659614
-0.863303
-0.166488
1.856338
3.955141
5.607829
4.069680
1.490446
-1.039268
-2.892886
-3.724046
-2.938885
-1.393655
-0.302250
0.642136
2.178424
4.357978
4.883742
4.486791
2.047878
-1.060537
-2.741429
-3.270858
-1.779894
-0.539541
0.516186
1.179356
2.652451
4.303267
4.942420
3.904542
1.267350
-1.264403
-3.861681
-4.888650
-3.488381
-2.270612
-0.715484
0.257997
1.711167
4.143595
4.640672
4.313481
1.533880
-0.533305
-2.583793
-3.644053
-2.670319
-1.330778
0.038253
1.217139
2.897729
4.957532
5.673158
5.413194
2.167610
-0.660013
-2.437523
-2.808089
-1.723873
-0.204417
0.360666
1.532617
3.540569
5.141261
5.948539
4.514465
2.182718
-0.499429
-2.317904
-3.116533
-2.308418
-0.504802
0.797667
1.181741
2.726273
4.470082
4.583545
4.200825
1.582805
-0.924662
-2.755169
-3.672876
-2.964248
-1.206154
-0.445415
0.546576
2.526507
4.435155
5.678924
4.693408
2.715751
0.071244
-2.744821
-3.506667
-2.386278
-0.743054
-0.072534
1.348121
3.070621
4.921428
5.724713
4.910235
2.740337
-0.175238
-2.095743
-3.220898
-1.325856
-0.512994
0.239068
1.411660
2.743280
5.077640
5.828265
5.580579
2.996358
-0.002609
-2.131793
-2.989597
-1.711495
-0.654126
0.112481
1.642456
3.208869
5.102427
5.550372
4.289289
1.872134
-0.645328
-2.619019
-3.178422
-2.580371
-0.714168
-0.361274
1.022817
2.637306
4.309229
5.025876
4.080436
1.929749
-0.834187
-3.119571
-3.451081
-2.872557
-1.296896
0.163427
1.043751
2.711366
4.566900
5.568210
4.311708
1.458305
-1.390032
-3.345355
-3.823181
-2.927098
-1.693997
-0.435473
0.386334
1.900192
3.816515
4.799602
3.699009
1.405493
-1.196594
-3.673933
-4.028170
-2.879138
-1.389445
-0.651035
-0.129949
1.388630
3.452869
4.249092
3.286962
1.161139
-1.969750
-4.121719
-4.830860
-4.164124
-1.916763
-1.129566
0.069863
1.373720
3.341682
3.461537
3.047770
1.043391
-1.762230
-3.934711
-4.160760
-2.766694
-0.966780
-0.172305
0.643510
2.171736
3.808501
4.389516
3.610273
1.614257
-0.686190
-3.079597
-4.244766
-3.345625
-1.862912
-0.530154
0.433586
2.392523
4.596572
4.897315
4.839975
2.098610
-0.574281
-2.962727
-3.884808
-3.073238
-1.722188
-0.793550
0.619579
2.957340
4.402525
4.733450
3.710611
1.250516
-1.204714
-2.731936
-3.429073
-2.675056
-1.423670
-0.163707
0.541123
2.570346
3.787291
4.375259
3.559340
1.551216
-1.209701
-3.413731
-4.879134
-3.425772
-1.545908
-0.686115
0.714614
2.597456
4.346611
4.797726
4.082212
1.974870
-0.941225
-3.283972
-3.715953
-2.787256
-1.507011
-0.616079
0.273690
2.001502
3.403274
3.939415
3.036416
0.901605
-1.835072
-3.516146
-3.480853
-2.715842
-1.288133
0.058855
0.658123
1.744126
3.332252
3.893149
2.916796
0.829520
-2.084026
-3.634230
-4.223647
-3.256017
-1.967901
-0.793280
0.783509
1.705863
3.423617
4.482984
3.681588
2.086547
-0.726639
-2.797296
-3.511077
-2.758113
-1.147647
0.020680
1.171349
2.384504
3.975599
4.460884
3.604275
1.764043
-1.042766
-2.790720
-3.363084
-2.805355
-1.935087
-0.951933
0.361665
2.270700
3.842181
4.625958
4.627277
1.961113
-1.116333
-2.843015
-3.446447
-2.396728
-0.953614
-0.403865
0.536383
2.280372
3.926323
4.739134
3.730877
1.747044
-1.009285
-2.824336
-3.513267
-2.433255
-1.404224
0.193642
0.832066
1.763412
4.048110
5.126870
3.838525
1.657486
-1.313528
-3.386370
-4.104681
-2.812440
-1.512053
-0.242343
0.556979
1.554161
3.629580
4.829291
3.739412
1.593884
-1.386839
-3.468887
-4.265375
-3.338542
-1.933778
-0.947306
-0.066126
1.925063
3.964395
4.225611
3.433393
1.408704
-1.292897
-3.200535
-3.230166
-1.568849
-1.069888
0.008695
0.687209
2.014293
3.880299
4.215977
2.968064
0.589126
-2.121554
-3.981741
-4.873540
-3.935472
-2.368456
-0.967070
-0.295168
1.637094
2.932613
3.844428
2.781525
0.462023
-1.688862
-3.543300
-3.619617
-2.314172
-0.809072
-0.076715
0.406928
1.709633
3.527492
3.743561
3.143235
0.860077
-1.606151
-3.332399
-3.899893
-3.152797
-2.141757
-1.427116
-0.963264
0.987076
2.919930
3.729571
2.641662
0.693596
-2.219440
-4.001992
-4.096195
-2.658040
-1.313197
-0.217209
0.141640
1.227902
3.369765
4.242582
2.544963
1.196861
-1.582402
-3.890841
-4.556184
-4.438871
-2.546930
-1.399829
-0.106828
1.531528
2.843732
3.266231
2.702900
0.916559
-1.963748
-4.312027
-4.976157
-3.955625
-2.400938
-1.079613
-0.022276
2.071362
3.412677
4.020237
3.077821
1.082856
-1.551701
-3.714674
-4.480828
-3.147238
-1.352582
-0.353466
0.557345
1.351192
3.425776
3.680976
2.624914
0.811533
-1.732015
-3.491590
-3.209282
-3.244759
-1.596753
-0.547648
0.223133
1.572450
3.084658
3.666749
2.347322
0.306661
-1.931625
-3.792845
-4.523084
-3.375263
-1.817533
-0.949502
-0.080502
1.260731
3.231935
4.046178
3.049110
1.121529
-2.295905
-4.095423
-4.430977
-3.714286
-1.783925
-0.609007
0.308111
2.228079
3.461739
3.319327
2.773228
0.314740
-2.235971
-4.126690
-4.313311
-3.345240
-1.755853
-0.823997
0.309268
1.096455
2.629561
3.409050
2.075702
0.007302
-2.458323
-4.694180
-5.575445
-4.440784
-2.373196
-1.298532
-0.437313
1.086109
3.021064
3.056481
2.248224
0.047507
-2.636203
-4.406650
-4.639661
-3.558175
-1.964610
-0.861362
-0.341248
1.835401
2.901696
3.110689
2.589183
0.409033
-2.056319
-3.758307
-3.962028
-3.706936
-2.022471
-0.770862
-0.125994
1.529140
2.986999
3.794105
2.720354
0.230401
-2.459873
-4.484180
-4.846295
-4.022951
-1.962976
-1.064831
0.034667
0.571983
1.789891
2.455050
1.736365
0.332546
-2.067165
-4.038653
-4.203894
-3.168148
-1.388986
-0.444094
0.206155
1.422799
2.957696
3.732661
2.633973
0.347532
-2.332616
-4.281793
-4.839337
-3.895024
-2.146801
-0.600481
0.149340
0.971046
2.874558
3.734869
2.174984
-0.047186
-2.024022
-4.152539
-4.577735
-3.603421
-1.932212
-0.541430
-0.070554
1.167408
3.317727
3.939816
3.030419
1.059867
-0.921041
-3.342207
-4.403875
-2.566312
-0.906226
-0.206849
0.056498
1.486964
3.153312
3.525757
2.665165
0.761139
-2.534313
-4.257106
-4.266901
-3.344280
-2.173728
-1.055179
-0.530950
1.090021
2.793470
3.436793
2.635788
0.533649
-2.242477
-3.906095
-4.583138
-3.184829
-1.935208
-0.515475
0.502921
1.798461
3.157152
4.010411
2.872575
0.464923
-2.084849
-3.953228
-4.418063
-3.398898
-1.770761
0.255134
0.445715
1.622869
2.838771
3.732080
2.986507
0.988318
-1.426205
-3.410147
-3.884587
-2.974242
-1.116321
-0.107966
0.046580
1.462985
3.154817
4.196258
2.730325
0.972761
-1.891291
-3.935451
-4.216037
-3.232651
-1.167762
-0.504535
0.273640
1.454771
3.187732
3.978246
2.857516
0.559111
-2.167572
-4.305964
-4.962737
-4.014965
-1.972188
-0.880486
-0.321179
1.405428
2.840990
3.138389
2.067772
0.452095
-1.780744
-4.192275
-4.875454
-3.985700
-2.634186
-1.236188
-0.420048
1.090370
2.417859
2.797812
1.955041
-0.257065
-2.963021
-4.995055
-5.177167
-4.051264
-1.945539
-0.654626
-0.044872
1.144392
1.984505
2.291984
1.660083
-0.622041
-2.999107
-4.690905
-5.256857
-4.364685
-2.098538
-0.976668
-0.463870
1.396959
2.475666
2.663116
1.474469
-0.280928
-2.619098
-4.419342
-4.899795
-3.900599
-2.308393
-1.231074
-0.053802
1.258845
2.375408
2.512425
1.631123
-0.478681
-2.557605
-4.033270
-3.909640
-2.854621
-1.571361
-0.831063
-0.113998
1.063324
2.240812
2.535631
2.021358
0.149496
-2.698422
-4.440210
-5.089965
-4.043195
-2.132941
-0.925609
-0.294521
0.993161
2.927980
2.986795
2.443294
-0.170224
-2.544846
-4.151535
-4.823100
-4.385749
-1.923984
-0.967534
-0.667276
0.818623
2.615661
2.585591
1.681515
-0.386073
-2.596897
-4.701904
-4.903041
-3.855856
-2.377669
-1.429296
-0.267275
1.299707
2.342445
2.587974
2.011162
0.066609
-2.053564
-3.879871
-4.709552
-3.403593
-1.198709
-0.663569
-0.076554
1.048785
2.366728
2.799248
1.709653
-0.220299
-2.362475
-3.862211
-4.389978
-3.287012
-1.224322
-0.712321
0.152243
1.646403
3.074549
2.883115
1.734277
0.159846
-2.043878
-3.990294
-4.685349
-3.146813
-1.636226
-0.669110
-0.008908
1.609873
2.324605
2.888453
1.892130
0.355206
-2.106914
-3.438111
-3.743648
-2.893704
-1.502812
-0.550733
0.014072
1.284520
2.619272
3.623672
2.719658
0.451907
-1.682764
-3.677486
-4.112353
-2.980621
-1.249663
-0.810878
-0.079103
1.475302
3.098045
2.827039
2.031979
0.121813
-2.367367
-4.391540
-5.170612
-3.982103
-2.268371
-0.673707
0.479184
1.265839
2.367145
3.065335
2.159663
0.408117
-2.352425
-4.656175
-4.516787
-3.867762
-2.085391
-0.774480
-0.270522
0.541270
1.761446
2.555119
1.076182
-0.750968
-2.866341
-4.728120
-5.227355
-3.570389
-1.878402
-1.168591
-0.331813
0.702846
1.748275
2.159414
1.390592
-0.736242
-2.999541
-5.004757
-5.378835
-3.605194
-1.587325
-0.734300
-0.492669
0.168815
1.755332
1.892673
1.520672
-0.645927
-3.144197
-5.318618
-5.328326
-4.851259
-3.300107
-1.405156
-0.831862
0.569428
1.321628
1.606886
0.892097
-0.779843
-2.509724
-4.189262
-4.572227
-3.697421
-1.914874
-1.191562
-0.128972
0.856933
1.837410
2.069352
1.512782
-0.248536
-2.717771
-3.985235
-4.811784
-4.123070
-1.991124
-0.466714
0.089364
1.241197
2.178065
2.240362
1.254570
-0.968569
-3.711428
-5.642030
-5.849541
-4.454850
-1.629645
-1.444865
-0.805902
-0.015532
1.699372
1.999745
0.944245
-0.308381
-2.739681
-4.361376
-5.014881
-3.900024
-2.191434
-1.052310
-0.499534
0.423996
2.005310
2.004331
1.195904
-0.900824
-3.496808
-5.074431
-4.982757
-4.051982
-2.757840
-1.688099
-0.866772
0.451660
1.585866
1.490696
0.804927
-1.313608
-3.298325
-5.223989
-6.332695
-5.076740
-3.236070
-2.132502
-1.495188
-0.349846
0.581053
1.037309
0.275762
-1.864333
-4.392356
-6.430824
-6.263792
-4.994227
-3.276828
-2.507022
-2.071028
-0.384513
0.738335
1.215867
0.183002
-1.918877
-4.168910
-6.058930
-5.903268
-4.829173
-3.097167
-1.695138
-1.218560
-0.074424
1.113775
1.635309
1.034024
-1.418455
-3.894931
-5.388536
-5.698666
-4.240952
-2.263341
-1.300366
-0.812766
-0.033193
1.839428
1.990705
0.866083
-1.393164
-3.726458
-5.299082
-5.917769
-4.646224
-2.970151
-1.874457
-0.719511
0.334571
1.419818
1.690827
0.440764
-1.951529
-4.101175
-5.625815
-6.119340
-5.133986
-3.043336
-1.977323
-0.897771
0.303390
1.652842
1.300583
0.706232
-0.512933
-2.540181
-4.292051
-4.856384
-4.105366
-2.364392
-1.271533
-0.469588
0.451206
2.097231
2.034423
0.940904
-1.107581
-3.126945
-5.224257
-5.550525
-3.787795
-2.029689
-1.054580
-0.170914
0.702435
1.876865
2.027154
0.991943
-1.260437
-3.874318
-5.048406
-4.737422
-4.206757
-2.664174
-1.201907
-0.802112
0.248317
1.407009
1.657482
0.415865
-1.987496
-4.475325
-5.910478
-5.727526
-4.788052
-3.051026
-1.713435
-0.915028
-0.149875
0.640630
1.167907
0.234059
-1.969515
-3.914365
-5.683093
-6.504673
-5.684793
-3.571252
-1.997127
-1.433276
0.263711
1.527280
1.501572
0.510746
-1.388700
-3.832402
-5.655640
-6.188877
-4.560152
-2.295642
-1.083524
-0.571969
0.083777
1.454900
2.333975
1.150735
-1.706358
-3.541675
-5.063987
-4.833961
-4.051759
-2.162158
-1.289937
-0.511518
0.506112
1.480424
1.820507
0.753275
-1.551135
-3.769286
-5.223729
-4.994387
-3.497907
-1.736232
-1.034554
-0.458890
0.608156
0.981140
1.287379
0.562795
-1.816113
-4.166891
-5.507062
-5.341558
-4.135930
-1.933713
-0.420398
-0.130533
0.953394
1.519400
1.794127
0.522573
-1.661597
-3.947843
-5.698195
-5.853804
-4.201535
-1.713740
-0.622981
-0.136064
0.318138
1.102165
1.378855
0.456484
-1.892198
-4.434461
-6.109175
-6.112489
-5.264159
-3.831538
-2.059752
-1.643651
-0.793563
0.793033
1.884348
0.958352
-1.432628
-3.576886
-5.388451
-5.949406
-4.618007
-2.798823
-1.344495
-0.976063
0.206985
1.625159
1.353546
0.205498
-1.938949
-4.332482
-5.904783
-6.254707
-4.533704
-3.223031
-1.462152
-1.376012
-0.113551
1.503293
2.540289
1.024704
-1.494365
-4.261960
-5.662771
-6.473566
-4.880239
-2.909286
-1.515410
-1.252355
-0.309198
1.244519
1.163351
0.129662
-1.543800
-3.486260
-4.667777
-5.004180
-4.114028
-2.603393
-1.526475
-1.045123
-0.073501
1.018774
1.267356
0.463964
-1.207108
-3.207115
-5.121518
-5.206303
-4.552444
-2.046985
-1.284875
-0.895224
0.007277
1.082474
1.539799
0.331446
-1.614610
-4.183141
-6.128691
-5.727537
-4.539409
-2.754422
-1.334645
-0.478719
1.123231
2.437531
1.760134
0.543726
-1.630622
-3.956896
-6.036413
-6.240641
-4.860145
-3.025279
-1.196626
-1.130919
-0.730548
-0.041889
0.380909
-0.894481
-2.563595
-4.800313
-5.900081
-6.858158
-6.176903
-4.238307
-2.906459
-1.873148
-0.820558
0.256275
0.476222
-0.670498
-2.769572
-4.738331
-6.126328
-5.803483
-4.464021
-3.046994
-2.295629
-1.599030
-0.555976
0.472554
0.727338
-0.851214
-2.742194
-4.831226
-6.381007
-6.891700
-5.111260
-3.050210
-1.752669
-1.330802
-0.622000
0.881617
0.343952
-1.174275
-3.171888
-5.432709
-6.546910
-5.736169
-4.645513
-2.820836
-2.405402
-1.734773
-0.900168
-0.081833
-0.087677
-1.319605
-3.131868
-5.137796
-6.422392
-6.733355
-5.664302
-3.441436
-1.870831
-1.238061
-0.157915
0.456558
-0.146119
-0.983836
-2.856110
-4.761019
-6.358444
-6.373719
-5.540514
-3.387967
-2.136710
-1.683840
-0.259192
0.612584
0.590327
-0.653852
-2.662683
-4.961588
-6.743277
-6.872759
-5.123204
-3.225625
-1.868947
-1.227557
-0.013111
0.755662
0.838402
-0.372038
-2.631772
-4.565248
-5.724674
-5.999105
-4.511125
-3.105472
-0.976819
-0.822059
-0.272873
0.606152
0.671380
-0.493337
-2.489655
-4.386036
-5.812543
-6.001886
-4.712811
-2.578765
-1.316651
-1.019071
0.123819
0.850501
1.243234
-0.146944
-3.008427
-5.142978
-6.935528
-6.802652
-5.734867
-3.871575
-2.052619
-1.945691
-0.970820
-0.206919
0.334794
-1.078683
-2.833869
-4.929952
-6.488205
-6.933768
-5.476728
-3.544274
-1.959128
-1.785003
-1.115824
-0.332311
-0.539301
-1.033959
-2.399310
-4.391516
-6.101148
-6.255992
-5.052868
-3.227759
-1.815974
-0.703851
0.451904
0.831011
0.635365
-0.815246
-2.578249
-5.196157
-6.739324
-6.979965
-5.726166
-2.966300
-1.799521
-1.554306
-0.175590
1.016426
1.741297
-0.429024
-2.444291
-4.659636
-5.906122
-6.713968
-5.473346
-2.918200
-2.102855
-1.283947
-0.293419
0.444389
0.292906
-0.476424
-2.137156
-4.653559
-7.051678
-6.475951
-5.374838
-3.099551
-2.392440
-1.643259
-0.772522
0.119091
0.118168
-0.615679
-2.789796
-4.912621
-6.490223
-6.683304
-5.502097
-3.074950
-2.332297
-1.685781
0.037818
0.720832
0.997996
-0.587439
-2.746363
-5.052238
-6.360065
-6.308813
-4.874907
-3.273231
-2.063087
-1.556135
-1.254625
0.263168
-0.057658
-1.255909
-2.852885
-5.017723
-6.041915
-6.393294
-5.393845
-3.367116
-2.131961
-1.760918
-0.962872
-0.358057
-0.165329
-1.003374
-2.993321
-5.076630
-6.452118
-6.483036
-5.494905
-3.613961
-2.281085
-1.683876
-1.354221
-0.285013
0.309098
-0.888034
-2.859857
-5.230550
-6.975113
-7.650885
-5.835285
-3.244672
-1.822072
-1.224113
-0.812740
0.010809
0.368584
-1.017027
-2.783092
-5.088967
-6.938149
-6.644078
-5.264546
-3.505181
-2.179992
-1.762580
-0.840142
0.005099
0.204146
-0.756145
-2.582701
-4.780961
-6.714571
-7.186800
-5.105707
-3.355123
-1.850482
-1.174583
0.008752
0.920944
1.243598
-0.291347
-2.257726
-4.536510
-6.108510
-6.332294
-5.072821
-2.937566
-2.704000
-2.335340
-0.749049
0.138891
0.597286
-0.765091
-2.793674
-4.936485
-6.831501
-7.134421
-5.921517
-4.185029
-3.228495
-2.523374
-0.979911
-0.143454
0.194718
-0.563695
-3.101957
-5.386876
-6.562336
-7.231355
-5.877390
-3.932258
-2.710975
-1.944961
-0.653334
0.202044
0.253201
-0.489452
-2.836608
-4.345545
-5.585373
-5.548749
-4.032477
-2.944375
-2.184791
-0.999153
0.015818
0.535724
0.800249
0.022515
-2.325598
-4.762291
-6.887868
-7.362972
-6.523373
-3.878812
-2.724425
-2.543495
-1.223378
-0.048393
0.806684
-0.531288
-2.816853
-4.895032
-6.218054
-6.600018
-5.825631
-3.433785
-2.321311
-2.147543
-1.290486
-0.113705
0.183599
-0.781976
-2.897524
-4.891075
-6.260110
-6.326238
-5.285054
-2.994481
-2.478452
-2.239999
-1.147542
0.298013
0.285823
-1.072452
-2.887643
-5.193153
-7.024337
-7.690740
-6.965175
-4.856149
-3.100229
-3.248343
-1.474610
-0.265145
-0.357762
-1.720461
-3.707981
-6.180028
-8.090517
-7.880050
-5.770180
-4.464601
-3.842977
-3.035867
-2.321564
-1.327109
-1.302150
-2.137568
-3.830536
-5.738982
-7.390975
-7.504850
-6.083354
-4.515053
-3.515182
-2.753401
-1.760547
-0.661556
-0.378030
-1.550567
-3.328205
-6.047798
-7.225718
-7.506147
-6.106127
-4.213284
-2.763549
-2.396820
-1.281974
0.478435
0.152324
-1.192173
-3.230362
-5.363968
-7.042939
-7.130516
-5.937286
-4.382228
-2.608937
-2.173871
-1.208771
-0.532408
-0.485134
-1.248706
-2.727004
-5.247739
-6.205920
-5.755608
-4.732840
-3.850932
-2.340376
-1.982151
-1.158037
-0.289088
-0.178492
-1.501732
-3.300836
-5.469981
-7.098082
-7.075377
-5.201482
-3.260917
-2.627711
-2.160580
-1.162897
0.415455
0.295588
-0.666594
-3.135998
-5.260245
-6.974545
-7.685029
-6.742623
-4.068201
-2.538218
-1.811331
-0.586074
0.085140
0.063949
-1.208311
-3.102504
-5.363179
-7.153235
-7.320767
-6.329386
-4.032092
-3.023124
-2.012112
-1.081489
-0.493846
-0.535029
-1.655290
-3.563518
-5.643490
-7.268114
-7.054947
-6.479197
-5.074087
-3.643548
-2.637088
-1.297520
-0.467914
-0.222602
-1.557839
-3.553006
-6.086084
-7.760209
-7.824016
-5.956297
-4.771133
-3.444882
-2.837770
-1.727789
-0.834937
-0.409062
-1.369003
-3.762884
-6.283425
-7.675120
-7.618716
-6.017179
-4.000954
-3.461894
-2.144912
-1.503057
-1.031973
-0.972844
-1.808729
-3.596747
-5.991226
-7.955145
-8.075413
-7.314547
-5.494491
-3.823498
-2.586913
-1.670169
-0.977694
-0.929858
-1.684638
-3.787175
-6.106362
-7.358718
-7.723285
-5.929336
-4.041738
-2.857587
-2.515113
-1.863588
-0.900350
-0.605376
-2.017947
-4.010374
-5.962177
-7.595401
-7.158019
-5.861099
-3.993537
-3.160488
-2.737023
-1.648484
-0.497926
-0.680709
-1.386464
-3.495099
-6.026200
-7.774851
-7.503118
-6.882017
-4.861956
-3.206149
-2.032918
-1.038716
-0.557983
-0.644954
-2.297908
-4.473653
-6.769391
-8.157404
-8.508788
-7.226433
-4.932740
-3.970110
-3.251052
-2.025077
-0.990858
-1.277637
-2.285958
-4.062296
-5.861511
-7.528198
-7.673974
-6.192081
-4.619464
-3.768789
-2.679420
-1.735957
-0.921739
-0.439992
-1.322802
-3.520636
-5.665258
-7.300320
-7.869797
-6.698735
-4.432857
-3.512480
-2.378639
-0.879748
-0.297833
-0.631719
-1.675181
-3.866684
-5.792029
-7.264348
-7.654832
-6.437282
-5.035841
-3.466087
-2.540185
-1.292542
-0.373602
0.230556
-1.456857
-3.235400
-5.552241
-6.915791
-6.887033
-5.451271
-3.870550
-2.536663
-2.110864
-0.955750
-0.027320
-0.141370
-0.907775
-2.795901
-5.084387
-6.950223
-7.075392
-6.018954
-4.476060
-2.853520
-2.065911
-0.873599
0.026317
-0.044678
-1.542186
-3.618787
-6.037362
-7.775661
-7.788476
-7.134879
-5.134709
-4.008976
-3.164377
-1.495663
-0.375583
0.015296
-0.784003
-2.664048
-5.112126
-6.992984
-7.530355
-6.185880
-4.031163
-3.502213
-2.706422
-1.726906
-0.690266
0.299579
-0.486974
-2.858767
-4.944328
-7.143223
-7.019284
-6.132539
-3.937863
-3.560909
-2.546721
-1.253108
0.278159
0.770869
-0.248340
-2.269023
-4.290737
-6.150664
-6.616817
-5.757678
-3.839567
-2.308797
-1.781442
-0.576241
0.178853
0.285029
-0.939390
-2.814668
-5.666903
-7.298782
-7.702701
-6.366421
-5.539369
-4.107363
-2.415104
-1.123547
-0.084455
-0.174108
-1.348950
-3.109033
-5.773373
-7.409027
-8.047620
-6.016897
-4.927485
-3.646768
-2.796870
-1.092245
0.057823
-0.160251
-0.977708
-3.034397
-5.511951
-7.265928
-6.854473
-5.424196
-4.056912
-3.065038
-2.489465
-1.526848
-0.029145
0.157378
-0.408949
-3.303527
-5.838874
-7.656185
-7.594022
-7.377018
-5.159473
-3.919783
-2.892972
-1.407575
-0.273761
0.046760
-1.030921
-3.052547
-5.450444
-7.426467
-7.714411
-6.753377
-4.997386
-3.477157
-2.328080
-1.073314
-0.082810
-0.074012
-0.883759
-2.785452
-5.133715
-6.863776
-7.075962
-6.403607
-4.678800
-2.886502
-2.105527
-1.458516
-0.313769
0.445109
-0.741968
-2.700049
-5.163497
-6.977075
-7.528850
-6.356009
-5.034081
-3.641338
-3.179547
-1.675950
-0.631921
-0.248361
-1.085273
-3.158731
-5.430336
-6.915751
-7.546055
-6.452896
-4.594590
-3.857059
-2.466254
-1.408955
-0.576392
0.028390
-0.683506
-3.068652
-5.696930
-7.865953
-8.042749
-6.455974
-4.595353
-4.007624
-2.904380
-1.673386
-0.243678
-0.412956
-1.444547
-3.590059
-6.403962
-8.644926
-9.191501
-7.768954
-6.148135
-5.001822
-4.213764
-2.506581
-1.215985
-0.661164
-1.345324
-3.441583
-6.161456
-8.345995
-8.923699
-7.610720
-6.194909
-4.979224
-3.846657
-2.136168
-1.148227
-0.743629
-1.496814
-4.210955
-6.205071
-8.029886
-8.241607
-6.544214
-4.936118
-3.494597
-2.982036
-1.749858
-0.871570
-0.563835
-1.153356
-3.366218
-6.222507
-8.111553
-8.287999
-6.547145
-5.301739
-4.367305
-3.230953
-2.201316
-0.601697
-0.439009
-0.853739
-3.150337
-6.230476
-7.732248
-8.560740
-7.494081
-5.035387
-3.923860
-3.677214
-2.381540
-0.620040
0.127439
-1.241115
-3.365815
-5.692910
-7.475855
-8.026954
-7.843521
-6.074582
-4.633328
-2.886362
-2.140811
-0.706530
-0.514714
-1.897441
-3.793399
-6.634783
-8.865976
-9.565483
-8.018243
-5.480061
-4.135954
-3.213980
-2.384706
-0.846726
-0.258407
-1.444827
-4.214592
-6.734452
-8.506269
-8.737926
-7.855781
-6.041572
-4.640397
-3.356870
-2.154444
-0.598065
-0.113250
-1.169501
-3.366118
-5.877898
-7.518038
-7.538476
-6.776745
-4.640840
-3.402924
-2.693246
-1.658315
-0.615142
-0.000621
-0.903259
-3.313729
-5.689414
-8.110413
-9.003187
-7.825482
-5.249133
-3.627369
-3.061550
-1.683480
-0.189828
0.200332
-1.104427
-3.803907
-6.202185
-8.472303
-8.687572
-7.257783
-5.623121
-3.958063
-3.023737
-2.309150
-0.506154
-0.508029
-1.582479
-3.424568
-5.456203
-7.462578
-8.673338
-7.824903
-5.746161
-5.131385
-3.784464
-2.238738
-0.909331
-0.656028
-1.720208
-3.844441
-6.390279
-8.307915
-8.755426
-7.319631
-5.045416
-4.221610
-3.466949
-1.747149
-0.462646
-0.310037
-1.363748
-3.924629
-6.604238
-8.685925
-8.928990
-7.925849
-6.390632
-5.450705
-3.770849
-1.969218
-0.159387
0.188781
-0.925342
-3.522386
-6.024170
-7.755713
-8.566452
-7.473001
-5.307594
-3.932681
-3.150656
-1.788654
-0.154469
-0.062745
-1.204306
-3.537598
-6.255163
-8.716522
-8.618507
-7.282499
-5.858801
-4.658778
-3.577764
-2.509347
-0.478512
-0.210567
-1.765060
-3.649239
-6.532620
-8.316715
-8.740828
-7.806568
-6.492032
-5.363508
-4.117954
-2.352443
-0.722776
-0.225821
-1.177657
-3.683278
-6.085772
-7.902699
-8.266788
-6.851556
-5.050990
-3.818768
-2.840941
-1.508846
-0.414950
-0.190667
-0.971247
-3.532884
-6.395414
-8.514610
-9.365078
-8.273779
-6.624655
-5.253716
-4.063870
-2.718532
-1.122762
-0.612747
-1.610350
-3.605076
-6.528811
-8.635427
-8.994085
-8.020017
-6.133451
-5.224770
-4.015951
-1.776181
-0.493403
0.178098
-0.144351
-1.881576
-4.897712
-7.173457
-8.074786
-6.461148
-4.761276
-3.381644
-2.352532
-0.568253
0.607636
0.821824
-0.253565
-2.909455
-5.846564
-7.667252
-7.943232
-6.536861
-4.809570
-4.115695
-3.021838
-1.524659
0.658221
0.671716
-0.497820
-2.575604
-5.528374
-7.249723
-7.212843
-5.376276
-4.283269
-3.654775
-2.777965
-1.309026
0.090436
-0.116147
-1.220560
-3.163775
-5.463549
-7.582794
-8.192445
-6.549891
-4.799582
-3.486497
-2.850853
-1.823988
-0.688263
-0.109565
-1.068463
-3.562229
-6.245207
-8.018091
-8.405304
-6.884516
-5.193441
-3.363652
-2.459497
-0.959270
-0.045447
0.815581
-0.274435
-2.989190
-5.697449
-7.955324
-8.407942
-7.230562
-5.485878
-4.158686
-2.830588
-1.313263
0.294640
0.794696
-0.458470
-2.774920
-5.605169
-7.328000
-7.596484
-6.389980
-5.333916
-4.324343
-3.071224
-1.228183
0.044396
0.729427
-0.701740
-2.880040
-5.636321
-7.176684
-7.873303
-6.840212
-5.753715
-4.454052
-2.885921
-1.446253
-0.147218
-0.294417
-0.732814
-3.020940
-5.538424
-7.133032
-7.494231
-6.464856
-5.427442
-4.784603
-2.967615
-1.206810
0.067451
0.192163
-0.826562
-2.936044
-5.304900
-7.092340
-8.172167
-7.307611
-5.299035
-3.783675
-2.178051
-0.997894
0.547239
1.385087
-0.339526
-2.446366
-5.264900
-7.187315
-7.889198
-6.573250
-4.888515
-3.461340
-2.651149
-1.193483
0.534688
1.265832
-0.684274
-2.311225
-4.923609
-7.616126
-8.224039
-6.965590
-5.405028
-3.969011
-3.300454
-1.723783
0.252252
0.717854
-0.283624
-2.485951
-5.144660
-7.525167
-7.318981
-6.173656
-4.553523
-3.695547
-2.406080
-0.942739
0.694738
1.123849
-0.178412
-2.403897
-5.361056
-7.134442
-7.376986
-6.482235
-5.182813
-3.998186
-3.298772
-1.892602
-0.191705
0.078121
-0.771100
-2.828910
-5.491535
-7.907231
-8.038304
-6.923925
-5.501420
-3.519257
-2.890632
-1.457817
0.489617
0.863297
-0.895679
-3.054399
-5.517591
-7.602577
-8.366495
-6.974818
-5.529394
-4.971814
-3.424011
-1.221963
0.424741
1.119573
-0.682540
-2.962221
-5.519183
-8.009527
-8.425529
-7.328281
-5.261430
-4.440444
-3.472576
-1.884122
-0.008981
0.341041
-0.356997
-2.703034
-5.528905
-7.869461
-8.352160
-7.616519
-6.168005
-5.228300
-3.803306
-1.858886
-0.093835
0.625159
-0.217718
-2.474076
-5.335149
-7.445335
-7.693485
-6.651257
-5.216936
-3.957492
-3.305684
-1.814862
-0.540105
-0.494109
-1.438310
-3.454836
-5.932208
-8.357899
-9.040867
-7.796814
-5.931024
-4.726385
-3.678432
-1.858967
-0.405034
0.496976
-1.020134
-2.375602
-4.733080
-6.945188
-7.237930
-5.962717
-4.560321
-3.414153
-2.280675
-0.496922
1.034396
1.548672
0.338649
-2.271890
-5.360654
-7.378397
-8.058012
-6.668353
-5.332520
-4.477801
-2.917126
-1.315461
0.092944
0.496222
-1.091153
-3.135922
-5.986331
-8.330356
-9.120037
-8.329539
-6.240355
-5.233765
-4.153677
-2.386184
-0.418784
0.448569
-0.782008
-3.188893
-6.019735
-8.172606
-8.760445
-8.009261
-6.452716
-5.317993
-3.593037
-2.298935
-0.777947
0.554348
-0.368413
-2.681540
-5.225518
-7.308014
-7.698626
-6.157784
-4.987733
-3.568490
-2.645926
-0.951838
0.658679
1.074466
-0.458240
-3.008525
-5.639307
-7.652947
-8.614044
-7.800591
-6.029619
-4.803311
-3.616752
-1.635606
0.163087
1.206206
0.148532
-2.095929
-4.919228
-7.050724
-8.170435
-7.384192
-5.410398
-3.684480
-2.147371
-0.814586
0.345162
0.855151
-0.030773
-2.082716
-4.379788
-6.848875
-7.267619
-5.921273
-4.181622
-3.974184
-2.434546
-0.448162
0.844653
1.239528
0.771459
-2.104340
-4.530997
-6.379113
-6.349751
-6.020653
-4.431909
-3.385911
-2.624116
-0.859860
0.862847
1.097802
0.354102
-2.432448
-5.472903
-7.845339
-8.123322
-7.658995
-5.603578
-4.406360
-2.914717
-0.893649
1.090737
0.465958
-0.734000
-2.558569
-5.467520
-7.361825
-7.801920
-6.734491
-5.259280
-4.001565
-2.676167
-1.306418
0.656422
1.408587
0.312131
-1.771840
-4.841292
-7.247964
-7.905469
-6.612171
-5.142838
-3.731820
-2.164425
-0.524589
0.884143
1.346519
-0.106645
-2.513055
-5.202806
-6.986548
-7.196972
-6.974463
-5.683352
-4.036511
-2.766787
-1.493680
0.559503
0.862472
-0.057303
-2.040370
-4.405711
-6.935836
-8.049294
-7.504817
-5.759437
-4.460366
-3.439698
-1.441813
0.359473
0.664266
-0.014712
-1.824325
-4.877166
-7.840508
-8.893964
-7.381033
-5.817481
-4.528744
-3.458829
-1.318986
0.564165
1.385332
-0.074786
-2.048570
-5.337172
-7.856444
-8.619736
-7.582682
-6.052982
-4.440759
-3.344445
-1.244369
0.481054
1.044060
-0.177903
-2.630601
-5.236381
-7.131466
-7.576401
-6.357238
-4.963192
-4.221607
-3.205218
-1.222768
0.459287
0.789281
-0.166669
-2.216765
-4.705468
-6.947882
-7.555798
-6.629746
-5.398767
-3.722416
-2.604528
-1.156456
0.782750
1.430974
-0.014235
-2.278377
-5.066576
-7.374932
-7.937034
-7.123870
-5.307086
-4.216847
-2.987196
-1.095012
0.227761
1.490787
0.554801
-1.719671
-4.219007
-6.606840
-7.432778
-6.896361
-5.421831
-3.425621
-1.953594
-0.038131
1.110337
1.123315
-0.190463
-2.506534
-5.058131
-7.873015
-8.821736
-7.616136
-6.102588
-4.241471
-3.048315
-1.157151
0.470333
0.746205
0.482453
-2.112675
-4.502451
-6.829410
-7.214087
-6.970683
-5.220700
-3.464431
-2.649944
-0.811465
1.060074
1.544822
1.242571
-1.451341
-4.342702
-6.756110
-7.465309
-6.900863
-5.532207
-4.333952
-2.680437
-0.756267
0.944076
2.131883
1.296277
-1.406730
-3.773657
-6.141306
-6.850352
-5.807076
-3.941285
-2.498032
-1.430065
-0.246512
1.248176
1.981606
1.127716
-1.243318
-3.459919
-5.774356
-6.762403
-6.429237
-4.845750
-3.216606
-2.105205
-0.191935
1.846112
2.796563
1.667916
-0.656237
-3.353706
-5.710700
-6.477408
-5.729772
-3.740292
-2.432460
-0.828460
0.939592
2.521968
2.589065
1.259131
-0.793445
-3.495100
-5.803972
-7.038152
-6.238692
-4.537561
-3.325698
-2.482219
-0.103646
2.012448
2.642212
1.559210
-1.066077
-3.761206
-5.822725
-6.501443
-5.783401
-4.487055
-3.433770
-2.834989
-0.625091
1.132349
1.883023
0.600581
-1.436140
-4.169763
-6.257627
-7.469732
-7.232232
-5.268423
-3.674644
-2.246045
-0.677361
1.761695
2.313845
1.946137
-0.726411
-3.599582
-5.710883
-6.322348
-5.210946
-4.196315
-3.061036
-1.853892
-0.431285
1.300858
2.134442
1.388571
-1.237056
-3.962180
-6.183133
-7.326464
-5.946827
-4.492807
-3.313931
-2.074615
-0.588195
1.684493
2.231433
1.090877
-1.203371
-3.620187
-5.720042
-6.784815
-4.718358
-3.261708
-2.926587
-1.649179
0.163529
1.709557
2.175271
1.393447
-1.006909
-3.844475
-6.111173
-7.047460
-6.317790
-4.957790
-3.380381
-2.496481
-0.842252
1.081404
1.929870
1.039451
-1.012772
-3.519045
-5.877810
-6.571023
-5.218183
-4.134006
-3.302034
-1.743510
-0.100176
1.808177
2.303397
1.002429
-0.910398
-3.769897
-5.791489
-6.149115
-5.274573
-4.081446
-2.940767
-2.066769
-0.232396
1.937720
2.863866
1.594146
-0.365748
-3.392317
-5.761127
-6.457910
-5.594207
-4.374644
-2.999995
-1.742995
0.421613
2.759389
3.812801
2.171751
-0.330924
-3.292624
-5.687444
-7.248691
-6.981040
-5.461495
-4.173841
-2.492842
-0.414613
1.805211
2.358722
1.521359
-0.688352
-3.064839
-5.688889
-6.710374
-6.316935
-4.451557
-2.927382
-1.939837
0.235445
2.433454
3.426970
2.465992
0.155541
-2.754481
-5.374083
-6.278166
-5.093953
-3.397489
-2.894034
-1.865235
0.240017
2.624364
2.848681
1.825927
-0.199134
-2.960378
-5.302934
-5.856933
-5.961194
-4.095192
-2.982357
-1.748300
0.488691
2.879064
3.003177
2.258958
0.132607
-2.566713
-4.959494
-5.621758
-5.216557
-3.961790
-2.916813
-1.289689
0.699146
3.059426
3.394950
2.659915
0.430076
-2.894443
-5.073674
-6.101720
-4.677064
-3.053776
-1.870451
-0.930250
0.931996
3.389728
4.520116
3.327253
0.639960
-2.436275
-4.943077
-5.650779
-4.076623
-2.792088
-2.161728
-1.008777
1.139420
3.544370
4.014582
2.850339
0.416364
-2.596956
-5.159304
-6.136594
-5.535394
-4.068378
-2.460546
-1.026093
0.833778
2.786189
3.497254
2.494737
0.276750
-2.941365
-5.051972
-6.133926
-5.143369
-3.781493
-2.168197
-0.939871
0.743607
2.556823
3.859646
3.219340
0.843849
-1.842662
-4.440094
-5.887680
-4.545966
-2.747378
-2.077159
-0.527407
1.704686
3.968663
4.880019
3.964452
1.741417
-0.997651
-3.821029
-5.058576
-4.232499
-2.727114
-1.455410
0.330696
2.069248
3.907468
4.773120
4.065906
1.840256
-1.041612
-3.200624
-4.359764
-3.656591
-2.096198
-1.427643
-0.191525
1.520915
3.914352
5.024308
4.250160
2.192695
-0.533575
-3.018712
-3.437474
-3.027938
-1.578553
-0.466050
0.782391
2.537350
4.280537
4.994170
4.757057
2.045734
-0.576254
-3.185172
-3.795892
-3.348186
-1.564005
-0.280088
0.518300
2.540706
4.254451
5.119424
4.018130
1.705363
-0.803874
-3.300389
-4.261682
-2.866748
-2.290896
-1.439892
0.308076
2.327145
4.335297
4.785934
4.648873
1.697955
-1.281019
-3.409285
-4.173800
-3.510040
-2.307078
-0.954547
-0.372380
1.660689
4.104675
4.487475
3.640609
1.494448
-1.458444
-3.444441
-3.903024
-3.034000
-1.673244
-1.067695
-0.423928
1.543133
3.994905
4.538738
3.342031
1.084752
-1.453570
-3.967972
-4.768049
-3.664962
-2.548430
-1.248562
-0.311182
2.084865
3.839115
4.937060
3.449786
1.332628
-1.117378
-3.679807
-4.734136
-3.764923
-2.167150
-1.205975
0.449100
2.129592
4.334882
5.142093
3.963256
1.939220
-0.407351
-3.138268
-3.995725
-3.117388
-1.559920
-0.664055
0.761927
2.858153
5.098445
6.108359
4.898334
2.421197
-0.509474
-2.786312
-3.169095
-2.325118
-0.065194
0.062169
0.515637
2.758927
5.059375
6.005898
4.949710
2.821002
0.153152
-2.153645
-3.150002
-2.512159
-1.380315
-0.622265
0.623529
2.537888
5.110660
5.866145
4.553984
2.390751
-0.187842
-2.388241
-2.891888
-2.533604
-0.972198
0.073329
0.869192
3.424343
5.536973
5.904037
5.207747
3.041424
0.348821
-2.247669
-2.919165
-2.264618
-0.780219
-0.165841
0.958380
3.094816
5.657668
6.230830
5.023147
2.231997
-0.136124
-2.499793
-3.515326
-2.631070
-1.256826
-0.706594
0.461735
2.605639
4.443010
5.517322
4.740143
2.616932
-0.112392
-2.199409
-3.131064
-1.913616
-0.716219
-0.235784
0.892019
2.307860
4.542842
5.212379
4.448308
2.544950
0.042468
-2.599646
-3.506097
-2.785408
-1.427264
-0.344295
0.566800
2.423903
4.799189
5.517680
4.404377
2.686378
0.225492
-1.834962
-2.371531
-2.159007
-1.068393
-0.514079
1.385212
3.258432
5.646327
6.243831
5.022540
2.816583
0.285995
-1.592173
-2.558141
-1.585237
-0.275704
0.712461
2.187395
4.080161
5.666015
6.214366
5.301089
3.026570
0.402433
-1.844137
-3.179613
-2.539018
-0.698822
0.154906
1.448975
3.908879
6.050847
6.656167
5.184915
2.943177
0.751408
-1.272412
-1.402650
-1.156157
0.322499
1.063375
2.111186
3.702563
5.545184
6.239512
4.789620
2.901999
0.936609
-1.329258
-2.696543
-1.745180
-0.505849
0.381034
1.925104
3.566736
5.593482
6.457089
5.552253
3.497763
1.180172
-0.753077
-1.483552
-0.472919
0.443727
1.325440
2.234261
4.171041
6.324557
6.767438
5.853957
3.583565
1.057918
-1.411983
-1.680696
-0.513811
0.235946
0.709598
2.632407
4.159061
5.994527
6.997733
5.933080
4.078672
1.326683
-1.313047
-1.988559
-1.623602
-0.905461
0.014054
1.571146
3.724351
5.682288
6.221156
5.403937
3.785355
1.226908
-0.710085
-1.208498
-0.161376
0.616275
0.685599
1.746852
3.770433
6.080039
6.750329
5.790717
3.702060
0.826417
-0.867519
-1.381337
-0.308890
0.575490
1.142490
2.176494
4.175263
6.527690
7.021609
6.038558
3.302630
0.826818
-1.278832
-2.461151
-0.889692
-0.013707
0.753164
1.655048
4.282924
5.977885
7.083537
6.220752
3.045238
0.874359
-1.008226
-1.810028
-0.799461
0.154885
1.614339
2.470256
4.180528
6.260747
7.239081
5.904681
3.795937
1.653149
-1.073448
-2.047774
-1.243148
0.187490
1.039554
1.982649
4.135358
5.956294
6.907329
5.599727
3.179973
0.992970
-0.192543
-0.612165
-0.031127
1.040694
1.795840
2.510526
4.163856
6.006143
6.573096
6.142646
4.040172
1.974965
-0.203048
-0.755914
0.336522
1.371217
1.919284
2.829083
4.649196
6.738511
7.425502
6.471076
4.326262
1.561296
-0.618665
-1.650705
-1.254924
0.380139
1.199425
2.311978
4.575935
6.449695
6.658511
5.800761
3.878216
1.128187
-0.580812
-1.134586
-0.500351
0.672151
1.777497
2.886369
4.635993
6.723483
7.057517
6.455857
4.199617
1.687965
-0.742274
-1.229607
-0.894572
0.291068
1.252584
2.560643
4.326175
6.217750
6.606788
5.577178
3.763792
1.264207
-0.741255
-1.397039
-0.489776
0.791688
1.529328
2.215064
4.324913
6.276240
7.652583
6.888801
4.107576
1.387353
-0.375249
-0.996499
-0.345906
1.189313
1.227225
2.538107
4.449450
6.581119
6.923793
5.906447
3.710608
1.122212
-0.639963
-1.239315
-0.327651
0.399585
1.435269
3.018855
4.154067
6.231132
7.161975
6.417018
4.176987
1.800653
0.043242
-0.774346
-0.144670
0.987647
2.073394
2.866868
5.030135
7.213702
7.795531
6.682887
4.313846
1.925912
0.079220
-0.765339
-0.314825
0.903813
2.009858
3.091256
5.057761
6.685924
7.158866
6.588048
3.850756
1.464140
-0.213723
-0.452650
-0.239640
0.777741
1.779908
3.277452
4.583159
6.277020
7.171729
6.053514
3.831806
1.094956
-0.334808
-1.202004
-0.539508
0.188611
1.121490
2.178235
4.264974
6.712489
7.473948
6.547324
4.481396
1.940882
-0.367774
-1.290483
-0.510633
0.679597
1.984408
3.471073
5.232253
6.926152
7.896049
6.848746
4.037958
1.277691
0.113646
-0.060534
0.143910
1.435187
2.438066
3.706912
5.620715
7.358317
7.890960
6.888385
4.678585
2.263756
0.748990
0.032887
0.614757
2.144910
2.630193
3.595095
4.896239
6.991565
7.490695
6.258216
4.268890
2.113541
-0.285343
-0.990484
-0.152902
1.286630
2.168372
2.936008
4.461688
6.361415
7.396480
6.902284
4.723118
1.905142
-0.486714
-0.617764
0.442992
1.337974
1.999475
2.944910
4.998994
6.699136
8.169768
6.801833
4.593160
2.174214
0.420234
-1.029731
-0.344178
0.984658
1.467328
2.844934
5.052840
6.900207
7.168490
6.574142
3.888560
1.328591
-0.477617
-1.374207
-0.593779
0.713254
1.441388
2.572415
4.093436
6.084386
7.006097
6.465266
4.284904
1.819052
0.275428
-0.213453
0.663875
1.163873
1.465408
2.495007
4.527448
7.023986
7.735202
6.778718
4.570150
2.388298
-0.213459
-1.025014
0.227132
1.134776
1.986966
3.196733
5.442609
6.900617
7.090793
6.596389
4.443738
1.929419
-0.440164
-0.754351
0.399056
1.463964
1.654142
2.742015
4.942683
7.066447
7.737624
6.373782
4.188596
2.142198
0.289872
-0.821677
-0.003024
1.383908
1.829085
2.574737
4.734561
6.400146
7.250739
6.308438
3.858684
1.686521
-0.384669
-0.710953
-0.697638
0.963817
1.765336
2.804941
4.570186
6.398585
7.856933
6.617118
4.646154
2.102839
0.096704
-0.305087
0.800530
1.124978
2.049613
3.221680
5.473073
6.858092
7.271508
6.694057
4.398342
1.353760
-0.571850
-1.272859
-0.416326
1.024114
1.791535
2.786488
4.562013
6.574519
7.045016
6.118102
3.975097
1.436346
-0.648088
-0.431158
0.897658
1.205195
1.835675
2.802814
4.408594
5.902291
6.622535
5.653352
4.002944
1.410054
-0.189534
-0.446327
0.765494
1.054215
1.937222
3.039127
4.948203
7.022700
8.629430
7.345218
4.909638
2.838661
0.254802
-0.659483
-0.015922
1.166593
1.931586
2.730475
4.384089
6.453660
6.911719
6.317534
3.819117
1.543501
-0.580096
-0.683952
0.262862
1.261516
1.967723
2.983137
4.511034
6.569329
7.085866
6.848063
4.622125
2.625758
0.339814
-1.228234
-0.776399
0.401725
1.087556
2.673510
4.821000
7.200484
8.167111
7.175502
4.308596
1.504812
-0.420361
-1.035718
-0.437311
0.586659
1.407463
2.663166
5.413302
7.691375
8.236022
7.167617
4.900714
2.545112
0.366928
0.086384
0.690166
1.701531
2.231772
3.173880
5.414548
7.888297
8.518414
7.129842
4.414292
2.191690
0.264017
-0.406260
0.069903
0.926528
1.290763
2.289002
4.277555
6.564874
7.124881
6.191447
4.659342
1.905470
-0.456812
-0.996107
-0.389123
0.746646
1.567994
3.402397
4.850737
6.655543
7.551440
6.170730
4.320330
2.726103
0.823709
-0.067575
0.040639
1.159785
1.708594
2.637958
5.028571
6.887265
7.029414
6.377772
4.144698
1.567439
-0.562677
-1.721144
-0.322127
0.951997
1.850585
3.100698
4.371195
6.337989
6.201987
5.913051
3.657029
1.656269
-0.520963
-1.111364
-0.257533
0.815692
1.776916
2.623400
4.427473
6.651786
6.938590
6.259936
4.292428
1.563020
-0.518261
-0.351824
0.369723
1.681931
2.131530
3.069551
4.710241
6.421084
7.412585
6.459609
3.514086
1.243303
-0.565319
-1.564650
-0.796918
0.049893
1.337119
2.816485
5.053790
6.930034
7.079185
5.705749
3.939654
1.832444
-0.428616
-0.656192
-0.446889
1.183087
1.466680
2.865333
5.025207
6.653274
6.882628
5.402640
3.392004
1.492890
-0.459657
-1.143074
-0.007922
1.432584
1.890723
2.472661
4.757298
6.812181
6.760514
6.285935
3.968116
1.157155
-0.943871
-0.945104
-0.377154
1.017287
1.963557
3.062079
5.148234
6.875022
7.058963
5.750323
3.880611
1.312578
-0.609004
-1.182545
-0.771920
0.557729
1.145459
2.066660
4.224802
6.373618
6.596160
6.191434
4.021512
2.000927
0.010620
-0.952340
0.045407
0.738166
1.424393
2.678115
4.859377
6.449832
7.219388
6.164048
4.196945
1.618693
-0.568847
-1.401984
-0.489930
0.675344
0.840985
2.362572
4.387294
6.750196
7.894694
6.470614
3.879934
1.400755
-0.709233
-1.170834
-0.483601
0.844354
1.527320
2.417320
4.013952
5.677039
6.399615
5.633332
3.460239
0.986396
-0.530749
-1.057424
-0.266929
0.546285
1.125442
1.644646
3.472350
5.882159
6.769553
5.837310
4.086875
1.557306
0.019275
-0.758282
-0.166783
0.789231
1.389453
2.262115
4.350839
6.335834
7.036349
6.032180
4.320260
1.756078
-0.121104
-0.676744
0.344661
1.027377
1.523078
2.473539
4.657260
6.629083
7.328261
6.968818
4.804427
2.265289
0.034172
-1.034591
-0.318666
0.686881
1.332012
2.602586
4.345436
6.378642
6.907199
5.947040
4.204311
1.909064
-0.194579
-0.705448
0.573874
2.247544
2.249146
3.610391
4.969748
6.903150
7.217517
5.844054
3.941634
1.793888
0.139837
-0.873474
-0.391335
0.662396
1.330903
2.561770
5.121634
7.262179
7.910239
6.819892
4.944871
2.127145
0.068581
-1.016749
0.282540
0.971398
1.404984
2.573817
4.273413
6.465869
7.590320
7.182723
4.704707
1.835755
-0.358591
-1.612273
-0.599942
1.410407
1.697410
3.017765
4.907985
7.177545
7.637235
6.708587
4.656476
1.729568
-0.052225
-1.398385
-0.450692
0.808072
1.305840
2.044457
4.543416
6.695392
7.194907
6.120055
4.405956
1.534536
-0.681365
-1.657606
-0.520699
0.682607
1.587263
2.726114
4.400446
6.111512
6.848552
5.528563
3.150245
0.879511
-1.251097
-2.098827
-0.709814
0.608548
1.436699
2.015739
3.878249
6.308751
7.052985
6.146317
4.273322
1.946023
-0.098616
-0.629862
0.109275
1.446364
1.769010
2.506500
4.435701
6.805976
7.385932
6.841884
4.656395
1.854596
-0.546538
-0.520107
0.391345
1.336040
2.022368
2.983625
4.714542
6.663054
6.973742
6.119193
3.906345
1.124884
-1.186020
-2.062708
-0.777669
0.113112
1.296164
2.709925
4.176588
6.381484
7.030944
6.155810
3.891627
1.421181
-1.161317
-1.894987
-0.715394
0.543561
1.056585
2.216956
4.311882
6.270953
6.853965
6.302775
3.954715
1.201647
-0.271906
-1.074397
-0.321052
0.559743
1.488380
2.645803
4.607997
6.539493
6.954787
6.183192
3.661003
1.247168
-0.916021
-1.140027
-0.676696
0.467347
1.401699
2.472024
4.079212
5.840764
6.706729
6.081702
4.065481
1.796501
-0.342247
-0.283702
-0.157392
0.943864
2.123830
2.917278
4.834819
6.461438
7.161132
5.650699
3.917464
2.181364
0.239742
-0.154619
0.213937
1.622643
2.301885
3.080423
5.041404
7.176276
7.192367
6.937881
4.715601
1.963308
-0.145932
0.145104
0.490531
1.327615
1.835997
2.585280
4.569966
6.976399
7.544875
6.224053
3.590780
1.371858
-1.175390
-1.574833
-0.806479
0.302255
1.766776
2.174987
4.825762
6.363675
7.212485
6.215194
3.510235
0.198441
-1.633299
-1.784913
-1.366713
0.288085
1.048113
1.394186
3.231427
5.472739
5.887511
5.397151
3.807377
0.993771
-1.230600
-2.336930
-1.356395
-0.208581
1.143583
2.115784
4.303500
6.428241
6.994624
5.946452
3.711449
1.032796
-1.164524
-2.286553
-1.203858
0.238599
1.262002
2.184174
4.467484
5.895112
6.549010
5.623832
3.424114
0.893038
-0.863077
-1.299304
-0.565109
0.649352
1.051779
2.250791
4.094052
5.813863
6.875762
6.424512
3.608040
1.288795
-0.717528
-0.664021
-0.351362
0.895301
1.860740
2.895204
4.635621
6.721349
7.053357
5.958816
3.843212
1.477250
-0.484875
-1.384740
-0.538102
0.658580
1.226624
2.219551
4.025271
6.060796
6.874007
6.599061
4.490297
2.152171
0.203255
-0.006888
0.189597
1.093293
2.362927
3.758030
5.222161
7.193910
7.982348
6.739322
4.488844
1.873010
-0.463441
-0.601313
0.449878
1.082614
2.228141
2.994406
4.649110
6.986178
7.628085
6.382915
4.068856
1.268456
-0.444926
-0.801186
-0.258713
1.074904
1.818460
2.533543
4.238694
6.536010
7.289796
5.884961
4.078518
1.765107
-0.578466
-1.618597
-0.817252
0.270743
1.599345
2.844914
5.131598
6.720122
7.849542
6.731326
3.945351
1.086215
-0.383378
-1.192883
-0.269816
0.330369
1.162061
2.541110
4.561022
6.719012
6.945479
5.813113
3.606488
0.948746
-0.951093
-1.498203
-0.875571
0.752017
1.042119
2.394458
4.325352
6.292789
7.025662
6.454467
4.200466
1.690283
-0.158413
-0.951447
-0.781477
0.623851
1.441660
3.042583
4.917636
6.662765
6.533099
5.682132
4.050326
1.359902
-0.205895
-1.321592
-0.501011
0.379359
0.882421
2.324964
4.009613
5.733207
6.775809
5.962504
4.205739
1.408124
-0.637558
-0.880578
-0.498781
0.896024
1.589681
2.817077
4.828214
6.613303
7.410140
6.663627
4.212151
1.199626
-0.744221
-1.683903
-1.064876
0.118656
1.214522
2.284407
4.404287
6.303172
7.042918
6.067389
3.420565
0.659657
-1.416599
-1.463735
-1.123242
0.054084
1.192121
2.614084
4.710911
6.382518
6.524978
5.090888
3.075317
0.647491
-1.242764
-2.022312
-0.841431
0.002902
0.790909
1.553242
3.527150
6.388534
6.883906
6.366029
3.797940
1.211426
-0.603085
-0.739074
-0.050950
0.959016
1.803219
2.498116
4.004749
6.219779
7.408412
6.066813
3.693031
1.137826
-0.617904
-1.393470
-0.029299
1.083022
1.403780
2.317239
4.550331
6.877742
7.431502
6.177732
4.134863
1.372576
-0.550152
-1.463684
-0.611923
0.646857
1.683330
2.590302
5.206046
6.725883
7.042689
6.343898
3.681028
0.969990
-1.384935
-1.840363
-1.009027
0.470113
1.005602
1.920210
3.911257
5.944455
6.699386
5.931327
3.425710
0.642661
-1.105554
-1.330875
-0.151118
0.973550
1.450498
2.170365
4.366275
6.138408
6.830508
5.529387
3.392222
0.876718
-1.188515
-1.552547
-1.056878
0.493430
0.896969
1.689243
4.034148
5.317996
6.261662
5.424411
3.423755
1.059719
-0.887144
-1.788563
-1.039323
0.487985
0.826492
1.659847
3.582051
6.565875
6.938113
6.059161
3.940170
1.652423
-0.538430
-0.955945
-0.568339
0.703731
1.453826
2.650042
4.477740
6.303126
7.059051
6.368049
4.050391
1.104307
-0.395110
-1.461546
-0.985868
-0.012357
1.205888
2.598324
4.510707
6.182918
6.965959
5.773587
3.670444
1.233573
-0.561139
-1.656318
-0.452657
0.586911
1.442787
2.242945
4.393903
6.513423
7.007129
5.855250
3.858957
1.118359
-0.903396
-1.500718
-0.062022
0.463967
1.193755
1.955701
4.002179
5.832076
6.548638
6.169478
4.069698
1.507019
-0.257865
-0.541858
-0.203151
0.556289
1.137330
2.403981
4.906829
6.644845
7.289836
6.557496
3.790504
1.396472
-0.826356
-1.477920
-0.185744
1.175178
1.443620
2.252579
4.179049
6.688748
7.695518
6.576396
4.207674
1.535098
-0.557226
-0.715825
-0.262658
1.029002
1.769473
2.747567
3.817524
5.917754
6.910863
5.443856
3.085902
0.989887
-1.151687
-1.606858
-1.212316
0.178468
1.427415
2.232292
3.845144
5.549392
7.047744
6.339107
4.067478
1.304724
-0.794184
-1.329827
-0.640981
0.737233
1.323089
2.710998
4.905494
6.658954
7.173137
5.529925
3.745722
1.072451
-1.590255
-2.362148
-1.163796
0.834708
1.490448
2.029972
4.109042
5.879161
6.297317
5.821155
3.802469
0.778690
-1.293378
-1.685998
-1.206273
-0.147312
1.040262
2.062992
3.983062
6.729663
7.277196
6.183326
3.741991
1.282655
-0.433646
-0.827591
-0.639066
0.175889
1.398866
2.078039
4.194467
6.523456
6.993773
5.938056
4.060880
1.399503
-0.655463
-1.536837
-1.235383
0.036454
0.886717
1.923155
4.290866
6.437781
7.252301
6.644834
4.159743
1.635812
-0.790907
-1.400750
-0.531571
0.502868
1.228387
2.581876
4.462040
6.546632
6.681582
5.852588
4.088947
1.137341
-1.284655
-2.153580
-1.667665
-0.153755
1.081780
1.990334
4.122121
5.932366
7.194699
5.524404
3.267310
0.614585
-1.336020
-1.623507
-0.737164
0.580569
1.177861
2.054635
4.425409
6.435899
6.904757
5.731189
4.041651
1.388181
-0.693424
-1.254661
-0.083323
0.929387
2.044971
3.052219
4.793327
6.705632
7.098332
5.956075
4.302134
1.798871
-0.625140
-0.546024
-0.407956
0.844459
1.603689
2.688464
4.343215
6.367246
7.577725
6.773997
4.666125
2.078765
-0.718174
-1.306916
-0.306584
1.477962
2.381904
3.245342
4.690906
6.968932
7.628411
6.365678
3.899488
1.366111
-0.405345
-1.431885
-0.525399
0.969207
0.940208
2.270545
4.403027
6.658847
7.768247
6.551131
4.455343
1.562202
-0.609231
-1.058254
0.090655
0.756179
1.430575
2.335382
4.360206
6.165694
6.673556
5.899613
3.185108
1.081038
-0.934251
-1.974916
-1.415393
-0.023834
0.876105
2.025817
3.823111
6.165675
6.635501
5.862020
3.837658
1.620551
-0.547386
-1.048454
0.027705
0.840508
1.774416
2.711682
4.761429
6.377904
7.495822
7.055234
4.476423
1.134648
-0.768634
-0.988298
-0.789346
0.605643
1.001703
2.077060
4.414387
6.579148
7.475295
5.855243
3.808372
1.423949
-0.275597
-1.293216
-0.095742
0.762536
1.549272
3.021210
4.805407
6.435988
6.919400
6.055924
3.584674
1.623014
-0.572062
-1.062963
-0.649646
0.547538
1.324492
2.391926
4.145307
6.302722
6.526244
5.597049
3.536293
0.705213
-1.154311
-1.907249
-0.345712
0.916699
1.039720
1.989470
4.066399
6.323760
6.892219
5.426501
2.998261
0.633369
-1.630143
-1.853583
-1.307046
-0.012421
1.037324
2.474414
4.542678
6.962855
6.900355
5.738750
3.416738
0.294271
-2.033967
-2.183539
-0.494310
0.692319
1.357150
2.055568
3.737236
5.826713
6.403464
5.136928
2.796772
0.556506
-1.993528
-2.230350
-1.971617
-1.064177
-0.295075
1.183752
3.210014
5.859677
6.122695
4.992423
3.317121
0.729317
-1.234899
-1.416915
-1.158909
-0.369228
0.965588
2.055413
3.768418
5.662738
6.228446
5.723788
3.619521
0.385385
-1.348872
-2.463021
-1.566722
0.125056
0.649729
1.606749
3.970920
5.807521
6.694346
5.526629
4.104648
1.543181
-1.073719
-1.833402
-0.801018
0.241172
1.244942
2.750604
4.597926
6.365933
6.722396
5.514491
3.389110
0.647978
-1.472235
-1.395793
-0.604773
0.299895
1.211987
1.973828
3.959315
5.851027
6.409324
5.027724
3.195813
0.908117
-1.218471
-1.609208
-0.727115
0.539870
1.387680
2.791749
4.005987
6.585437
6.379603
5.570254
3.447566
1.154208
-1.089474
-1.766865
-1.306662
0.097211
0.965249
1.906512
3.935396
6.119834
7.115230
5.897120
4.033840
1.210728
-0.989827
-1.131020
-0.449849
0.720851
0.858932
2.138029
4.454339
6.490100
6.226306
5.195193
3.354198
1.176256
-1.055325
-1.730702
-0.863600
0.498157
1.255091
2.095425
3.673528
6.310874
6.801845
6.067616
4.000140
1.426526
-0.441165
-1.241954
-0.057113
1.421796
1.795249
2.809318
4.510554
6.770448
7.504724
6.815177
4.131924
1.525067
-0.559514
-1.562830
-1.038623
0.364135
1.214204
2.847520
4.790190
7.180972
7.749583
6.761699
4.033279
1.380257
-0.491497
-1.289153
0.277116
1.621379
1.844893
2.356040
4.406810
6.784328
7.177707
5.903396
3.628738
0.856461
-0.705956
-1.725816
-1.024247
0.070799
0.751997
1.678972
3.574428
5.737849
6.561210
5.872733
3.531040
1.067379
-1.096893
-1.974298
-0.973799
-0.136625
0.719788
1.851209
4.550453
5.744185
6.301410
5.416642
3.462197
0.447684
-1.484570
-1.995589
-0.985040
0.681552
1.434343
2.066719
3.903824
6.138457
7.043479
5.847087
3.265762
0.462597
-1.174183
-1.359570
-0.792959
0.787570
1.372606
2.102585
4.132457
6.770934
7.713096
6.864440
4.941983
1.977824
-0.242139
-1.290242
-0.732248
0.346492
1.130265
2.336503
4.212643
7.097686
8.005027
7.151021
4.504992
1.830830
-0.316848
-1.047998
-0.695135
0.957501
1.566873
2.570418
4.842054
7.150596
8.063621
6.908103
4.442587
1.551728
-0.175598
-0.817849
-0.169464
0.815818
1.100607
2.355087
4.854958
6.513858
7.576430
6.410363
3.579386
0.790422
-1.443738
-2.008942
-1.024327
0.469531
1.020921
2.385367
4.291618
7.112227
7.869121
6.298032
3.607680
0.905530
-1.236249
-2.050410
-1.607378
-0.126307
1.133029
2.606721
4.148794
5.915526
6.679976
6.009894
4.172128
1.187193
-0.824505
-1.598362
-0.314671
0.707690
1.566051
2.295967
4.365371
6.505721
7.309196
5.732152
4.117053
1.489970
-1.242607
-2.045577
-1.456401
-0.114624
0.755173
2.047058
4.211851
6.670760
6.912663
5.765937
3.902264
1.518008
-0.325935
-0.674619
-0.156628
0.275641
0.594955
1.948845
4.145643
6.736571
7.975686
6.140067
3.439951
0.695301
-0.948634
-1.118068
-0.698625
0.221074
1.354861
2.210939
4.085852
6.008090
6.256812
5.236789
2.639446
0.646880
-1.331174
-1.398674
-0.857053
0.061601
1.007466
1.615582
3.104515
5.253255
5.835631
5.063155
3.035216
0.455050
-1.038832
-1.986054
-0.268214
0.844569
1.372763
2.285751
4.007716
5.875705
5.960639
5.794393
2.831727
0.378684
-1.294687
-1.749965
-1.286197
0.227860
1.153890
2.245930
3.964781
5.616260
6.434577
4.852848
2.739033
0.476071
-1.877348
-2.290363
-0.941182
0.028999
1.048305
2.734064
4.068366
6.194905
6.980971
5.536742
3.751830
0.416007
-1.783947
-2.177728
-1.626047
0.110480
0.890357
2.049150
3.739978
5.217998
5.912864
5.354981
3.316370
0.720954
-1.453284
-2.117813
-1.899695
-0.430672
0.682417
1.431393
3.557695
5.921283
6.812495
5.479014
2.865821
0.335735
-1.632026
-2.565787
-2.195352
-0.881001
0.272865
1.313322
3.604199
5.787198
6.424861
5.712625
3.486816
0.673529
-1.076990
-1.736113
-0.725367
-0.061719
1.053443
1.984473
3.644515
5.404418
6.214862
5.347434
3.279455
0.765448
-0.423837
-0.563862
-0.324148
0.574565
1.151456
2.356666
4.004266
5.998960
7.212340
6.292224
3.691193
1.044158
-1.044650
-1.771636
-1.026336
0.043689
0.814055
2.308820
4.325516
6.292254
7.130336
6.366015
4.203869
1.390653
-0.548288
-0.959525
0.022275
1.099076
1.522017
2.294124
4.120372
6.641191
7.625068
6.532245
3.983843
1.355539
-0.562425
-0.528461
-0.173079
0.641891
1.571214
2.892489
4.749472
6.778121
7.406032
6.588794
3.806542
1.018425
-1.207983
-1.751944
-1.182024
0.108234
0.969907
2.110123
4.622832
6.408893
7.230247
6.486918
4.011332
1.663340
-0.660411
-1.281438
-0.564317
0.708552
1.118313
1.997166
4.013321
6.147460
6.694057
5.674304
3.525563
0.797466
-1.591669
-1.793493
-0.775741
0.231345
1.314708
2.462007
3.808291
6.311181
7.332061
6.578467
3.557426
1.165346
-1.185424
-1.890260
-1.317833
-0.165923
0.655305
2.573798
3.968891
5.366424
6.026454
5.426835
3.371091
1.043067
-1.140935
-2.103382
-0.395817
0.486583
0.650259
1.901814
3.832473
6.262305
7.080394
5.748206
3.151181
0.292324
-2.206147
-2.511102
-1.614956
0.254895
0.552311
1.435235
3.833755
5.799613
6.622123
5.015670
2.946124
-0.055742
-2.272767
-2.543871
-1.818377
-0.257407
0.319387
1.605885
3.562407
5.243384
5.795505
5.009143
2.816982
0.352015
-1.741850
-1.707211
-1.134747
0.057078
0.742561
1.745900
3.535174
5.444449
6.729447
5.612269
3.401426
0.915079
-0.741601
-1.146685
-0.617059
0.722425
1.452899
2.112993
4.083699
5.864924
6.864886
5.255572
3.096373
0.737350
-1.047420
-1.529572
-0.648701
0.273381
1.239516
2.171340
4.046824
5.614238
6.542466
4.909408
3.318196
0.999079
-1.490821
-1.924175
-0.223876
0.725711
1.554772
2.662233
3.737195
6.205611
6.699012
5.413459
3.445940
0.781315
-1.191331
-2.069797
-1.265097
0.031219
1.200252
2.320335
3.872451
5.797473
6.487853
5.604020
3.931712
1.432209
-0.896606
-1.915044
-1.074319
0.941533
1.787863
2.308039
4.532150
7.302556
7.448787
6.350200
3.937699
1.530436
-0.766472
-1.003292
-1.031124
0.083658
1.012571
2.675036
4.418113
6.337157
6.676848
5.105613
2.896522
0.630105
-1.120547
-1.840318
-1.368358
0.254447
0.576273
1.850214
4.165756
6.268909
6.917014
6.204530
3.440705
1.039290
-0.377653
-0.580355
-0.787043
0.430493
1.390689
2.104465
3.688183
5.654994
6.432536
5.633697
3.587964
0.770387
-1.281728
-1.974504
-1.417200
-0.253615
0.546607
1.474420
3.775208
5.755939
6.956740
5.294990
2.761474
0.090532
-1.796169
-2.598348
-2.008593
-0.293950
1.213390
2.251605
4.269583
5.572879
6.230302
5.218253
3.264433
0.418778
-1.977219
-2.656268
-2.093207
-0.511876
0.359221
1.520785
3.360608
5.484637
6.167583
5.412776
2.819760
0.175760
-1.671526
-2.149703
-1.665095
-0.216253
1.091602
1.573512
3.236571
5.739551
6.658355
5.746385
2.860886
0.096346
-1.231903
-2.464655
-2.055351
-0.357812
0.421911
2.092383
3.782373
5.693128
6.302772
5.477702
2.825541
0.545456
-1.104465
-1.973781
-1.023976
-0.493048
0.734679
1.398336
3.782250
5.977447
6.157224
4.966081
3.236842
0.694894
-0.733839
-1.807610
-0.846342
0.603192
1.089180
2.134035
4.164165
6.246490
7.218059
6.039592
3.879754
1.434708
-0.256222
-0.654400
-0.285387
1.462783
1.928809
3.000630
4.835852
6.545657
7.149806
5.980321
3.903639
1.088029
-1.768717
-1.995321
-1.325480
0.135994
0.887156
2.123013
4.366698
6.564029
