7.350499
6.355962
4.109464
0.918398
-1.032384
-1.830228
-1.384508
-0.088017
0.821496
2.144123
4.359688
6.637654
7.408967
6.402268
3.731054
0.693799
-1.224373
-1.489512
-1.189817
-0.105423
1.065219
2.196404
4.025639
6.136470
7.247563
5.669709
3.612956
0.311960
-1.750227
-1.851503
-1.194589
-0.093484
0.721869
2.149131
4.736916
6.585912
6.906861
5.800958
3.628717
1.008396
-1.282585
-1.924248
-0.382431
0.982673
1.659226
2.123221
3.982222
6.342851
6.609685
5.608319
3.423788
0.814466
-0.523843
-1.806689
-1.158617
0.149755
0.880799
2.768846
4.154010
6.078628
6.888688
5.817456
3.062977
0.363379
-1.663562
-1.964220
-1.695032
-0.745274
0.699323
1.849453
4.085923
6.584828
7.082955
5.949197
3.331114
0.511792
-1.555780
-2.626925
-1.016220
0.370956
0.884441
1.728342
3.523526
5.681401
6.804852
5.593633
3.565278
0.531429
-1.022006
-1.469726
-1.197226
0.295786
0.922550
2.250389
4.087232
6.291341
6.563611
5.912030
3.126060
0.359945
-1.989683
-2.189281
-1.485534
-0.317639
0.296355
1.586848
3.641528
6.202050
6.077228
5.179740
2.296669
-0.087906
-2.140360
-2.900437
-2.252408
-0.847971
0.599927
1.776326
3.508787
5.397180
6.391854
5.174254
2.790882
0.438945
-1.881281
-2.658956
-1.760839
-0.370449
0.161865
1.063343
3.219749
5.414544
6.340489
5.415215
2.909664
0.060900
-1.794940
-2.518460
-2.070584
-0.565700
-0.021142
1.676779
4.039514
6.202783
6.806586
5.628469
2.723098
0.062502
-2.037987
-2.592996
-1.688503
-0.000483
0.943868
1.241655
2.987202
4.808349
5.637971
5.003038
2.686515
0.146399
-2.057990
-3.007045
-2.247184
-0.944931
0.508275
1.635906
3.695379
5.704843
6.157502
4.610017
2.456126
-0.506721
-2.326715
-2.732505
-1.725981
-0.159847
0.420113
1.826147
3.308887
5.663211
5.547719
4.802485
3.026842
0.094941
-2.193326
-3.341238
-2.538458
-1.048347
0.225771
1.350189
3.906026
5.683599
6.135594
5.458329
3.188562
0.730521
-1.565342
-1.954721
-1.245423
-0.385250
-0.053013
1.288712
3.684628
5.188022
6.428494
5.130549
2.766052
-0.036719
-2.118070
-2.812258
-2.387062
-0.732142
0.690788
1.663805
3.140098
5.441445
6.044057
5.177281
3.054268
0.440156
-1.988246
-2.492587
-1.933779
-0.686367
0.587663
1.886638
3.610129
5.561437
7.166451
5.798709
3.135233
0.581277
-1.321559
-1.917400
-1.107922
0.395070
0.991228
1.616697
3.782723
5.749473
6.736310
5.873792
3.203827
0.994441
-1.282104
-2.235819
-1.523224
-0.819593
0.122305
1.871915
3.831280
5.770246
6.216603
5.645478
3.266618
0.280258
-1.544953
-2.219220
-1.434475
-0.141613
0.701227
1.362240
3.439637
5.537799
6.768256
5.878995
2.998857
0.206180
-1.532101
-2.048410
-1.231623
0.100837
0.743279
1.825131
3.320942
6.002379
6.098275
4.854422
2.702947
-0.115016
-2.437609
-2.955990
-1.624664
-0.417538
0.674682
1.668209
3.023024
5.656045
6.348104
5.062263
3.360388
0.854613
-1.366843
-1.770318
-1.123099
0.061146
0.630255
1.228743
4.110313
6.668754
7.061830
6.075074
3.886662
0.829363
-1.181607
-2.256804
-1.811942
0.193799
1.050323
1.936276
4.179644
6.247235
6.626088
5.857409
2.888178
0.338914
-1.897072
-2.365413
-2.221907
-0.565617
0.502316
1.589684
3.489265
5.243024
6.015342
5.099683
3.070058
0.425627
-1.578774
-2.840856
-2.270619
-0.655345
0.158213
1.098606
2.972532
5.422910
5.914977
5.386260
3.155116
0.139464
-2.298749
-3.473639
-2.283525
-0.790586
0.144326
1.239038
3.231948
4.871203
5.925725
4.898190
2.480565
0.074430
-1.873586
-3.242256
-2.475542
-0.469440
0.367874
0.927186
2.760608
5.264611
6.188058
4.890393
2.532626
-0.721611
-2.992550
-3.866612
-2.354728
-0.494864
-0.114450
0.843472
2.321824
4.528628
5.239846
4.167506
2.270549
-0.609081
-3.013412
-3.737439
-2.815004
-0.932299
-0.163362
0.520010
2.323797
4.130770
4.768804
4.022889
1.914392
-1.072003
-3.042477
-3.586048
-2.205754
-0.550256
0.260353
1.333899
3.046406
5.225999
5.586820
4.644111
1.877561
-0.996590
-3.357929
-4.257319
-2.951614
-1.356499
-0.115372
0.586589
2.682294
5.200326
5.917043
4.380901
1.970737
-0.776094
-2.131647
-2.919177
-1.876124
-0.269838
0.707838
1.065643
2.917456
5.157193
5.947738
5.150874
2.140345
-0.252755
-2.190157
-3.093474
-1.846921
-0.771964
-0.485099
0.754443
2.339432
5.153562
5.863820
4.798874
2.234972
-0.643107
-2.601642
-3.806935
-2.471841
-1.183465
-0.000613
1.230061
2.484042
4.295799
5.455190
4.867950
3.407928
0.768663
-1.532051
-2.414472
-1.614221
-0.452113
0.053175
1.504753
2.824038
5.059011
5.769496
4.464343
1.810171
-0.742495
-2.390505
-2.966556
-2.485447
-1.019853
-0.226860
0.833053
2.712251
4.546008
5.522672
4.540506
2.105079
-1.049135
-3.096628
-3.198337
-2.399429
-1.165273
-0.354239
0.313512
1.991385
4.140379
4.862015
3.709233
1.382808
-1.096039
-2.830082
-3.571135
-3.193690
-1.268929
0.150592
0.918674
2.353714
4.588216
5.283618
4.269911
1.644564
-1.609688
-3.634508
-4.349567
-2.675828
-0.622937
-0.546041
0.024497
1.545102
3.038324
3.812666
3.009171
1.630207
-0.800186
-2.439352
-2.718285
-1.885406
-1.087377
0.076279
0.935885
2.074092
3.881993
4.697085
3.740875
1.829089
-0.513071
-2.832202
-3.697737
-3.226847
-1.916138
-0.753750
0.279641
2.607244
4.598815
5.691287
4.001577
2.187595
-0.626528
-2.695230
-3.479239
-2.545376
-0.684813
0.166492
0.870028
2.783381
4.441730
4.843485
3.839430
1.586611
-0.997449
-2.510860
-2.745810
-1.915634
0.212480
0.415054
1.191520
3.223488
4.363949
4.869168
3.780266
1.784950
-0.298398
-2.000354
-2.682771
-2.574879
-1.515929
-0.375931
0.409149
2.136380
4.262465
5.004189
4.409793
2.027746
-0.633607
-2.910994
-3.720458
-2.636802
-1.366797
0.203898
1.425970
2.766647
4.570287
5.546802
4.592198
2.127690
-1.031785
-2.735623
-3.416364
-2.373633
-1.279460
-0.457409
0.560596
2.243376
4.348290
5.125413
4.100454
1.693295
-0.699693
-2.475872
-2.684155
-2.317960
-1.123533
0.241683
1.149642
2.202639
3.998471
4.658618
3.892076
1.338655
-1.161697
-3.605709
-4.248838
-3.187964
-1.719796
-0.463696
0.316797
1.706270
3.371281
3.983604
3.213074
1.627089
-0.921768
-2.979708
-3.233021
-2.877521
-1.518829
-0.750914
0.954391
2.954945
5.039464
5.306512
4.235783
1.979413
-0.827274
-2.221344
-2.681546
-1.885176
-0.421077
0.172894
0.766509
2.639371
4.199121
4.860560
4.172096
1.653913
-1.120234
-3.070790
-3.520685
-2.501765
-0.794040
-0.308455
0.550885
1.927559
3.693542
4.393596
3.827117
1.742129
-0.519099
-2.770297
-3.446117
-2.899280
-1.735802
-0.485528
0.381321
2.565590
4.896557
5.286540
4.040816
1.401585
-0.700141
-2.351224
-3.643624
-2.751838
-0.915345
-0.587232
0.390265
2.061368
3.919344
4.520992
3.306174
0.763464
-1.676112
-4.143239
-4.753617
-3.608281
-2.078929
-0.612436
0.392242
2.001401
3.557378
4.174603
3.006074
0.976483
-1.463766
-3.613258
-4.206180
-3.034508
-1.895164
-0.647889
0.148886
1.711240
3.249084
3.879294
3.357736
1.086094
-1.184095
-2.977410
-3.852531
-2.658349
-1.372149
-0.239453
0.197116
1.580796
3.567413
4.220645
2.856920
0.799849
-2.075228
-3.577806
-4.055514
-2.768476
-0.793498
-0.326365
-0.043097
1.492148
2.692093
3.908637
2.935525
0.215793
-2.312513
-3.676612
-4.325997
-3.000854
-1.650276
-0.667766
0.161155
1.257564
2.450612
3.357046
2.084854
-0.092284
-2.647334
-4.622766
-4.812723
-3.699037
-2.118079
-1.153675
-0.274880
0.828223
2.813557
3.897105
3.768006
2.210944
-0.380140
-1.763538
-2.846986
-1.426587
-0.747720
0.293008
0.967133
2.373970
4.499355
4.344450
3.625602
1.243260
-1.419063
-3.612975
-3.732275
-2.672656
-1.139518
-0.306256
0.316719
1.799976
3.646357
4.241243
3.234736
1.109625
-1.236689
-2.840158
-3.224662
-2.515381
-0.447803
0.039693
-0.023921
1.338072
3.300491
3.725268
3.149125
0.760722
-1.570336
-3.889482
-4.167500
-3.425161
-1.581993
-0.197059
0.256771
1.665248
3.196548
4.180574
3.176661
0.850646
-1.608172
-3.536180
-3.807765
-2.791990
-1.009370
-0.271943
0.298803
1.764626
3.725599
3.939932
3.735446
0.971851
-1.776741
-4.003033
-4.500177
-3.229129
-1.906346
-1.104760
-0.027232
2.118773
3.828920
4.324081
3.832486
1.167386
-1.608067
-2.953716
-3.748912
-2.867916
-1.168681
-1.116425
-0.272372
1.332162
3.073191
3.793688
3.166784
0.769106
-1.788216
-3.142089
-3.264109
-2.344426
-1.096044
0.014781
0.719519
1.827375
2.797062
3.701019
2.827086
0.546301
-2.296210
-3.781418
-4.210479
-3.251807
-1.877804
-0.649035
-0.204490
1.272582
3.236230
3.620297
3.069766
0.552771
-2.136221
-3.571850
-4.323315
-2.701997
-1.417356
-0.181499
0.260396
1.335036
2.798478
3.602916
2.593711
0.476923
-1.464317
-3.152613
-3.816386
-2.360966
-0.847938
-0.168155
0.573774
2.128088
3.723418
4.099452
3.290148
1.195233
-1.232174
-2.799278
-3.268608
-2.778608
-0.839791
-0.161597
0.970513
2.159993
3.558673
4.659781
3.024123
0.639600
-2.128192
-4.018800
-3.948671
-3.266635
-1.791854
0.013007
0.528828
1.691219
3.132713
3.508064
2.839082
1.114691
-1.080660
-3.085742
-2.915527
-1.605350
-0.277255
0.031182
0.905574
2.138446
3.632497
4.436923
3.078553
0.652386
-1.917949
-3.831388
-3.845896
-2.505932
-0.937278
-0.188068
0.609633
1.887842
3.447818
4.555610
3.443588
1.076997
-1.422031
-3.368602
-4.490653
-3.420451
-2.202789
-0.940928
0.186181
1.907268
3.145544
3.296282
2.409923
0.527696
-1.373266
-3.308526
-4.225060
-2.749085
-1.433730
-0.421172
0.113662
1.492332
2.712975
3.582273
2.767388
1.560304
-0.995605
-2.807601
-3.106340
-2.542495
-1.187036
-0.567872
0.249483
2.025102
3.363857
4.320162
3.241800
0.982864
-1.857630
-3.523489
-4.435616
-2.874829
-1.027949
0.380977
0.429438
1.877160
3.301294
3.940615
2.963593
0.706598
-1.635527
-3.625236
-4.137233
-2.689775
-1.080205
-0.556087
0.172019
1.595407
3.397667
3.970557
2.584150
0.143860
-2.031207
-3.945208
-4.101155
-2.913851
-1.390347
-0.550582
0.063883
1.575740
3.121526
3.213103
2.734068
0.918367
-1.406926
-4.082463
-4.534038
-3.456161
-1.776538
-0.490638
0.169170
0.981776
2.672816
3.668898
2.303833
0.523314
-1.943983
-3.570367
-3.986873
-2.684653
-1.450496
-0.227031
0.451010
1.322282
2.959578
3.213740
2.830520
0.731175
-1.664435
-3.353466
-3.712061
-2.572869
-1.397822
-0.450625
0.119557
1.130921
3.136388
3.269146
2.493412
0.369210
-2.159881
-4.182133
-5.013111
-3.289867
-1.708329
-0.275750
-0.011256
1.270267
3.003961
3.325281
2.660362
0.815816
-2.175870
-4.308605
-4.664064
-3.353812
-1.484567
-0.510045
0.198788
1.485694
2.886510
4.178558
2.439669
0.460850
-2.372872
-3.636239
-4.084508
-3.283215
-1.933589
-0.522277
-0.318719
1.224959
2.801793
3.130808
2.193587
0.164457
-1.965486
-3.742905
-4.253550
-2.946373
-1.090568
-0.417476
0.215261
1.464009
2.877225
3.363821
2.239374
-0.102211
-2.576412
-4.640985
-5.157302
-3.706498
-1.918599
-0.641652
0.532598
1.949550
2.554303
3.634767
2.161850
-0.156362
-2.193065
-4.068727
-4.346128
-3.845055
-2.475335
-0.969140
-0.091903
0.664731
1.814796
2.577398
1.688422
0.348337
-1.791873
-3.049873
-2.964123
-2.467771
-1.358884
-0.411342
0.535352
1.346550
2.940718
3.488536
2.401527
-0.040542
-2.541237
-4.388510
-4.639932
-3.593749
-2.091037
-1.064846
0.043709
1.500291
2.509504
3.205003
2.344978
0.046694
-2.631222
-4.740609
-4.649161
-4.079172
-2.327548
-0.639594
-0.095902
1.162787
2.159067
2.565233
1.839718
-0.114036
-2.395785
-3.829034
-3.888296
-2.338109
-1.090760
-0.615394
-0.179070
1.096021
2.192530
2.884389
2.326951
0.765982
-1.698495
-3.946574
-4.595218
-3.370200
-1.880136
-0.411269
0.277707
1.249776
2.451191
3.430893
2.637474
0.417153
-1.973374
-3.787993
-4.109952
-2.991629
-1.854299
-0.465241
0.126269
1.383710
3.414390
4.509342
3.397631
1.289554
-1.432506
-3.662304
-3.701882
-3.457961
-2.130635
-1.053489
-0.476142
1.311743
2.839261
3.747689
2.372634
-0.018712
-2.105003
-4.289625
-4.937150
-4.369631
-2.157640
-0.852399
-0.349704
0.765164
2.051978
2.777594
1.602256
-0.334951
-2.899596
-4.407521
-4.509676
-3.088275
-1.468345
-0.796384
-0.114237
1.168433
2.492732
2.597957
1.746383
-0.133367
-1.884297
-3.539888
-4.065654
-3.075842
-1.515809
-0.544412
-0.517980
0.812218
2.769906
2.952737
1.879109
0.299637
-2.528358
-3.831340
-3.835213
-2.687652
-1.154727
-0.368344
-0.519175
0.535955
1.872710
2.634263
1.893279
-0.498761
-3.234537
-5.197318
-5.167875
-3.868103
-2.221204
-0.865354
-0.371044
0.220023
1.495850
1.773070
1.348760
-0.676428
-3.177617
-4.887914
-5.883170
-4.691039
-2.424899
-1.478004
-0.340966
1.621277
2.913438
2.537974
1.380451
-0.999969
-2.766103
-4.271914
-5.092285
-4.076538
-2.346581
-0.881021
-0.214152
0.812116
2.169870
2.596052
1.842326
-0.425934
-2.804091
-4.391135
-4.858644
-3.629103
-1.549047
-0.629237
-0.337000
0.891569
2.101941
2.550139
1.885508
-0.317124
-2.757411
-4.589183
-5.161016
-4.094347
-2.373267
-1.326562
-0.425282
0.656087
1.922197
2.084229
1.386236
-0.713027
-3.372817
-5.568050
-5.745131
-5.040989
-2.577147
-1.806433
-1.360813
-0.082113
1.888803
2.030816
1.423522
-0.765676
-3.150014
-4.208189
-5.080231
-4.350030
-2.482892
-1.322484
-0.944132
0.373912
1.555233
1.772420
0.751862
-1.037947
-3.136943
-5.000359
-4.826954
-2.970510
-1.662423
-0.711974
-0.127974
0.529654
1.366967
2.319491
1.147411
-0.477596
-2.978735
-4.379675
-4.647985
-3.897368
-1.977651
-0.353015
0.081928
1.319921
2.247710
2.595658
1.453565
-0.378726
-3.079720
-4.887643
-5.015986
-4.602238
-2.481557
-0.866944
-0.765779
0.411702
2.139555
2.420471
1.520494
-0.162210
-2.692278
-4.582225
-4.833629
-4.074180
-1.801139
-1.422662
-0.996876
0.697278
2.060741
2.947062
1.088610
-0.515037
-2.735964
-4.694853
-4.796885
-3.786248
-1.994008
-1.096219
-0.758090
0.442201
1.944710
2.344620
1.026004
-0.846380
-3.120965
-4.427569
-5.190552
-3.706500
-2.070924
-1.141496
-0.506920
0.215169
1.956925
2.597976
1.592707
-0.485491
-2.523412
-4.247847
-4.387959
-3.491900
-1.559779
-0.497178
-0.371614
1.407701
2.325676
2.665539
1.659046
-0.417752
-3.052706
-4.499455
-4.517763
-3.477063
-1.474748
-0.359754
-0.090635
0.643914
2.015810
2.559836
1.126388
-0.925204
-3.149988
-5.066019
-4.672217
-3.613374
-2.007249
-1.146806
0.174671
1.247894
2.029340
1.959392
0.803186
-0.734674
-2.785553
-3.895642
-4.122491
-2.697515
-1.313937
-0.724189
-0.352021
1.285170
1.909624
2.089374
1.289034
-0.843915
-3.054606
-4.689741
-5.152312
-4.283890
-2.176576
-1.212577
-0.345821
0.669827
1.761591
2.206649
1.147610
-0.944266
-3.472458
-5.040730
-5.811203
-4.163760
-2.007215
-1.102262
-1.072378
-0.006814
1.671421
1.997991
1.285117
-0.697218
-2.800570
-4.307050
-4.635823
-3.709338
-1.475547
-0.232007
0.024982
0.935448
1.991475
2.108773
0.595428
-1.383167
-3.846616
-4.849644
-4.393803
-3.207820
-1.212089
-1.558631
-0.834752
0.524510
1.075325
0.969481
-0.037239
-1.546745
-3.599722
-5.118392
-4.850437
-4.078328
-2.444531
-1.285516
-0.896914
0.426604
1.686003
1.864538
0.962706
-1.058712
-3.414966
-5.151399
-5.508101
-4.280165
-2.349778
-0.833251
-0.635171
0.156493
1.516495
2.189603
0.966480
-0.958701
-3.497632
-5.078593
-5.486945
-4.365417
-2.308112
-0.904651
-0.437269
0.079850
1.050118
0.995291
-0.301008
-2.322377
-4.178911
-5.747292
-5.573242
-4.009780
-2.323461
-1.025483
-0.782496
-0.193628
0.641333
0.493672
-0.078893
-1.911142
-3.797731
-5.700687
-6.253855
-4.744423
-3.029857
-1.884704
-1.182950
-0.187209
1.117885
1.739259
0.546067
-1.788587
-4.235503
-6.101401
-5.945173
-4.296645
-2.350873
-1.433387
-1.137240
-0.268515
0.676448
1.078173
0.116042
-1.767379
-4.172059
-6.251520
-6.162542
-4.811875
-3.396794
-2.016599
-1.422652
-0.055131
0.921148
0.958201
-0.061380
-1.836410
-4.006946
-5.247201
-5.861704
-4.550883
-3.107596
-1.953208
-1.576218
-0.558677
0.221370
0.659602
-0.322832
-2.113793
-4.451945
-5.876838
-5.946416
-5.055072
-3.273620
-1.896785
-1.359282
-0.257999
0.894199
1.654654
0.454380
-1.707590
-3.740035
-5.383067
-5.589996
-3.852874
-1.851548
-0.821816
-0.379954
0.693621
1.925042
2.171662
1.172001
-1.239899
-3.806310
-4.995464
-5.002936
-3.298398
-1.472171
-0.678697
-0.791759
0.056370
1.493630
1.188856
0.324303
-1.962601
-4.183384
-6.248279
-6.581791
-4.884299
-3.372727
-2.370345
-1.627074
-0.263349
0.825754
0.546633
-0.124328
-1.701850
-4.107156
-5.090722
-5.823678
-4.883933
-2.778602
-1.876630
-1.243048
0.120997
1.067886
1.530425
0.184426
-1.338966
-3.809178
-5.769656
-5.197571
-3.852572
-2.319402
-1.461610
-0.871409
-0.327871
0.317555
0.511775
-0.361582
-2.389252
-4.941767
-7.032619
-7.259288
-5.608178
-3.565135
-2.009391
-1.222136
-0.214072
0.449760
0.203037
-0.786217
-2.561104
-4.933654
-6.514020
-6.268954
-5.411181
-3.916848
-2.539214
-1.672266
-0.402424
0.888245
1.381663
-0.506317
-2.491674
-4.578581
-6.094793
-5.950643
-5.231986
-3.740260
-2.671700
-1.869163
-0.522173
0.869311
0.333634
-0.648609
-2.474575
-4.728930
-6.539703
-7.300679
-5.972385
-3.764186
-2.411035
-2.134710
-0.986585
0.401573
0.635402
-0.651363
-2.737157
-4.372496
-6.033839
-5.832544
-5.118913
-3.505963
-2.285895
-2.107186
-0.896671
0.309946
0.896975
-0.409473
-2.511139
-4.951822
-6.471606
-6.711563
-5.781921
-3.023179
-2.545220
-1.498508
-0.659608
0.246802
0.510949
-0.387763
-2.816877
-4.510935
-5.884349
-5.838367
-4.642371
-2.710288
-1.767947
-1.062654
-0.309194
0.480873
0.472502
-0.778288
-3.078557
-4.964711
-5.839752
-6.510907
-5.945805
-3.407783
-2.267589
-1.886218
-0.509336
0.557262
0.304484
-1.012972
-2.979198
-4.970557
-5.930625
-5.591537
-5.019649
-3.658385
-2.038503
-1.764198
-0.945198
-0.176591
-0.038150
-1.021887
-2.816483
-4.971377
-6.750022
-6.558473
-5.395267
-4.190642
-2.210414
-1.547655
-1.068127
-0.061404
0.352794
-0.905170
-2.616921
-4.738097
-6.842938
-6.784145
-5.814444
-3.945256
-2.757459
-1.541004
-0.870076
0.124167
0.109419
-0.757062
-2.894741
-5.352485
-7.426211
-7.143581
-5.549028
-3.468816
-2.264487
-1.934485
-1.071697
-0.210252
-0.574430
-1.151523
-3.045307
-5.071226
-6.796520
-6.388292
-4.835526
-3.154094
-2.063222
-1.514140
-0.534627
0.619038
0.029776
-0.761944
-3.025652
-5.375842
-6.568453
-7.012355
-5.641928
-3.559035
-2.360868
-1.693507
-0.996869
0.389667
0.047839
-1.212863
-2.900834
-5.057080
-6.763629
-7.525721
-6.352931
-4.304910
-3.034412
-2.310927
-1.075385
-0.118736
-0.213538
-0.935914
-2.801303
-4.988085
-6.758467
-7.246507
-5.461724
-3.531991
-1.951186
-1.015149
-0.671359
-0.038595
0.456564
-0.588473
-2.810438
-5.153604
-6.867467
-6.989071
-5.259337
-2.649779
-2.012437
-1.468861
-0.462278
0.141213
0.137076
-0.894037
-3.188556
-5.729664
-7.323956
-6.307055
-5.471779
-3.627851
-2.331204
-1.747590
-0.896218
-0.315760
-0.579832
-1.356091
-3.049804
-5.035090
-6.304569
-6.559630
-5.294060
-2.998668
-2.423041
-1.907781
-0.843816
0.427162
-0.198993
-1.109940
-3.102902
-5.260798
-6.707766
-7.094554
-5.945707
-4.079480
-3.114614
-2.050607
-0.479117
0.273419
0.580200
-1.169462
-3.056440
-5.325097
-6.874987
-7.098906
-5.607766
-4.346040
-3.011111
-1.971354
-1.032061
0.091946
0.212718
-1.093947
-3.031078
-5.007411
-6.538461
-6.757398
-5.526207
-3.131988
-1.675643
-1.738120
-0.964534
0.026192
0.063043
-0.986253
-2.944205
-5.020410
-6.494364
-6.568316
-5.462387
-3.377688
-2.675837
-1.805614
-0.697061
0.328169
0.211446
-0.499322
-2.902247
-5.567124
-7.175895
-6.838739
-5.550770
-3.235557
-2.348985
-1.608685
-0.792843
-0.042941
-0.203358
-1.497128
-3.205188
-4.830490
-6.441516
-6.649760
-5.361397
-3.647548
-2.877936
-2.314774
-1.008873
0.007206
-0.096738
-0.803010
-2.929965
-5.296146
-6.684651
-6.367437
-5.332405
-3.527766
-2.425559
-1.586166
-0.669512
0.072981
0.250232
-0.256762
-2.898685
-5.423423
-7.364222
-7.379476
-5.991000
-3.678443
-2.599518
-2.039106
-0.991370
-0.474228
-0.273826
-1.536815
-3.341549
-5.274042
-6.299166
-6.311362
-5.344428
-4.385903
-3.525732
-2.311781
-0.888821
0.391273
0.429798
-0.720002
-2.352265
-4.181433
-5.387691
-5.824447
-5.059699
-3.241433
-2.511823
-1.530953
-0.186840
0.517040
0.761964
-0.717465
-2.778087
-5.537705
-7.392494
-6.949370
-5.428967
-3.344190
-2.678119
-2.418811
-1.083298
-0.173986
-0.273183
-1.175420
-3.207546
-5.611619
-7.112650
-7.250463
-5.757718
-4.953032
-3.240565
-2.232783
-0.978619
-0.366839
0.231238
-0.791604
-2.653701
-4.696121
-6.174321
-6.506731
-5.494774
-4.040779
-2.816289
-2.014690
-0.783646
0.420185
0.322429
-1.241258
-3.119328
-5.816442
-7.520418
-7.561022
-6.807609
-4.850482
-3.120431
-2.221287
-1.004286
-0.169493
-0.129951
-1.396924
-3.415401
-5.875336
-6.840878
-6.611662
-5.436753
-4.373899
-2.879570
-1.605231
-1.229092
-0.788569
-0.338292
-1.253701
-3.669113
-5.982850
-6.909336
-6.244073
-5.013674
-3.551379
-2.335862
-2.197311
-1.135725
-0.195401
0.031066
-1.055588
-3.311560
-5.633624
-7.412353
-7.785734
-6.250841
-4.177673
-3.241499
-2.521902
-1.051337
-0.148993
0.175450
-1.617068
-3.447152
-5.698216
-7.687781
-7.444687
-5.927547
-4.204904
-3.159225
-2.767683
-1.367748
-0.121778
-0.021905
-1.471953
-4.005671
-6.208244
-7.657001
-8.065859
-6.057036
-4.712104
-3.315242
-2.624146
-1.506302
-0.700497
-0.122153
-1.384809
-3.097545
-5.217497
-6.831390
-6.942517
-5.870459
-4.512709
-2.979609
-2.581330
-0.868204
-0.001410
0.002536
-0.974965
-3.053263
-5.582464
-6.758918
-6.777880
-5.162787
-3.675007
-2.270709
-1.564558
-0.819770
-0.321892
-0.222046
-1.443879
-3.937702
-6.044125
-7.799784
-8.057419
-6.481632
-4.992054
-3.819962
-2.441535
-1.446527
-0.382643
-0.165307
-0.925490
-2.917347
-5.266585
-6.661503
-7.242166
-6.478515
-5.063695
-3.370155
-2.124845
-1.021476
-0.069692
0.413138
-1.500031
-3.781148
-6.070467
-7.555887
-7.869380
-6.793108
-4.648656
-3.309341
-2.213413
-1.318075
-0.576877
-0.346286
-1.383933
-3.567358
-5.807751
-7.631563
-7.380709
-6.573254
-5.045807
-3.051417
-2.511207
-1.703611
-0.912679
-0.552957
-1.436707
-3.236115
-5.464269
-7.010927
-7.338092
-5.922784
-4.658009
-3.528806
-2.340494
-1.219285
-0.248783
0.015012
-1.016152
-3.252192
-5.858963
-7.686783
-7.844420
-7.023670
-4.968506
-3.936233
-2.573766
-1.256802
-0.449880
-0.525423
-1.667211
-3.529961
-5.949485
-7.297260
-7.665833
-5.994179
-4.693089
-3.234146
-2.683241
-1.685771
-0.616255
-0.374898
-1.220329
-3.568973
-5.375771
-7.060596
-7.872972
-6.692842
-4.859229
-3.585486
-2.288152
-1.245789
-0.013916
0.099101
-1.097701
-3.201405
-6.051479
-7.806783
-8.567491
-7.384186
-5.574188
-3.382775
-2.812318
-1.559530
-0.788081
-0.210197
-1.481496
-3.963077
-6.063154
-8.062012
-8.526608
-7.538754
-5.713749
-4.316045
-3.410513
-1.999930
-0.566842
0.066079
-0.259761
-2.542857
-4.877289
-6.268768
-6.483890
-5.286076
-3.157948
-2.383304
-2.349375
-0.930340
0.029626
-0.027293
-1.056664
-2.958570
-5.353585
-6.850552
-7.547233
-6.723077
-5.350138
-4.189582
-2.890955
-1.451909
-0.692459
-0.327355
-1.490390
-3.317379
-5.639718
-7.302247
-7.308252
-5.928261
-4.252853
-2.976841
-2.397104
-1.180865
0.256848
0.245368
-1.509889
-3.215491
-5.466596
-7.255613
-7.632287
-6.685857
-5.074637
-3.591601
-3.019411
-2.014719
-0.236144
-0.224383
-1.151816
-2.982916
-5.354259
-7.382307
-7.863880
-6.821185
-4.928967
-3.820929
-3.011127
-1.035605
0.263576
0.414374
-1.014350
-2.790402
-5.297372
-6.944755
-7.682293
-6.485736
-4.555541
-3.468878
-2.685781
-1.598110
-0.151434
0.459517
-0.651647
-3.180970
-5.926562
-7.151263
-7.631083
-6.442010
-5.272264
-3.738121
-2.722867
-1.542334
-0.451747
0.261340
-0.135373
-2.546818
-4.961732
-6.798073
-7.716085
-6.469481
-4.336779
-3.369957
-2.590185
-1.280760
0.176164
0.224822
-1.102925
-3.220357
-5.835943
-7.744150
-7.887454
-6.114994
-4.368325
-3.535957
-3.138068
-1.732746
-0.396043
0.015233
-1.060768
-3.586432
-6.054415
-7.952566
-8.284013
-7.111098
-5.478474
-4.119525
-3.628481
-1.665167
-0.136472
-0.159375
-0.476298
-2.827600
-5.007678
-7.393567
-8.265664
-6.904331
-4.926318
-3.955852
-2.191651
-1.385204
-0.100018
0.653022
-0.604247
-1.994010
-4.085329
-5.818848
-5.829477
-4.691821
-3.718366
-2.624939
-1.360735
-0.051986
1.374584
1.482051
0.655059
-1.372925
-4.124212
-6.204599
-6.885692
-5.097314
-3.677499
-2.695466
-2.115744
-0.680353
0.914117
1.404978
0.165656
-2.053792
-4.503677
-6.663021
-7.152809
-5.642821
-4.156337
-2.397970
-2.054715
-0.958108
0.290871
0.890473
-0.295844
-2.223546
-4.975603
-7.101227
-7.377718
-5.800989
-4.651239
-3.793437
-3.012492
-1.381413
0.094912
0.334619
-0.507384
-2.798789
-5.337565
-6.634987
-6.791082
-5.280942
-4.762205
-3.703964
-3.233868
-2.276278
-0.707347
-0.257514
-1.202241
-3.133467
-5.620067
-7.234448
-7.300822
-5.948172
-4.385169
-3.273986
-2.698756
-1.516546
-0.295528
0.261709
-0.874816
-3.389255
-5.622240
-7.564373
-8.378566
-7.593328
-6.059466
-4.080059
-2.938203
-1.133842
-0.048017
0.247291
-0.603194
-3.744178
-6.338403
-7.688062
-8.730991
-6.875660
-4.967808
-3.667964
-2.676676
-1.395720
-0.024682
0.182933
-1.155229
-2.883098
-5.445722
-7.851717
-8.679905
-7.631044
-5.680281
-4.367799
-3.614354
-1.876534
-0.462304
-0.228520
-0.644311
-3.006923
-5.495721
-7.182195
-7.426264
-6.594807
-4.600986
-3.241593
-2.204907
-0.959231
0.461507
0.841907
-0.052901
-2.711646
-5.382085
-6.933941
-7.582150
-6.330221
-5.270660
-4.223582
-2.765307
-1.078191
0.026399
0.621345
-0.751237
-2.905013
-5.566106
-7.719652
-8.198418
-6.955825
-4.927277
-3.919238
-3.146829
-1.616083
-0.061479
0.552411
-0.380616
-2.349378
-5.129952
-7.474004
-8.094929
-6.299986
-4.307990
-3.505315
-2.946778
-1.463584
0.145469
0.589984
-0.348454
-2.540006
-5.904198
-7.906712
-8.408701
-7.645399
-6.085292
-4.497905
-3.501777
-1.577321
0.358165
0.505198
-0.869884
-2.946029
-5.106076
-7.306498
-7.989668
-5.957190
-4.533728
-3.808253
-2.958676
-1.305902
0.028829
0.018051
-1.128438
-3.185448
-5.257938
-6.867284
-7.600643
-7.206763
-5.449975
-3.973454
-3.306951
-2.223010
-0.385169
0.446280
-0.323922
-3.006995
-5.340434
-7.254041
-7.818569
-6.981100
-5.893225
-4.001817
-2.601899
-1.622598
-0.062900
1.229989
-0.470976
-3.517586
-6.333843
-8.131556
-8.014860
-6.476969
-5.569670
-4.794528
-3.870692
-2.491052
-0.661788
-0.488482
-1.356637
-4.129531
-6.459723
-8.240334
-8.275480
-6.833415
-5.146727
-3.989235
-2.974759
-1.779098
-0.930705
-0.235864
-1.634771
-3.428605
-5.939238
-7.952814
-9.032335
-7.892889
-5.934065
-4.333488
-2.684039
-1.495048
0.068896
0.699333
-0.883574
-3.033698
-5.922038
-7.436127
-8.015652
-6.705924
-5.348174
-4.037461
-2.272708
-1.730374
-0.493262
-0.158530
-1.460547
-3.803784
-6.722151
-8.495949
-8.620810
-7.479130
-6.105581
-4.763787
-3.556665
-1.661398
-0.587729
-0.774489
-1.799868
-3.907858
-6.230807
-8.369299
-8.929316
-7.924038
-6.379764
-4.983603
-4.063734
-2.430482
-0.941290
-0.769978
-1.694586
-3.946509
-6.377286
-8.078552
-8.535238
-7.203261
-6.179550
-4.722215
-3.067070
-1.886041
-0.567922
0.467426
-1.164801
-2.768517
-5.531415
-7.724559
-7.743921
-7.017579
-5.169907
-3.794192
-2.590710
-1.263526
0.290839
0.408132
-0.253835
-2.766901
-5.767597
-7.977209
-8.379410
-7.734539
-6.087141
-4.854011
-3.505212
-1.567065
-0.601489
0.428797
-0.672864
-3.250408
-5.833034
-7.932264
-8.880800
-7.352873
-5.607314
-3.827718
-2.641809
-1.352487
-0.163159
0.577586
-0.239408
-3.539610
-5.820610
-7.914871
-8.536655
-7.770032
-5.879210
-4.436402
-3.386684
-2.098887
-0.135368
0.105717
-0.382615
-2.564061
-5.336411
-7.509855
-7.861754
-7.351766
-5.241744
-3.913893
-2.909794
-0.937861
0.394701
0.899793
-0.281414
-2.902896
-6.052402
-8.427768
-8.637223
-7.336971
-5.868073
-4.468377
-3.362512
-1.848834
0.103578
0.211750
-1.044246
-2.674584
-5.605301
-7.857315
-8.524892
-7.760553
-5.761703
-4.606921
-4.030712
-2.450780
-0.942067
-0.144086
-1.090657
-3.107827
-5.464104
-7.583943
-8.233553
-7.364431
-5.714662
-4.467076
-3.394597
-1.704411
-0.465055
0.062400
-0.895919
-3.183882
-6.028886
-7.776346
-8.421584
-6.541792
-4.862207
-4.086879
-3.460004
-1.742887
0.010114
0.345063
-1.082335
-3.194022
-5.627280
-7.718963
-8.217714
-7.346920
-6.010265
-4.660300
-3.227180
-1.894705
-0.414737
0.536212
-0.422794
-3.039222
-5.695551
-7.761658
-8.325350
-6.700043
-5.519654
-4.677722
-3.472276
-1.672572
0.092853
0.733621
-0.985253
-3.370699
-5.733585
-8.045287
-9.017424
-8.468376
-6.836220
-5.126004
-3.947432
-2.157498
-0.176906
1.085187
-0.053165
-2.103636
-5.366056
-7.379808
-8.411943
-6.371080
-4.442951
-3.009702
-2.600158
-0.723241
0.490643
0.751107
-0.736016
-3.010484
-5.578137
-7.720609
-8.040024
-6.486115
-5.185805
-3.907102
-3.171692
-1.542212
0.237552
0.254535
-0.473760
-3.632022
-6.142539
-8.095673
-8.504839
-7.526511
-5.818625
-4.777633
-3.936758
-1.842612
0.027211
0.500716
-0.798009
-2.709423
-5.083409
-7.001953
-6.462542
-4.884661
-3.793718
-2.638236
-1.906934
-0.806739
0.601544
1.087682
-0.180419
-2.484263
-5.223173
-7.643528
-7.713182
-6.514874
-4.687399
-3.995084
-3.043375
-0.801221
0.189851
0.036021
-1.096700
-3.217025
-5.634611
-7.613420
-8.368910
-7.329569
-5.603646
-4.539591
-3.467143
-1.976104
-0.236161
0.388370
-0.858855
-3.106485
-5.983854
-8.318562
-9.263667
-8.296479
-6.380562
-4.791030
-3.561029
-1.915387
0.019735
0.279866
-0.674283
-2.939258
-5.631961
-8.062973
-8.270647
-7.901288
-6.012402
-4.761596
-2.861348
-0.829345
0.461465
0.454638
-0.512764
-3.031891
-6.183044
-8.482239
-8.667310
-7.448699
-6.164565
-4.451407
-3.691293
-1.827138
0.074659
-0.246047
-1.233916
-2.745061
-5.432865
-7.356560
-7.912460
-6.806656
-5.162116
-3.977480
-2.707709
-1.200936
0.221068
1.043801
-0.196275
-2.530486
-5.381233
-7.365596
-7.326620
-6.812347
-4.905801
-3.609652
-2.359764
-0.548900
1.203917
0.884588
0.093574
-2.407863
-5.043319
-6.966788
-7.934348
-6.903258
-5.398331
-3.948643
-2.800041
-1.147536
0.575545
1.325688
0.045680
-2.546740
-4.600886
-6.960181
-7.979855
-7.410867
-5.601360
-3.788896
-1.959673
-0.725669
1.055140
1.243346
0.309466
-2.324636
-5.005174
-7.200190
-8.445107
-7.669374
-6.395790
-4.827726
-3.267840
-1.221469
1.151875
2.001475
0.601596
-1.375705
-4.676383
-7.153830
-7.914571
-7.282603
-5.533369
-5.267782
-3.291896
-0.856646
0.705760
0.989870
0.234623
-2.207952
-4.904628
-7.456352
-8.359596
-7.564672
-6.079327
-4.600976
-3.494570
-1.979947
-0.297920
0.262496
-0.376982
-2.607138
-4.961971
-6.759082
-7.792804
-7.300600
-5.260631
-3.916086
-2.916107
-0.764478
0.652556
1.157688
-0.254629
-2.659780
-4.947468
-6.718838
-7.636277
-6.933915
-5.454507
-4.145640
-3.014663
-1.429738
0.952773
0.979653
0.009961
-2.340024
-5.390168
-7.447834
-8.288296
-7.460877
-5.955369
-4.715526
-3.414072
-1.617532
0.357641
0.889283
-0.463596
-2.631752
-4.924515
-7.180820
-8.081361
-6.779809
-5.348001
-3.812806
-2.597791
-0.842175
1.132295
1.332306
0.262753
-1.862973
-4.737610
-6.724691
-7.471555
-6.177308
-4.579435
-3.619187
-2.530507
-0.790311
1.238948
1.531781
0.612325
-2.137755
-4.920689
-7.154232
-8.421744
-7.282595
-4.780348
-3.383667
-2.271025
-0.791347
0.873643
1.671009
0.755467
-1.747498
-4.872008
-7.087563
-7.596611
-6.518563
-5.194513
-3.610122
-1.930191
-0.143006
1.064202
1.329497
0.183326
-1.831744
-4.424977
-6.657504
-6.815541
-5.938421
-4.194417
-3.294877
-2.310505
-0.474830
1.043133
1.594260
0.580086
-2.029168
-4.367318
-6.081876
-7.280738
-5.688744
-4.152225
-3.578586
-2.572575
-0.467999
1.223788
2.198625
1.025386
-1.436597
-4.117036
-6.296769
-6.986890
-6.823848
-5.149077
-3.953919
-2.070271
-0.527905
1.198524
2.123082
1.432838
-0.897351
-3.590261
-6.046255
-6.646967
-6.406006
-4.971383
-3.778704
-2.364679
0.050623
2.005282
1.975049
1.458251
-1.139020
-4.257213
-6.912418
-7.770680
-6.936160
-5.391452
-4.093594
-2.372506
0.063932
1.856673
2.100102
0.948946
-1.541051
-4.830736
-7.039612
-8.001626
-6.195555
-4.897472
-3.488141
-2.462035
-0.317168
1.036914
1.745145
0.490381
-2.081849
-5.142368
-6.978230
-7.543890
-6.208824
-4.575633
-3.970379
-3.123624
-1.082496
0.805965
1.485772
0.313318
-2.111085
-4.718760
-6.906663
-7.895995
-6.986785
-5.236548
-4.546309
-2.925920
-0.807486
0.917333
1.386367
0.826811
-2.180993
-5.632250
-8.020823
-9.244430
-7.749380
-5.970943
-4.456804
-3.222762
-1.873252
0.494344
1.042857
-0.563733
-2.663403
-5.491446
-7.977829
-8.751010
-8.460335
-6.181201
-4.622667
-3.032072
-1.047276
0.448323
1.059302
0.213180
-1.852981
-4.255085
-6.592600
-7.617583
-6.780136
-5.135878
-4.118034
-2.092143
0.001315
0.875467
1.541475
0.402912
-1.868532
-4.670756
-6.907754
-7.206397
-6.835547
-5.536393
-4.178647
-2.317543
-0.701307
1.202005
1.858901
0.524549
-1.436368
-4.186584
-6.976366
-8.048244
-7.306092
-5.162438
-3.972486
-2.652882
-0.704841
1.318695
2.357347
1.423291
-1.038759
-3.785905
-5.989182
-7.025402
-6.506128
-4.954885
-3.606495
-1.429724
0.767282
2.322684
2.603906
1.808375
-0.425182
-3.749517
-6.328287
-7.532498
-6.545203
-5.211905
-3.380895
-2.117179
-0.178817
1.453601
1.960570
1.255458
-0.920029
-3.648428
-5.839618
-6.508420
-5.767904
-4.620881
-2.993541
-1.671910
0.155821
1.657629
2.442328
1.530873
-0.968867
-3.660814
-6.257286
-7.302498
-6.345272
-4.735187
-3.858855
-2.696545
-0.359806
1.541308
2.328607
1.583304
-0.580557
-3.736287
-5.889991
-6.792979
-5.615923
-3.887577
-2.961654
-1.289354
0.446779
2.253478
2.944446
1.342376
-0.805892
-4.039433
-6.480636
-7.772592
-7.249314
-5.242945
-4.035417
-2.598649
-0.258111
2.010350
2.173724
1.322219
-1.146396
-4.139555
-6.718962
-7.050266
-6.637425
-5.382925
-4.038878
-2.821213
-0.587380
1.442382
2.178586
1.111060
-0.989533
-3.705967
-5.695573
-6.567214
-5.940384
-4.354856
-3.235203
-1.941211
-0.421788
1.275567
2.200234
1.208730
-0.707511
-3.341679
-5.558149
-5.416060
-4.808558
-3.532708
-2.076991
-1.209103
0.539862
2.262025
2.904297
2.032401
-0.401359
-3.733780
-5.761477
-6.710195
-5.569541
-4.144335
-2.920193
-1.543985
0.373727
1.991494
2.770211
1.808620
-0.957067
-3.978476
-5.928658
-6.299426
-5.458336
-4.158176
-3.146363
-1.503205
0.124070
1.835222
2.673596
1.987513
-0.780480
-3.310017
-5.492538
-6.306278
-5.999742
-5.036317
-3.456630
-1.830999
-0.379697
1.143630
1.673135
0.775924
-1.390258
-4.155410
-6.019253
-6.807828
-5.648557
-4.017549
-2.976460
-1.772536
0.269320
1.785258
2.454802
1.391949
-0.691420
-3.762257
-6.471546
-7.454775
-6.448534
-5.065290
-3.082403
-2.633998
-0.202033
2.050876
2.378932
1.175077
-0.908328
-4.052014
-6.675202
-7.276175
-6.335693
-4.775552
-3.765543
-2.630979
-0.238855
1.698538
1.741839
1.043015
-0.758603
-3.517715
-6.159667
-6.924506
-6.409956
-5.301764
-3.752300
-2.501847
-0.921111
1.314427
1.895976
0.664153
-1.182850
-3.485401
-5.344701
-5.770351
-5.210409
-4.357110
-2.554605
-0.995829
0.823133
2.401292
3.144990
2.129340
-0.750478
-3.708746
-6.292023
-6.821294
-6.111495
-4.531903
-3.369884
-2.084488
0.103461
1.940036
2.037499
1.430550
-0.716708
-3.703028
-5.981134
-6.599478
-5.316327
-3.913238
-3.365087
-2.320603
-0.218276
1.967439
2.566098
1.689893
-0.141749
-2.802809
-4.707261
-5.833253
-4.818157
-3.427095
-2.398186
-1.460110
0.206343
2.551810
2.941259
2.350719
0.518321
-2.023974
-4.636207
-5.474797
-5.141677
-3.396006
-2.614139
-1.022747
1.371472
3.332765
3.665841
3.366233
0.909792
-2.300711
-4.346082
-5.244011
-4.878426
-3.493894
-2.212727
-0.855910
1.797561
3.294513
3.988313
2.541955
0.337399
-2.574071
-4.510400
-5.628912
-5.257135
-3.565984
-2.044231
-1.089017
0.939861
2.642294
3.733825
2.403133
0.132140
-2.280459
-4.395768
-5.763241
-5.223579
-3.842507
-2.537829
-0.962829
1.366402
3.072032
3.772085
2.384327
0.476872
-2.257459
-4.831004
-6.001582
-5.204229
-3.529289
-1.895201
-0.398766
1.431505
3.185477
3.921795
3.159138
1.060785
-1.835353
-4.629697
-5.315877
-3.514194
-2.193895
-1.249670
-0.270358
1.487957
3.311010
3.593632
2.842050
1.338476
-1.809999
-4.150158
-4.435431
-3.133239
-1.806752
-0.903735
0.013185
2.011024
3.467850
4.575934
2.994937
1.137330
-1.530746
-3.954152
-4.658556
-3.733963
-2.089462
-1.173652
-0.202713
1.862569
4.009841
5.199403
3.867276
1.239726
-1.121314
-3.415369
-4.022294
-3.234720
-1.852715
-0.847035
0.862337
2.329445
4.245447
4.728292
3.756337
1.417586
-1.597530
-3.503188
-4.528943
-3.245237
-1.760227
-1.295219
-0.388794
1.633219
4.093992
4.908860
3.518624
1.542134
-0.844447
-3.564795
-4.477725
-3.489001
-2.137145
-1.296086
0.079504
1.876154
4.014379
4.991848
3.707282
1.654363
-0.717060
-2.685382
-3.875657
-3.083734
-1.172338
-0.277111
0.181856
2.564017
5.276374
5.962663
4.854028
2.504538
-0.777419
-3.075705
-3.737797
-2.946070
-1.509955
-0.916749
0.243474
2.204903
4.175643
4.562598
3.905780
1.596618
-1.131110
-3.291728
-3.833836
-2.562130
-1.850912
-0.976512
-0.318608
1.955506
4.483552
5.518331
4.438890
2.287879
-0.947007
-3.126747
-4.132840
-4.329147
-2.464426
-1.100124
0.143018
2.429487
4.560951
5.167264
3.659242
1.502606
-1.346614
-3.598350
-3.720694
-2.967018
-1.997125
-0.899433
0.042507
2.159366
4.404305
5.701528
4.670323
1.953227
-0.491919
-2.689301
-3.306811
-2.348895
-0.933022
-0.523191
0.509745
2.540316
4.588104
5.006846
3.947846
1.537169
-0.942943
-3.118727
-3.903821
-3.760039
-2.500965
-0.640577
0.303952
1.958793
4.093448
5.313329
4.376622
2.367473
-0.287892
-2.204024
-3.274851
-1.793812
-0.865112
-0.479415
0.627460
2.142573
4.694220
5.586411
4.713129
1.861850
-0.873306
-3.043827
-3.565669
-2.654912
-1.035776
-0.083913
0.770123
2.159009
4.736237
5.565301
4.813765
2.562861
-0.445945
-2.391794
-2.934444
-2.574251
-1.116424
-0.344193
0.776567
2.788078
5.046498
6.303418
4.637130
1.902832
-0.967691
-2.977703
-3.842937
-2.632483
-1.469440
-0.862270
0.424324
2.154759
4.404840
5.450784
4.589125
2.456460
0.051163
-2.334888
-2.745217
-1.752272
-1.073730
-0.057878
0.997892
2.871784
4.946122
5.519448
4.448617
2.698438
0.202137
-1.918402
-2.571854
-1.497909
-0.249398
0.383417
1.993618
3.994189
6.103490
6.642570
6.084867
3.214163
0.373920
-1.210582
-1.756662
-0.857463
-0.122081
0.708699
1.311419
3.252450
5.440112
6.248082
5.437757
3.617115
1.327434
-1.117537
-1.483157
-0.862451
0.141782
0.752871
1.717545
3.900070
5.505496
6.213128
5.439029
3.544305
0.660485
-1.009635
-1.390139
-0.775988
0.574386
1.189267
2.221305
3.718830
5.809407
6.364875
5.513925
3.995387
1.317139
-0.838626
-0.913144
-0.639587
-0.247211
1.117795
2.058204
4.248972
5.658254
6.643081
5.655564
3.332479
0.724859
-1.078679
-1.861739
-1.142621
0.196599
1.145135
2.365903
4.908913
6.411246
7.491117
6.301030
3.650008
1.628869
-0.910490
-1.775456
-1.506907
0.439240
0.986204
1.993936
4.132064
6.223374
7.133965
6.043271
4.166139
1.782839
-0.323202
-1.281143
-1.135363
0.576722
2.014892
2.101514
4.044442
6.161456
7.060437
6.214776
4.360991
1.970584
-0.260571
-1.386611
-0.615651
0.826789
1.312086
2.795548
4.665049
6.473802
6.734719
6.220578
4.248772
1.661863
-0.200580
-1.327543
-0.685379
0.872207
1.964786
2.926427
4.556509
6.771409
7.566236
6.195878
3.978302
1.877711
-0.585938
-0.917515
-0.637788
0.902743
1.962916
2.979548
4.788488
6.804818
7.725698
6.821523
4.139685
1.449526
-0.495642
-1.049760
-0.343307
0.527532
1.025606
2.272781
3.870772
6.601949
7.295049
6.253823
3.995113
1.129091
-0.698372
-1.758432
-1.325560
0.050303
1.760983
2.331169
4.161631
6.235616
6.455220
5.959346
3.628728
0.919216
-1.363016
-1.836402
-1.436215
-0.798508
0.329087
1.457058
3.267875
5.673915
6.781573
5.786080
3.891196
1.342293
-0.490955
-1.113016
-0.406199
0.924741
1.681088
3.174411
4.793214
7.003377
7.682019
6.429631
3.565716
1.195258
-0.910924
-1.873222
-1.097016
0.252803
1.480142
2.564941
4.547134
6.769490
7.341216
6.017350
3.876408
0.970490
-1.045011
-1.600206
-0.844165
0.137061
1.286455
2.581167
4.225811
6.042699
6.849130
5.455834
3.277404
1.375373
-0.653991
-0.789369
-0.065108
0.889348
1.928863
3.078775
4.771924
6.501607
7.012963
6.877664
4.594290
1.749719
-0.184856
-1.394998
-0.928735
0.414521
1.918199
2.741349
4.662901
6.930369
7.615310
6.757878
4.637138
1.704424
-0.068280
-0.660389
0.013272
1.219234
2.373466
3.128176
4.892501
6.654723
7.766908
6.426560
3.648806
1.355046
-0.517007
-1.109807
-0.797841
0.983386
1.548822
2.984821
4.442076
6.015222
6.927875
6.463593
3.847149
1.072096
-0.597436
-0.955956
-0.503489
0.465549
1.650611
2.130574
3.656640
5.681161
6.692220
5.624543
3.525174
1.016040
-0.468749
-0.512192
-0.294820
0.926473
1.188079
2.417441
4.448977
6.376304
6.730399
5.717929
3.344526
1.278721
0.180326
-0.156572
0.489682
0.858071
2.490214
2.913789
4.538119
6.568969
6.602916
5.615998
4.052485
1.386352
-0.705199
-1.516134
-0.974857
0.339082
1.126280
2.114649
3.958211
6.575021
7.637216
6.367539
4.253379
1.808348
-0.159114
-0.326988
0.676038
1.716510
1.912395
2.679486
4.672157
6.686440
7.130347
6.373921
4.090556
1.930140
0.077870
-0.302002
0.382775
1.595138
2.040030
3.056419
5.037457
6.831819
7.379067
6.258636
4.427535
1.512515
-0.465948
-1.100393
0.087949
0.911059
2.050290
3.221158
4.487998
6.638780
7.674195
6.559175
4.274617
1.622488
-0.512673
-0.403428
-0.107564
1.040011
1.630839
2.660359
4.947673
7.037099
7.945193
6.555688
4.539160
1.758224
-0.139766
-0.751451
-0.373777
0.975053
2.147786
2.570306
4.637858
6.509782
7.391332
6.211789
4.400928
2.079966
-0.098722
-0.477325
0.243518
1.364097
2.141570
3.376802
5.283441
6.396195
7.265862
6.736623
4.256457
2.018461
-0.306103
-0.705372
0.259988
1.057006
1.699504
2.597709
4.721254
7.095046
7.941464
7.003663
4.933991
2.195421
0.304998
-0.563399
-0.096057
1.235801
2.299022
3.083215
4.818553
6.711734
7.824742
6.877259
4.589693
2.345865
0.267666
-0.724896
-0.188907
1.169442
2.345458
4.165586
6.211492
8.408528
8.602262
7.394437
4.978467
2.739379
0.554196
-0.192883
0.157418
1.495433
2.442468
3.390182
5.390828
7.235179
8.274041
7.317616
5.385474
2.767370
0.458540
0.023133
1.011914
1.887994
2.287015
3.188264
5.264808
7.245370
7.714063
6.958100
4.819797
2.778616
0.488490
-0.622035
-0.083095
1.646291
2.264676
2.915339
4.882253
7.494851
8.205930
6.766561
4.729355
1.606008
-0.339790
-1.128648
0.331550
1.476832
1.858680
3.217817
5.212020
6.661515
7.314456
6.823844
4.243743
1.625484
-0.055352
-0.457021
-0.266562
0.985389
1.821471
2.548825
4.527865
6.555997
7.067588
6.468434
4.754923
2.812373
0.643544
-0.705192
0.297885
1.013055
1.912469
2.714867
4.444796
6.407372
7.880540
6.725644
4.387018
2.292443
0.129055
-1.138163
-0.133737
1.210717
2.036696
2.619782
4.563075
6.737556
7.846906
6.689801
4.437655
2.050199
0.044775
-0.322853
0.493123
2.274098
2.195762
3.029297
4.991109
6.743323
7.699243
6.674422
4.308339
1.755211
-0.303225
-1.043882
-0.198872
0.929692
0.998532
1.870498
4.393519
6.820725
7.299588
5.993583
4.034986
1.726492
-0.348104
-1.685422
-0.767397
0.478791
1.253612
3.111867
5.061162
6.616378
6.925008
6.487458
4.013077
1.850498
-0.377646
-1.320847
-0.130467
1.366113
1.987477
2.796771
4.783381
6.981301
7.725343
6.404126
4.281278
2.013103
0.184647
0.088920
0.291076
0.819758
1.940263
2.611044
4.375412
6.690248
7.466393
6.762111
4.425383
1.500955
-0.320412
-1.205659
0.114072
1.310388
2.253364
2.846999
5.033511
7.188680
8.112197
6.672803
4.464592
1.861027
-0.417584
-1.214754
-0.803291
1.067521
1.722125
3.214099
4.702498
6.444417
6.997409
6.361653
4.288083
1.406122
-0.454268
-0.949237
-0.386706
1.311898
1.656499
2.535098
3.925146
6.319047
7.599336
6.285420
4.098119
2.115904
-0.017166
-1.153826
-0.149510
0.860026
1.775180
2.832217
4.241902
6.002942
6.984019
6.332776
4.218563
1.207422
-0.391115
-1.002723
0.003331
1.349435
1.736497
2.841746
4.385277
6.476211
7.129085
6.258630
3.912692
1.342830
-0.365571
-0.907549
0.258502
1.538287
2.273578
3.381100
4.549106
6.310185
7.220750
6.587909
4.779947
1.912296
-0.277113
-0.954636
-0.146007
0.845643
1.502520
2.741609
4.364654
6.281152
7.153134
6.555673
4.283938
1.716432
-0.248166
0.220910
0.572270
1.586665
2.608642
3.542009
5.306474
6.835423
8.315679
7.196477
4.509539
2.071575
0.200757
-1.104102
-0.257330
1.191253
2.037898
3.014339
5.061402
7.357261
7.865664
6.398770
4.382247
1.867430
-0.867892
-1.464050
-0.832461
0.177625
1.606891
2.897537
4.932959
6.537446
7.090810
6.256465
4.053617
1.558397
-0.248770
-1.253252
-0.647585
0.476684
1.603448
3.004803
4.790583
6.898084
7.429498
6.201442
4.155867
1.225498
-0.890959
-2.006798
-1.362228
0.327287
1.865176
2.863334
4.603888
6.375894
6.805688
6.055345
3.887513
1.430296
-0.634923
-1.213220
-0.307257
0.635493
1.259172
2.543834
4.164224
6.036798
6.890109
5.799064
3.831643
1.432608
-0.589468
-1.320231
-0.496033
0.532586
1.830697
2.484185
4.744826
6.833173
7.098908
6.141194
4.927614
1.862640
-0.231522
-0.903832
-0.017829
0.894223
1.895734
2.921938
4.578414
6.720399
7.343301
5.911189
3.665994
0.982770
-0.540390
-0.702917
-0.178000
1.211675
1.951268
2.603031
4.614363
6.601869
7.131803
6.424298
4.096181
1.743739
-0.352058
-1.394801
-1.177707
0.551105
1.319347
2.391001
4.342115
6.466186
6.990746
6.424315
4.814171
2.236586
-0.119162
-0.889091
-0.039891
1.373853
1.985227
3.334490
5.520471
6.867097
7.670285
6.967727
5.028089
2.335452
-0.324705
-1.431977
-0.734379
0.595187
1.211788
3.219758
5.583360
7.522153
7.551026
6.622411
4.825471
2.069872
0.011975
-0.776556
-0.448474
1.254788
1.364383
2.122250
4.179319
6.181561
7.505834
6.211495
4.364607
2.083428
0.263403
-0.559178
-0.412019
0.728841
1.597082
2.490242
4.654996
6.601678
7.087064
6.652390
4.331930
1.705246
-0.054751
-0.877723
-0.271249
1.358975
1.525098
2.883983
4.362606
6.760247
7.175515
6.337148
3.856200
0.987673
-0.799387
-1.359586
-0.386411
0.713967
1.287499
1.826612
3.866343
6.213393
6.856198
5.499997
3.533925
1.051514
-0.902646
-1.912385
-1.153415
0.542661
1.172412
2.273593
4.298208
6.227557
7.512891
6.525197
4.210917
1.465455
-1.088495
-1.409597
-0.605225
0.204345
0.684508
2.094607
4.434793
6.583913
6.784310
6.003892
3.791104
1.570724
-0.778925
-0.724958
0.048757
0.747828
1.785737
2.807339
5.026356
6.301179
6.977372
6.285424
4.229300
1.850585
-0.250161
-1.265125
-0.917398
0.378333
1.479162
2.415229
4.432573
6.715314
7.071961
6.571614
4.355267
1.900451
-0.354012
-0.669259
0.284833
0.954671
1.086017
2.539232
5.051133
6.596448
7.334687
6.073697
3.656869
1.054319
-0.820205
-1.250449
0.187840
1.495357
1.630242
2.587839
4.929286
6.769156
7.163667
5.839408
3.718803
1.075482
-0.728537
-1.523011
-0.793263
0.571912
1.440391
2.540820
4.927876
7.104833
8.061017
6.717069
4.497363
2.148189
-0.060246
-0.496820
0.749692
1.890754
1.940215
2.829430
5.034661
6.903911
8.159253
6.903970
4.174439
1.770864
-0.376404
-1.408271
-0.233404
0.937030
2.134748
3.208074
5.008846
7.433242
8.055274
6.830770
4.520779
1.821883
-0.026787
-1.220530
-0.420570
0.226201
1.213169
2.879623
5.160989
7.567704
7.378594
5.690349
4.101480
0.973490
-1.286585
-1.816673
-0.854096
0.037016
1.030048
1.981490
3.976026
6.475148
7.103608
6.710057
4.054163
1.243036
-0.638753
-1.835537
-1.311784
0.285230
1.559635
2.478833
5.129176
6.570130
7.436715
6.108813
3.612291
0.803304
-0.737847
-0.602812
0.034663
1.027648
1.547198
2.991689
4.766814
6.599164
7.001897
6.297200
3.989719
0.739315
-1.156319
-1.792758
-1.411720
0.234780
1.068788
2.217379
4.076982
5.847459
6.019380
5.319917
3.547509
0.864175
-1.083929
-1.591849
-0.443316
0.308398
1.696996
2.337593
3.849978
5.901280
6.586743
5.578324
3.517207
1.281423
-1.111089
-1.759013
-0.841524
-0.006896
0.724905
2.520735
4.752154
6.401361
6.875737
6.083478
3.642268
1.071250
-0.628630
-1.153754
-0.644696
0.929900
1.877234
3.087850
5.047063
7.022349
7.743035
6.585156
4.031341
1.152222
-0.506212
-1.307198
-0.485718
0.497897
0.999116
2.471593
4.360318
6.284236
6.612943
5.560880
4.002397
1.180640
-0.262053
-0.742034
0.271045
1.450599
2.289519
2.899055
4.344553
6.577613
7.194674
6.015679
4.203962
1.922169
-0.649537
-1.676408
-1.140141
0.614039
1.736852
2.868059
4.734751
6.468879
7.267079
6.443425
3.783160
1.033320
-0.957560
-1.131989
-0.810021
0.567508
1.137198
2.473091
4.401978
6.783471
7.058227
6.443505
4.338931
2.159811
0.001843
-0.420512
-0.110547
1.293689
1.754134
2.859916
4.955125
6.878011
8.097766
6.710452
4.675155
1.555593
-0.059006
-0.002874
0.347276
1.591546
1.649250
2.841920
4.666331
6.808785
7.105004
6.532258
4.831531
2.278053
0.304746
-1.125092
-0.588787
0.520156
1.616593
2.599226
5.506423
7.251098
7.798789
7.134339
4.175428
1.320685
-0.624512
-1.494617
-0.607126
0.859269
1.142707
2.301473
4.058530
6.687154
7.094876
6.078599
4.228123
2.291163
-0.174300
-1.246762
-0.356730
0.697778
1.741754
2.411127
4.121993
6.350080
7.272283
6.350003
3.920828
1.035441
-0.749388
-1.418045
-0.476926
0.625014
1.250601
2.608819
4.797360
7.449182
8.250760
6.580487
4.184466
1.142729
-1.161416
-1.649333
-0.466223
1.341750
1.542172
2.635359
5.598231
7.278327
7.356931
6.281175
4.286544
1.014393
-1.186090
-1.692641
-0.333380
0.493318
1.512752
2.422180
4.374343
6.369468
6.867381
5.549689
3.372344
0.923592
-0.832678
-1.109440
-0.198818
0.745503
1.398636
2.334316
3.742433
5.963830
7.030688
6.203767
4.020425
1.921889
-0.262786
-0.285707
1.028611
1.176946
1.622046
2.931222
5.010703
7.034230
7.451695
6.292422
4.431730
1.833537
-0.267805
-0.939144
0.223397
1.333871
2.185342
2.952018
5.275437
7.053462
7.396323
6.290910
3.844572
1.317415
-0.580286
-0.911675
0.198243
0.944728
1.746975
2.981242
4.547256
6.381883
7.235696
6.403195
3.897552
1.278418
-0.804937
-0.989241
-0.518941
0.112720
1.046717
2.148488
4.306435
6.375987
7.118979
5.449847
3.994760
1.374490
-0.220635
-0.351578
-0.256930
0.721799
2.005355
2.350769
4.141963
6.313991
6.717130
6.195094
3.960345
1.165381
-0.278295
-0.911597
-0.805530
0.529838
1.746486
2.829505
5.071956
7.366963
8.425025
6.655999
4.093827
1.426357
-0.768058
-1.290473
-0.278336
1.024449
1.857718
2.611965
5.192918
7.112054
8.296590
7.133500
4.042341
1.694755
-0.324203
-0.823515
-0.023427
1.153653
1.723459
2.678895
4.878673
6.802583
7.524625
6.520907
4.019863
1.609263
-0.613026
-1.439476
-0.501797
0.091281
1.153912
2.648953
4.411872
6.264441
6.565106
5.756387
3.866901
1.662292
-0.992972
-1.634684
-1.245111
-0.167719
0.915674
2.107985
4.041292
6.602700
6.926312
6.088208
4.233235
1.512399
-0.906259
-1.429752
-0.486520
0.477609
1.462176
2.799800
4.336294
6.335279
7.268922
6.351630
4.255804
1.850786
0.110281
-0.285501
0.409606
1.347802
1.500444
2.787562
4.635499
6.632676
7.257485
6.564231
4.012980
1.190205
-0.828018
-1.604181
-1.032778
0.274789
1.373105
2.472082
4.759782
6.779042
7.543839
6.408132
4.422243
1.817236
-0.406825
-1.067924
-0.260602
1.024299
1.499804
2.746180
5.126801
7.106431
7.869008
7.152417
4.497145
1.896587
-0.113674
-0.653009
-0.613741
0.213799
1.344069
2.443045
4.717810
6.469068
7.532567
6.227422
4.091266
1.999039
-0.847259
-1.554456
-0.596836
0.653672
1.898185
2.839135
4.999347
6.880269
7.574578
6.487172
4.511661
1.506292
-0.075466
-1.322332
-0.687208
0.892016
1.449901
2.031410
4.333704
6.441850
6.819871
5.981891
3.892175
1.345506
-0.351771
-1.234206
-0.271248
0.871776
1.199818
2.515368
4.336185
6.302518
6.863782
6.677838
4.199169
1.492841
-0.854876
-1.649030
-1.325165
0.068580
0.948071
2.446982
4.305599
6.499558
7.765214
6.702823
4.282669
2.125049
-0.185699
-0.783835
-0.512325
0.384210
1.437412
3.013024
5.421752
7.693273
7.961965
6.882510
4.550743
1.336015
-0.984866
-1.704438
-0.692394
0.054319
0.943268
2.128861
4.452639
6.458577
7.200830
6.722939
4.107672
1.551013
-1.056919
-1.650617
-0.825170
0.779819
0.915672
1.965474
4.380886
5.789620
6.808396
5.872643
3.858795
1.075356
-1.165085
-1.139561
-0.485574
1.001899
1.459071
2.220178
4.374144
6.363801
6.976825
6.092328
3.838217
1.018319
-1.061231
-1.497497
-0.453096
0.852263
1.580045
2.742068
4.120714
5.770791
6.697007
5.581334
3.337780
0.986862
-1.212377
-1.774267
-0.607634
0.442590
1.147805
2.619769
4.020655
5.925637
6.450845
5.182179
3.404153
1.045222
-0.465346
-1.057283
-0.202480
0.788136
1.266463
2.420301
4.136950
6.460876
7.387975
6.474153
3.925360
0.948256
-1.061517
-1.933071
-1.328343
-0.027374
1.409808
2.180655
4.504008
6.699130
7.791909
6.472528
4.540011
1.712345
-1.109102
-1.796965
-0.665134
0.294662
1.671129
2.322934
4.384480
6.449159
6.901059
5.495328
3.588645
0.996619
-1.076860
-1.782757
-1.010906
0.781632
1.639089
2.649592
4.811203
6.728253
7.341502
6.171992
3.948061
1.452916
-0.647448
-1.182333
-0.176594
1.159286
1.815380
2.384214
4.144025
5.935006
7.192090
6.297841
3.793582
1.335968
-0.388397
-0.512859
0.031189
0.945497
1.381972
2.786780
4.478590
6.256135
6.450154
5.649312
3.338345
0.483198
-1.219247
-2.241196
-0.904860
0.716470
1.357678
2.109868
4.028258
5.934628
6.378304
5.637708
3.439965
0.631625
-1.211817
-1.730279
-0.461247
0.803828
1.264968
2.349731
4.803046
7.021314
7.561086
6.004926
4.053771
1.493004
-0.114149
-1.687485
-0.438971
1.583348
2.040118
2.932356
4.508173
6.516469
7.503594
6.508464
4.719063
1.410908
-0.249962
-0.604080
-0.142342
1.639018
1.861540
2.751167
4.795393
6.612184
7.265004
6.542829
3.982412
1.566920
-0.519245
-0.533207
0.136292
1.669629
2.321084
3.003118
5.002553
7.396201
8.239804
7.312768
4.319210
1.572009
-0.373820
-0.934256
-0.904970
0.221398
1.192542
2.457494
4.736140
7.114663
7.951631
6.681882
4.072892
1.493453
-1.074082
-2.085096
-1.090034
0.023951
0.879517
2.290961
4.872245
6.651269
7.583079
6.370782
4.387714
1.433959
-1.065291
-2.210182
-1.272273
-0.088284
0.970577
2.463756
4.925845
6.222997
7.008834
5.536263
3.153465
1.112886
-0.880917
-1.298385
-0.756833
0.421302
1.435637
2.211310
4.438850
6.647077
7.097808
6.248734
3.612304
1.156408
-0.709635
-1.412867
-0.505788
0.650184
1.432056
2.231268
4.273167
6.015643
7.012963
6.275380
3.874290
1.139695
-1.405746
-1.929933
-1.255790
0.201161
0.793747
1.781555
3.809139
5.784636
6.534780
5.545968
3.628092
1.413110
-0.856549
-1.131143
-0.191660
0.946361
2.196805
3.520861
4.177579
6.107331
6.708577
5.978408
4.038036
1.086287
-1.287861
-2.357064
-0.908326
0.330134
1.312808
2.693124
4.905081
7.253095
7.412278
6.953267
4.247741
1.147025
-0.302712
-0.789756
0.029819
1.122952
1.404017
2.312817
4.367275
6.821240
7.282966
6.627440
4.034627
1.452776
-0.827889
-1.962473
-0.989654
0.939105
1.512062
2.535463
4.660456
7.323501
7.166574
5.810548
3.670879
1.588636
-0.599373
-1.384090
-0.318110
0.455527
0.618315
2.428799
4.253717
6.134109
6.428109
6.044942
3.737664
1.533249
-0.793502
-1.403947
0.022606
0.453740
0.827650
2.252609
4.117905
6.519948
7.377006
6.308221
3.963047
1.607133
-0.717392
-2.030995
-1.688938
-0.270625
0.857664
2.082788
4.358583
6.336366
7.600026
6.371018
4.032804
1.532846
-0.696299
-1.795300
-1.166482
0.192744
1.022410
1.856956
4.353088
6.639506
6.631173
6.144917
4.108322
1.273447
-1.309746
-2.204136
-1.723258
-0.337291
1.310675
2.392968
4.060419
5.730699
6.698567
5.658612
3.603145
0.914953
-1.435608
-1.717414
-1.261156
0.118605
1.131663
1.883651
3.897116
6.170918
7.250646
5.555396
3.113564
0.978733
-0.768092
-1.541545
-0.739141
1.090049
1.730700
2.465929
4.403999
6.831632
7.006177
5.430352
3.320638
0.896886
-1.433862
-2.038305
-0.880319
0.191866
1.738515
2.016198
4.116721
6.153548
6.931651
6.379949
3.617804
0.706470
-1.141295
-1.798870
-0.529708
0.544087
1.051452
2.577986
3.980401
6.551583
6.696834
5.822888
3.625683
1.256543
-1.193264
-1.944758
-1.049174
-0.158573
0.615100
2.293888
4.568157
5.809564
7.038713
5.718919
3.550542
0.789172
-1.288738
-1.958987
-1.421681
0.075423
1.175574
2.058903
3.742131
5.642701
6.555211
5.682168
3.176929
0.559371
-1.432405
-2.182548
-1.605470
-0.404245
0.495237
1.702226
4.103044
6.633718
7.015592
5.784966
3.714349
1.025816
-1.006523
-1.597998
-0.558612
0.415353
1.643190
2.325347
4.480885
6.493594
7.443187
6.198285
3.784211
1.146755
-1.202308
-2.212098
-1.305222
-0.255321
0.737329
2.443167
4.923997
7.201459
7.345548
6.585343
4.383445
1.633247
-0.529566
-1.017838
-0.420290
0.790889
1.284769
2.623531
4.326583
6.405286
6.748628
5.789166
3.911322
1.208525
-0.684881
-1.734907
-1.031776
-0.008720
0.926066
1.923405
4.162165
6.017076
6.719674
6.219621
3.842139
0.920735
-1.094378
-1.832236
-1.298392
-0.189465
0.975967
2.183545
4.150974
6.196683
7.318700
5.824342
3.374820
1.072191
-1.455435
-1.584081
-0.732018
0.219902
0.962008
2.310286
3.858934
5.861493
6.625157
5.403977
2.966000
0.495245
-1.613370
-2.038204
-1.366895
-0.093695
0.799953
2.041080
4.232108
6.602796
7.476056
5.840489
3.300112
0.830025
-1.437018
-1.894820
-0.845476
0.807410
1.719622
2.706852
4.556679
6.386022
6.701200
5.853333
3.547277
0.899696
-1.009090
-2.319053
-1.556879
-0.346916
0.810369
1.993896
4.446959
6.400876
7.068807
5.661252
3.428510
1.178450
-0.995936
-1.335493
-0.655069
0.557685
1.628067
2.572960
4.740449
6.735478
6.751885
5.654584
3.541370
0.553778
-1.299280
-2.052794
-1.741448
0.389504
1.403633
2.117431
3.819594
6.135865
6.801099
5.933677
3.424652
1.211892
-0.470562
-1.121244
-0.073330
0.803794
1.253409
2.171604
4.586458
6.387876
6.929116
6.078910
4.179885
1.454848
-0.641103
-1.471759
-0.531171
0.541423
1.674433
2.377191
4.301137
6.454146
7.109708
6.196370
3.722815
1.389313
-0.691379
-0.925877
-0.225963
0.234891
1.166369
2.245598
4.655961
6.663373
6.945630
6.336566
4.259084
1.304423
-0.918163
-1.631667
-0.327683
0.931973
1.194634
2.288114
4.349812
6.761075
7.821578
5.982251
3.990932
1.361341
-1.168505
-1.337109
-0.652499
0.529679
0.999262
2.355638
4.680201
6.479249
7.761415
6.319505
3.764421
1.298146
-1.214480
-1.664545
-0.854116
0.586068
1.086916
2.564675
4.448265
6.503219
6.890470
6.587878
4.349991
1.670691
-0.472899
-1.483175
-0.553208
0.610492
1.251819
2.940070
5.012632
7.044248
7.924111
6.417035
4.172093
1.056122
-0.764915
-1.516609
-0.660839
0.736705
1.456856
2.455265
4.467880
6.899293
7.362687
6.163915
4.356890
1.515943
-0.317932
-0.912597
-0.425034
0.648890
1.034030
2.072044
3.802917
6.288375
7.620122
6.363404
3.452335
0.718580
-1.087483
-2.444151
-1.716661
-0.232559
0.838815
2.179052
4.233835
6.118714
6.623435
5.787795
3.349256
0.449775
-1.675897
-2.156397
-0.738313
0.368615
0.764958
2.347696
4.403622
6.773879
7.398314
6.459889
3.937076
0.766352
-0.874258
-1.649411
-0.544271
0.713754
0.867531
1.997217
4.466209
6.070790
6.690917
5.566548
3.371621
0.933575
-1.078577
-1.675101
-0.861357
0.145233
0.911691
2.146356
3.585720
6.114289
6.503991
5.853736
3.728842
1.063557
-1.045884
-1.830337
-0.836704
0.546851
0.582783
1.783954
4.403790
6.573274
7.047179
5.639031
3.372996
0.689709
-1.148074
-1.663292
-0.736282
0.196931
1.124931
1.929294
4.037006
5.729720
6.941281
5.771966
3.077975
0.715932
-1.218280
-2.274183
-1.385673
-0.224277
0.568806
2.093998
4.298506
6.231271
6.812516
5.702464
3.054508
0.755087
-1.043845
-1.458147
-1.039146
0.610646
1.032519
2.047593
4.511599
6.589826
