6.834568
6.106108
3.393006
0.438045
-2.013654
-2.375630
-1.013760
0.037256
0.775159
1.675262
3.688901
5.750826
7.260653
5.815578
3.050665
0.471824
-1.623211
-2.171088
-0.732757
0.306814
0.981463
2.079247
4.059849
6.182043
6.745943
5.039366
2.631647
-0.123806
-2.324657
-3.338138
-2.118763
-0.686708
0.240660
1.214425
3.035834
5.057093
6.228758
5.465580
3.635213
0.485647
-1.350107
-1.915426
-1.295839
0.359874
0.825325
2.131414
4.207490
6.157709
6.376123
5.184530
2.902809
-0.039445
-1.632365
-2.008421
-1.185802
0.263230
0.935574
1.984280
4.532215
6.398579
6.745672
5.661207
3.196478
0.448627
-1.802588
-2.174077
-1.546465
-0.382591
0.632138
1.795897
3.470059
4.948984
5.701790
4.911976
2.975443
-0.089042
-2.109345
-2.643112
-1.613550
-0.063631
0.534678
1.783691
3.924368
5.406986
6.165636
4.959105
3.206178
0.783327
-2.166078
-2.317018
-1.541893
-0.490393
0.496002
2.057585
4.146912
5.903128
6.307318
5.369720
3.287562
0.813338
-1.727043
-2.485032
-1.748541
-0.303567
0.431783
1.406101
3.609792
5.687399
6.717176
5.666304
3.257242
0.447275
-1.088453
-1.828497
-1.021658
0.251091
1.057504
1.689257
3.592658
6.052179
6.097494
5.189806
3.388357
0.640720
-1.857643
-2.430926
-1.828198
0.147735
0.884717
2.397234
4.483444
6.098921
6.257051
5.752863
3.218930
0.544121
-1.694263
-2.326107
-1.773061
-1.058680
0.086987
1.650738
3.397045
5.446751
5.993620
5.149233
2.465862
-0.205851
-2.602088
-3.115652
-2.868753
-1.513082
-0.282381
1.060954
2.650772
4.804590
5.350580
4.890799
2.503408
-0.186055
-2.148630
-2.731585
-1.684765
-0.642424
-0.108799
0.986562
2.788519
4.989176
5.850279
4.741352
2.875928
0.010656
-2.112431
-3.163611
-2.614835
-1.118584
-0.066772
1.308562
3.649766
5.713972
6.262053
5.036619
2.449234
-0.118068
-2.196302
-2.707779
-1.972834
-0.084439
-0.174184
1.015893
3.276008
5.059198
5.848801
4.344068
2.381749
-0.380827
-2.562783
-2.800409
-1.717059
-0.343390
0.293742
1.376760
3.001522
5.157789
5.741495
4.829908
3.108881
0.088884
-2.383491
-3.368928
-2.542235
-1.132502
-0.441747
1.017401
3.092986
5.846743
6.289804
5.389481
2.410344
-0.195811
-2.003408
-2.552166
-2.097713
-0.632625
0.053531
1.318661
3.161608
5.469358
6.267704
5.032038
2.622890
-0.292981
-2.758895
-3.158979
-2.150409
-0.558232
-0.093578
1.381034
3.856211
5.607279
6.174475
5.204020
2.813259
-0.092755
-2.622073
-3.888037
-2.982022
-1.453620
-0.688147
0.517396
2.573606
4.658492
5.345098
4.167360
2.004129
-0.677963
-2.423673
-2.747919
-2.143819
-0.456986
-0.025265
1.085856
3.028543
4.766731
5.600191
4.464982
1.817347
-1.190049
-3.182714
-3.609359
-2.446317
-1.165687
0.069836
1.128513
2.839485
4.536382
5.472345
3.983609
1.863406
-0.357983
-1.954411
-2.151976
-1.033051
-0.120411
0.364879
1.855491
3.000325
4.851961
5.691061
4.050947
1.895766
-0.763236
-2.855317
-3.040993
-1.870391
-0.310483
0.315183
1.734524
3.291941
5.417410
5.343237
4.508410
2.570423
0.265134
-2.105005
-2.356256
-1.742400
-0.577327
0.321857
0.671221
2.374048
4.709569
5.224611
4.633525
2.684906
-0.038803
-2.246002
-3.100694
-1.943054
-0.613644
0.722609
1.085438
2.879655
5.195215
5.857187
4.451384
2.242621
0.208141
-1.953441
-2.480240
-1.471575
-0.503528
0.175366
1.090153
2.977135
5.219366
6.017836
4.791700
1.767193
-1.394852
-3.106988
-3.747507
-2.484419
-1.149562
-0.350283
0.646477
2.458439
4.503299
5.211435
4.551621
2.267479
0.065452
-1.718346
-2.509726
-2.444869
-0.932438
0.428685
1.066752
2.515814
3.921919
4.754803
4.008988
1.599896
-0.627636
-2.680685
-3.536657
-2.929173
-1.333567
-0.228427
0.932919
2.661395
4.203931
5.633963
5.155237
3.167493
0.189827
-2.169725
-2.237910
-1.702887
-0.300982
0.057441
0.955566
3.244267
5.494005
6.007408
4.694490
2.168984
-0.409307
-2.797597
-3.369118
-2.287211
-1.004330
-0.248949
0.653730
2.750584
4.973717
5.444281
5.040365
2.421843
-0.349051
-2.296281
-3.072166
-2.727354
-0.871387
-0.112741
0.907877
2.376812
4.345848
5.321495
4.080705
2.071211
-0.161455
-2.676627
-3.157972
-2.559629
-0.522121
0.699745
1.911566
2.911468
5.249519
5.893402
5.183996
2.657518
0.080713
-2.404710
-3.097336
-2.186873
-1.358221
0.107450
1.361650
2.963749
5.184694
5.798655
4.988478
2.337007
-0.403197
-2.777933
-3.352641
-2.565995
-0.520481
0.108962
0.918619
2.495310
4.139936
5.684771
4.201209
1.902862
-0.476989
-2.812501
-3.437382
-2.307818
-0.360373
0.540920
1.495914
2.772553
4.561630
5.258829
4.552460
2.487830
0.084548
-2.144379
-2.428277
-1.672944
-0.213812
0.424652
1.252577
2.676693
5.008495
5.468643
4.355456
2.570931
-0.578171
-2.992261
-3.299359
-2.173097
-0.702772
0.239270
0.837990
2.473178
4.620370
5.120340
3.744521
1.770540
-0.808538
-2.970552
-3.790856
-2.503313
-1.193727
-0.083568
0.870355
2.448438
4.496560
4.995869
4.265944
1.975491
-0.192722
-2.327775
-3.068798
-2.727138
-1.367868
-0.050047
0.872331
2.498004
5.095539
5.248144
4.689159
2.286969
-0.636689
-2.948594
-3.021803
-2.032435
-0.885250
-0.156840
0.841948
2.708283
5.168268
5.851923
4.889885
2.283661
-0.512949
-2.165283
-2.787726
-1.735759
-0.199816
0.423502
1.271827
2.926830
4.525675
5.163439
4.224483
2.397196
-0.366239
-2.402025
-2.592962
-2.263448
-1.508134
0.028806
1.283698
3.019888
4.814924
5.592573
4.847683
2.694380
-0.492951
-2.160606
-2.461742
-1.906272
-0.012836
0.835593
1.856071
2.717216
4.760473
5.086699
3.672406
1.141330
-1.190947
-3.129066
-3.446982
-2.868792
-1.783898
-0.299459
0.535905
1.774467
3.283472
4.513557
3.977093
1.794025
-0.785586
-2.999597
-3.649440
-2.829585
-1.192426
0.478168
1.266331
2.356369
3.855794
4.646498
4.430176
2.243841
-0.698557
-2.385324
-3.246444
-2.553925
-1.216455
-0.320970
0.531963
2.509199
4.437166
5.494841
4.121918
2.310678
-0.427861
-1.944198
-2.742701
-1.798718
-0.711246
0.201136
0.393910
2.475030
4.621726
5.679697
4.199239
2.031237
-1.277094
-3.602724
-3.828229
-2.747931
-1.219666
-0.459205
0.430062
2.436398
4.496722
5.235331
4.634018
2.384775
-0.859935
-2.973435
-3.469109
-2.390736
-1.073011
0.016794
0.917104
2.377412
3.941319
4.695761
4.179048
1.726568
-0.940770
-3.289308
-4.040747
-3.232520
-1.803234
-0.739609
0.153903
1.968438
3.289656
4.257125
3.716709
1.593575
-1.519300
-3.332722
-3.863935
-2.572594
-0.942778
-0.118541
0.704341
1.977393
3.874640
4.390049
3.589876
1.475644
-1.114797
-2.838630
-3.174695
-1.963539
-0.819290
-0.115999
0.447640
2.263996
4.226632
4.677017
3.892635
1.658306
-1.198605
-3.064085
-4.206236
-2.491758
-0.972225
-0.181272
0.344840
2.194659
3.743386
4.108004
3.797704
1.370673
-1.364295
-3.472110
-3.949427
-3.242595
-1.562084
-0.654264
-0.112311
1.813096
4.081928
4.372006
3.688587
1.812757
-0.513989
-2.788062
-3.491946
-2.499065
-0.412443
0.429035
1.511461
2.928523
4.082579
4.427119
3.900455
1.604203
-1.080037
-3.220399
-3.592862
-2.560357
-0.981993
-0.084126
0.162906
2.305278
4.234698
4.725447
3.751318
1.551154
-0.605660
-3.226082
-3.926113
-2.897006
-1.044020
0.159881
0.774870
1.950432
4.212844
4.607669
3.582434
1.427619
-1.466380
-3.302734
-3.769738
-2.299894
-0.787590
0.191060
1.437955
2.788650
4.147503
4.705881
3.222748
0.780674
-2.213937
-3.663053
-4.173103
-2.864151
-1.579200
0.034786
0.739911
2.170178
3.543048
4.039042
2.960911
0.509463
-1.904119
-3.910415
-4.298329
-3.297792
-1.929033
-0.589089
0.604414
1.393556
3.295029
3.588923
3.013656
0.612463
-2.020185
-3.912057
-4.360470
-3.032092
-1.690458
-0.757489
0.391701
1.650990
3.260107
4.230706
2.734257
0.833418
-2.115244
-3.891539
-4.197483
-2.393239
-1.358109
-0.062257
0.217610
1.514764
3.418804
3.729506
2.644425
0.672935
-1.699021
-3.536263
-4.134709
-3.231133
-1.545233
-0.366385
0.502134
1.711512
3.369949
4.631497
3.911562
1.722925
-1.003622
-3.112137
-3.435448
-2.395140
-1.676193
-0.538873
-0.068289
1.968472
3.958776
4.240722
2.941115
0.831433
-2.013177
-4.224382
-4.506317
-2.866319
-1.091618
-0.118729
0.304031
1.787745
3.589125
3.941167
2.771244
0.429295
-2.020459
-3.823832
-4.719772
-3.530432
-1.954617
-0.784419
-0.196419
0.869697
2.197016
2.824459
2.516731
0.079552
-2.428533
-3.764009
-4.208852
-3.645197
-1.890886
-0.861746
0.133100
1.580214
2.749806
3.893098
3.609042
0.795288
-1.458518
-3.537215
-3.892106
-3.111535
-1.614805
-0.625353
0.312741
2.101969
3.519254
4.251092
3.697678
1.292842
-1.423388
-3.056939
-3.416389
-3.226036
-1.762587
-0.389338
0.683066
1.686123
3.324868
4.038375
3.624793
1.376940
-1.291952
-3.482944
-4.063431
-2.796584
-1.610653
-0.282130
0.329935
1.771106
3.447377
4.256090
3.198467
0.820860
-1.865903
-3.563978
-4.349593
-3.850431
-2.347898
-0.372210
0.638006
1.422408
2.845924
3.846744
2.454519
1.003738
-1.829988
-3.605807
-3.663856
-3.310760
-1.701769
-0.537479
-0.258718
1.320687
2.804234
3.601463
2.843408
1.000531
-1.354410
-3.311569
-4.588212
-3.425068
-1.901713
-0.613474
0.296549
1.576934
2.986012
3.588548
2.368628
0.492655
-2.122016
-4.062988
-4.464675
-3.455554
-1.843571
-0.914540
-0.144961
1.264831
2.906497
3.626873
1.989448
0.375211
-2.056893
-4.197152
-4.785220
-3.512797
-1.638294
-1.066072
-0.106859
1.071366
2.375060
3.150592
2.219577
0.132525
-2.161329
-4.057024
-3.971399
-3.330996
-1.919224
-0.896629
-0.397677
0.693037
2.241785
2.161161
1.372330
-0.237307
-2.537100
-4.181321
-4.496214
-3.789043
-2.342066
-1.085120
-0.504790
0.818749
2.357316
2.965016
2.632739
0.694396
-1.705462
-3.884056
-4.543785
-3.483838
-1.793993
-0.434074
0.471365
1.759344
3.361725
3.996161
3.178943
0.669115
-2.029843
-4.011053
-4.542701
-3.162395
-1.597025
-1.470545
-0.260960
1.439592
2.854381
3.588112
2.973157
0.696351
-2.214890
-4.392941
-4.042530
-2.565707
-1.591772
-0.927432
-0.445329
1.389775
3.209340
3.956202
2.844908
0.524475
-1.706635
-3.999277
-3.935608
-3.177901
-2.530708
-1.219933
-0.002432
1.055346
2.592946
3.245347
1.834392
0.246294
-2.599905
-4.314421
-4.436382
-4.355011
-2.018528
-1.245709
-0.637779
0.710153
2.098532
2.569390
1.499861
-0.176280
-3.016826
-4.667345
-5.245345
-4.158163
-2.391788
-1.588840
-0.313899
0.962920
2.694271
3.199684
1.799550
0.066734
-2.737168
-4.542225
-4.765821
-3.932734
-2.453651
-1.358443
-0.407673
1.308421
2.125246
2.312830
1.217271
-0.392809
-2.400577
-4.240541
-5.241672
-3.638053
-2.535994
-1.679663
-0.768972
0.604228
1.964485
2.725561
1.737327
-0.104477
-2.352247
-4.286698
-5.194876
-3.722786
-1.508884
-1.023089
-0.590044
1.132356
2.454015
3.089903
2.380133
-0.074885
-2.475023
-3.843855
-4.211246
-2.941356
-1.656570
-0.626947
-0.441276
0.827187
2.380506
2.723657
2.192480
0.342998
-1.729156
-3.673655
-4.400503
-2.933401
-1.584105
-0.984955
-0.243656
1.183567
2.971766
3.300439
2.347375
0.725217
-2.127562
-4.233024
-4.056652
-3.264300
-1.861036
-0.482618
0.137403
1.166105
2.583454
3.407050
2.685656
0.478796
-1.940525
-3.722911
-4.150951
-3.429731
-1.989321
-0.861439
0.072781
1.528778
2.605267
2.531598
1.672949
-0.357176
-2.627738
-4.935885
-5.364712
-4.324291
-2.752453
-2.060829
-0.934165
0.188242
1.657940
2.240487
1.263685
-0.486567
-2.547658
-4.358809
-5.540888
-4.443493
-3.009182
-1.605127
-0.829310
0.465124
1.904975
2.448084
1.635303
-0.831104
-2.885800
-4.480209
-4.701961
-3.831438
-2.625185
-1.689884
0.308040
1.344692
2.592994
2.417552
1.124444
-0.763041
-2.930152
-5.513461
-5.780862
-4.367338
-2.907562
-1.561355
-0.993802
0.241287
1.527753
1.911021
1.248148
-0.510547
-3.389110
-5.182186
-5.147020
-3.888872
-2.927320
-1.443197
-0.775760
0.037016
1.728102
2.235641
1.384286
-0.920650
-3.099468
-4.348856
-5.407186
-4.038929
-1.690889
-0.620430
-0.473590
0.706576
1.904442
2.526422
1.228436
-1.373798
-3.626569
-5.385285
-5.616813
-3.942184
-2.462334
-1.044275
-0.378407
0.568123
1.388552
2.159155
1.456891
-0.690896
-3.209025
-5.224268
-5.476233
-3.970047
-2.267813
-0.924713
-0.583706
0.963501
1.619912
2.115550
1.292516
-1.187194
-3.512586
-4.684831
-4.742282
-4.303031
-2.691854
-1.055620
-0.499215
0.184134
1.288990
1.474738
0.414179
-1.163115
-3.736696
-5.335608
-6.154587
-4.794209
-2.127312
-1.364630
-1.366251
-0.110288
1.082702
1.597126
0.515028
-1.327681
-3.526804
-5.407128
-5.479147
-4.148827
-2.255589
-1.124865
-0.677197
0.737163
1.796270
1.970469
0.889730
-1.089789
-3.240886
-4.831526
-5.093400
-3.715736
-2.270224
-1.069260
-0.908281
0.684380
2.815464
2.556691
1.061368
-0.880375
-3.753951
-5.407813
-5.648136
-4.327031
-2.336151
-1.614655
-0.635468
0.928591
1.982137
2.639689
1.264649
-1.226346
-3.372533
-5.317939
-5.579431
-4.591208
-2.943989
-1.883167
-0.846159
0.123163
1.754884
1.928421
0.762947
-0.990870
-3.201216
-5.379129
-5.818355
-4.170849
-2.029747
-1.062641
-0.025265
1.030778
2.300363
2.411017
0.999024
-0.728520
-3.079481
-5.466943
-5.552719
-4.104660
-2.687456
-1.842541
-1.092817
0.284376
1.841875
2.369882
1.304522
-0.361735
-2.858917
-5.090946
-5.030972
-3.928661
-2.184052
-0.908207
0.002112
0.642273
1.562518
2.056124
1.069431
-0.753398
-3.358660
-5.297739
-5.763676
-5.058592
-2.836136
-1.277721
-0.686794
0.569070
1.986694
1.945278
1.295594
-0.668799
-3.123041
-4.680724
-5.253994
-4.351171
-2.992401
-2.039371
-1.109480
-0.124840
1.336127
1.471922
0.706109
-1.390125
-3.729527
-5.321420
-5.734604
-4.867936
-2.792013
-1.627739
-1.271233
-0.362659
0.832644
1.067015
0.270502
-1.359191
-3.175206
-5.146017
-5.023653
-3.221481
-2.081675
-0.908823
-0.637342
0.197826
1.608649
2.175065
0.890334
-1.352575
-3.644483
-4.887508
-5.315053
-4.665929
-2.555042
-1.362591
-1.141565
0.124673
1.054538
1.649007
0.573089
-1.041229
-3.418307
-4.915916
-4.519686
-3.696539
-1.893421
-1.072063
-0.266912
1.016814
2.187115
2.571378
1.861926
-0.159775
-2.045031
-3.836374
-4.810738
-4.409313
-2.193169
-0.613047
-0.199880
1.143540
2.223593
2.388285
1.414548
-1.043934
-3.496412
-5.215148
-5.385854
-4.231439
-2.003944
-1.682137
-0.860184
-0.023324
1.230954
2.075512
0.808822
-1.383016
-3.878476
-5.451288
-4.912807
-3.999157
-2.000292
-1.031403
-0.138768
0.643819
1.203778
1.053595
0.402565
-2.168205
-4.323331
-6.127281
-6.177887
-5.231135
-2.695976
-2.187296
-1.477080
0.055089
0.726271
0.849216
0.036249
-2.413069
-4.404121
-5.544121
-5.970179
-5.190698
-3.442997
-2.132883
-1.723607
-0.585799
0.785095
1.361490
0.267612
-1.564936
-3.507606
-4.707171
-4.446981
-3.917091
-2.114073
-1.314724
-0.647968
-0.020532
0.880036
1.770862
0.430421
-1.682645
-4.337409
-5.785159
-5.191699
-3.221539
-1.489590
-0.539787
-1.204214
-0.444642
0.801702
1.081677
0.016161
-2.255054
-4.324296
-6.192780
-6.592065
-5.529004
-3.987749
-3.279168
-2.203797
-1.366429
0.186319
0.443171
-0.492070
-2.067383
-4.297296
-5.749843
-6.376587
-4.837370
-2.753145
-1.592123
-0.852538
0.103299
0.914554
0.774014
-0.130405
-1.873468
-3.358932
-4.876709
-5.469322
-3.923100
-2.438202
-1.523584
-0.818805
0.111702
1.310176
1.235311
0.166363
-1.865461
-4.300568
-5.849303
-5.565568
-4.014719
-2.665333
-1.632812
-0.992096
-0.063997
1.034632
1.477234
0.552259
-1.711786
-4.164623
-5.416971
-5.423168
-4.191725
-2.270851
-1.614876
-1.350802
-0.148719
1.221715
1.017363
-0.237632
-2.246305
-4.117433
-5.537971
-5.748769
-4.737448
-3.039255
-1.329153
-1.396361
-0.229986
1.105629
0.968118
-0.217902
-2.079217
-4.463086
-6.061173
-6.239625
-4.315197
-2.478144
-1.489376
-1.471879
-0.124201
0.667662
1.083342
-0.006394
-2.111532
-4.104356
-5.682481
-5.998659
-4.638142
-3.301046
-1.892582
-1.279381
-0.101060
0.545175
0.649001
0.364175
-1.203776
-3.312757
-4.653423
-5.190515
-4.100046
-2.445927
-1.152462
-0.457165
1.249386
2.129893
1.726199
0.401038
-2.251192
-4.326563
-5.697263
-5.804125
-4.491386
-2.715132
-1.339373
-0.774504
-0.228282
0.663049
1.401819
0.406681
-1.915831
-4.277748
-5.700349
-5.929409
-5.029179
-3.719997
-1.524820
-1.147244
-0.224321
0.406451
0.443572
-0.352082
-2.634274
-4.758862
-6.374898
-5.817314
-4.764729
-3.098663
-2.050642
-1.963697
-1.138523
-0.677932
-0.529312
-1.142349
-2.549242
-4.100560
-5.153802
-5.245977
-4.296967
-2.283199
-1.322937
-0.989367
-0.566724
0.748773
1.045358
0.092835
-2.323595
-4.591107
-5.804462
-6.151518
-4.930834
-2.952662
-1.860264
-1.188762
0.100106
1.446249
0.963004
0.036391
-2.217907
-4.785867
-6.024408
-6.200124
-4.294622
-1.989336
-1.487164
-1.481357
-0.092864
0.628204
0.364804
-0.803889
-2.901957
-4.845830
-6.580731
-6.754392
-5.544563
-3.310871
-2.303831
-2.019833
-1.093023
0.055779
0.306111
-0.987292
-2.838333
-4.953030
-6.839659
-7.068131
-5.386526
-3.671177
-2.243700
-1.417475
-0.515224
0.289613
0.891876
-0.563992
-2.788507
-4.993908
-6.534789
-7.221641
-5.733307
-3.741423
-2.011250
-1.343333
-0.865439
0.286224
0.313621
-0.396969
-2.560107
-4.691012
-5.768781
-6.234809
-4.801903
-2.983574
-1.205086
-1.231644
-0.478234
-0.117069
0.345683
-0.909323
-2.687253
-4.849028
-6.168406
-6.979869
-5.303908
-3.103504
-1.454201
-1.200224
-0.295610
0.745598
0.755889
-0.533570
-2.671426
-4.557384
-6.460943
-6.256511
-5.589253
-3.679493
-1.711735
-1.122446
-0.513235
0.337026
0.271198
-0.761463
-3.096062
-4.962742
-6.188342
-6.740564
-5.305653
-3.428091
-2.019220
-1.411088
-1.012720
0.414335
0.954718
0.417952
-1.628308
-4.084947
-5.978265
-6.006538
-5.569355
-3.520660
-2.050673
-1.145518
0.214156
1.801624
1.869839
0.060065
-1.994853
-4.585520
-6.423525
-6.886584
-5.539566
-3.968134
-2.902109
-2.087541
-0.815301
0.521956
0.750565
-0.720269
-2.702050
-5.243565
-7.085939
-7.276835
-6.318995
-4.353039
-2.776089
-2.356266
-1.665485
-0.126090
0.046377
-0.934343
-3.328573
-5.608699
-7.104788
-7.134820
-5.781850
-4.098457
-2.832554
-2.098985
-1.271479
0.131522
0.494575
-0.369193
-2.300619
-4.562577
-5.926121
-6.365793
-4.951921
-3.095934
-2.003447
-1.111135
-0.156233
0.642757
0.583823
-0.616806
-2.700926
-5.253217
-6.869956
-7.227839
-6.146643
-4.220318
-2.732346
-1.871823
-0.865407
-0.203588
0.015283
-1.374959
-3.341092
-5.598366
-7.485120
-7.338569
-6.040657
-4.024830
-2.862646
-2.599497
-1.389932
-0.275103
0.187373
-0.760362
-2.863009
-5.169565
-6.845669
-6.588532
-5.756319
-3.992487
-2.642231
-1.795768
-0.915616
0.306376
0.433530
-0.850201
-2.406256
-5.107292
-6.705247
-6.561409
-4.664932
-2.832958
-2.070311
-1.788888
-0.829017
0.031322
0.165474
-1.264755
-3.182572
-5.422067
-6.991961
-6.742876
-5.473911
-3.749811
-2.737301
-1.578193
-1.173269
-0.393121
-0.167316
-1.495087
-3.484763
-5.346869
-6.458131
-6.272304
-5.577044
-3.388475
-2.935766
-2.163292
-1.422573
-0.741432
-0.618505
-1.520636
-3.890909
-6.074526
-7.425257
-7.593586
-6.202592
-4.439657
-3.053537
-2.204316
-1.192428
-0.431379
0.344153
-1.176431
-3.142158
-5.635601
-7.158153
-7.103501
-6.608182
-3.851873
-2.282562
-2.255213
-1.059441
-0.356499
-0.529977
-1.360640
-3.393029
-5.813812
-7.214350
-7.274988
-6.743151
-4.500702
-2.709473
-1.235567
-0.930171
0.002213
0.169139
-0.912714
-3.423275
-5.720667
-7.580464
-7.562130
-6.270594
-4.204451
-2.550995
-1.655855
-0.886166
0.007433
0.029690
-1.570047
-3.993742
-6.380079
-7.829386
-7.751368
-6.470358
-4.681171
-3.998753
-3.046057
-1.988194
-0.661856
-0.307671
-1.565250
-3.550185
-5.295107
-6.432952
-6.271752
-4.941503
-3.747610
-2.753689
-2.304441
-1.327979
-0.344979
-0.306313
-1.670881
-3.961939
-6.271244
-8.043880
-8.133342
-6.699058
-4.416627
-3.113050
-2.536802
-1.233112
-0.493400
-0.322399
-1.713627
-3.738890
-5.923238
-7.480620
-8.050911
-6.898335
-4.945502
-3.504566
-2.400968
-1.409237
-0.480025
-0.453732
-1.464779
-3.802826
-6.352569
-7.815569
-7.341307
-6.299074
-4.674665
-3.743651
-2.614891
-2.104527
-1.075965
-0.559076
-2.218138
-3.820408
-6.052164
-7.964093
-7.936994
-6.344045
-3.872440
-2.740871
-2.422630
-1.439190
-0.370031
-0.668337
-1.791305
-3.797775
-5.826025
-7.252992
-6.997441
-6.053816
-4.633879
-3.000698
-1.584234
-1.062608
-0.371723
-0.182030
-0.971183
-2.964470
-4.953513
-6.292360
-6.428667
-5.411562
-3.690346
-2.533497
-2.029305
-0.602855
0.388779
0.079139
-0.613903
-2.603624
-5.105506
-6.612617
-7.001143
-5.995282
-4.280461
-2.829414
-2.125016
-0.819921
0.532205
0.742051
-0.954603
-3.243179
-5.291944
-6.369316
-7.078629
-6.812676
-4.810625
-3.492813
-2.970340
-1.576828
0.073521
-0.010479
-1.152494
-3.285765
-5.566045
-7.409241
-7.288324
-6.461647
-4.658128
-3.576316
-2.493450
-1.137282
-0.245807
-0.189518
-1.351210
-3.316366
-5.545902
-7.573353
-7.600074
-5.532353
-3.179655
-2.359676
-1.674502
-0.815425
-0.203671
-0.265037
-1.344803
-3.080677
-5.561998
-7.589880
-7.700694
-6.266497
-4.483465
-3.082860
-2.803400
-1.321688
-0.149393
0.375488
-0.605202
-2.096189
-4.485853
-5.739084
-6.106256
-5.250152
-4.069790
-2.702814
-1.576929
-0.067575
0.605637
-0.014044
-1.301774
-3.575736
-5.787787
-7.933271
-7.520247
-6.295231
-4.404060
-2.988599
-2.044040
-1.071605
-0.008327
-0.323374
-1.453232
-3.806194
-5.980590
-7.590425
-7.452936
-6.383185
-4.693725
-2.936376
-2.369061
-1.903114
0.080671
-0.102491
-1.174822
-3.316876
-5.697013
-7.179335
-7.626723
-5.479835
-4.593353
-3.389705
-2.318563
-0.887054
0.259074
0.296177
-0.868662
-3.108398
-6.018056
-7.454711
-7.592155
-6.275012
-4.692245
-3.601295
-2.556726
-1.061684
-0.256488
-0.109892
-1.344873
-3.212369
-5.891194
-7.338634
-7.284710
-6.425024
-5.602179
-4.025565
-2.857761
-2.363261
-0.914128
-0.820908
-1.876808
-3.920672
-5.711907
-7.389418
-8.009464
-6.762821
-4.785041
-3.276186
-2.873044
-1.715625
-0.807621
-0.870432
-1.737356
-3.773456
-5.886710
-7.718034
-7.641946
-6.057495
-3.947157
-3.162297
-2.444118
-1.070268
-0.120285
-0.056394
-1.184610
-2.733983
-5.208219
-7.022044
-7.823885
-6.866511
-4.979144
-3.444870
-2.728593
-1.334067
-0.411034
-0.134607
-1.081528
-3.402893
-5.704940
-7.094008
-7.727831
-6.074354
-4.411906
-3.103065
-2.765573
-1.885489
-0.421025
0.319607
-0.294168
-2.634262
-5.176090
-6.871586
-7.543258
-6.034392
-4.482306
-3.522298
-3.029560
-1.382405
0.386065
0.096535
-1.066053
-2.840132
-5.442090
-7.430177
-7.669647
-6.442082
-4.550992
-3.457459
-2.954301
-1.722874
-0.241716
-0.242260
-1.076262
-3.419705
-6.010326
-7.734383
-8.373705
-6.900917
-5.468425
-3.637031
-2.599295
-1.835588
-0.762148
-0.002831
-1.260255
-2.821310
-5.183736
-7.138387
-7.432515
-6.489202
-5.567674
-3.757765
-2.243979
-1.151964
-0.257069
-0.283098
-0.784403
-2.951351
-5.783160
-7.531230
-7.576293
-6.314195
-4.708844
-2.961688
-2.370238
-1.809062
-0.536346
-0.230010
-1.174526
-3.229689
-5.523771
-7.458746
-7.637117
-5.980844
-4.618119
-3.485262
-3.255030
-1.766827
-0.928738
-0.666334
-1.305363
-3.132501
-5.311064
-6.447141
-7.333384
-6.104119
-4.708875
-3.422277
-2.282638
-1.350193
0.036026
0.317301
-0.334812
-2.695788
-5.388378
-6.808801
-7.096977
-6.425627
-4.548622
-3.143402
-2.523602
-0.967860
0.720963
1.112160
-0.507081
-2.367156
-5.068205
-7.366961
-8.259452
-6.553572
-4.915201
-3.660993
-3.016512
-1.222149
0.094070
0.266372
-0.988967
-3.537016
-5.911555
-7.849549
-8.330889
-7.205299
-5.588314
-4.420394
-3.723310
-1.884330
-0.635702
0.088499
-0.788990
-2.277526
-4.246576
-5.685616
-6.781906
-5.885722
-3.608527
-2.798079
-2.416316
-1.427700
0.055865
0.348536
-0.605469
-3.067402
-5.612670
-7.245442
-8.070357
-6.759498
-5.324233
-3.757101
-2.600905
-1.340017
-0.365915
-0.298927
-1.245191
-3.342072
-6.073995
-7.896323
-7.566983
-5.867931
-4.599996
-3.204820
-2.794812
-1.935546
-0.955722
-0.060312
-0.808256
-2.764070
-5.431519
-7.074008
-6.757963
-5.550662
-4.010464
-3.008778
-2.144954
-0.985158
0.043579
-0.002901
-1.243769
-3.505782
-6.208694
-8.399282
-8.327119
-7.036615
-5.238961
-4.085879
-3.197063
-1.946318
-1.339907
-1.088062
-2.471291
-4.413748
-6.791240
-8.600901
-9.094936
-7.456118
-5.982112
-5.116987
-4.465732
-2.643682
-1.753429
-1.424784
-1.832032
-3.569916
-5.867612
-7.115241
-7.508265
-5.942585
-4.715065
-4.082467
-2.815243
-1.663069
-0.617968
-0.329832
-1.039919
-3.464595
-6.423829
-8.400293
-8.959929
-7.644423
-5.788273
-4.692768
-3.341451
-1.774240
-0.715041
-0.551377
-1.684659
-3.920869
-6.445446
-8.377430
-8.881426
-7.054887
-5.066563
-3.972197
-3.316318
-2.136138
-0.982960
-0.715602
-1.250551
-3.226004
-5.747863
-7.617205
-7.772253
-7.136412
-5.469996
-4.006698
-3.663692
-2.051112
-0.511625
-0.174568
-1.368757
-3.645394
-6.602208
-8.522724
-8.964288
-7.661645
-5.614892
-4.750463
-3.715461
-1.778997
-0.545093
0.148372
-0.838682
-3.320971
-5.695041
-7.491724
-8.100742
-7.447573
-4.797265
-3.857849
-3.043854
-1.533839
-0.420782
0.148630
-0.496556
-3.075835
-5.446174
-7.130214
-7.620645
-6.779011
-5.196995
-4.040060
-3.113664
-1.557992
-0.510577
0.461636
-0.360838
-2.327793
-4.751754
-5.960168
-6.927370
-6.171891
-5.015871
-3.452353
-2.640609
-1.253123
0.324125
0.891998
-0.837259
-3.080954
-5.460688
-7.429685
-8.188546
-6.988669
-5.960302
-4.293527
-3.185761
-1.859565
-0.691775
0.242156
-0.330717
-3.101068
-5.450211
-7.273376
-7.253598
-6.690239
-4.297404
-3.553478
-2.846927
-1.400836
-0.575375
0.284454
-0.881445
-3.429041
-5.686412
-7.616050
-8.048257
-6.612848
-5.273411
-3.869099
-2.894233
-1.920494
-0.819458
0.094620
-0.868818
-2.883348
-5.222314
-7.195486
-7.373434
-6.208985
-4.364920
-3.997305
-2.692571
-0.693099
0.293358
0.570340
-0.731457
-3.121902
-5.774601
-7.908648
-8.630261
-7.148169
-5.242151
-3.755670
-3.366768
-2.190880
-0.705973
0.010147
-0.428434
-2.896963
-5.296502
-7.204671
-7.642490
-6.957587
-5.043057
-3.580088
-2.500345
-1.648843
-0.280392
0.166458
-1.457890
-3.462236
-5.533818
-7.937988
-8.769958
-7.217611
-5.429400
-4.510140
-3.843017
-2.235306
-0.499392
-0.287939
-1.064602
-3.912430
-6.610036
-8.490419
-8.796215
-7.956607
-6.603209
-4.920623
-3.926402
-2.269849
-1.134487
-1.028042
-1.499331
-3.828417
-6.008643
-8.055244
-8.741284
-7.738665
-6.176425
-4.454041
-3.069210
-1.747285
0.055510
0.549065
-0.393505
-2.645383
-5.626678
-7.970056
-8.351106
-7.483703
-5.591871
-4.059099
-2.696095
-1.021415
0.459192
0.002588
-0.668972
-2.888193
-5.558788
-7.142383
-7.704279
-6.783950
-5.156794
-4.017749
-2.631052
-1.543396
-0.259884
0.084431
-0.828796
-2.759267
-4.929997
-7.306061
-7.957495
-6.655491
-5.565168
-4.221523
-2.657241
-1.123648
0.494042
0.365406
-0.249279
-2.555471
-5.575452
-7.660502
-8.341391
-7.473417
-6.022668
-4.506597
-2.906837
-1.563960
-0.198328
0.541212
-0.859034
-2.988955
-5.608726
-7.712083
-8.661591
-7.505027
-6.157679
-4.521495
-3.252652
-1.879969
0.024555
0.473297
-0.685854
-2.196438
-4.942132
-6.822829
-7.102091
-6.125028
-4.703741
-3.578984
-2.826135
-1.362174
-0.048714
1.355747
-0.309417
-2.615612
-5.056798
-7.488778
-8.492367
-7.655645
-5.618797
-4.169086
-3.190372
-1.570969
0.056726
0.115286
-1.059626
-3.146928
-5.420382
-7.435698
-8.571603
-7.805384
-5.814855
-3.522937
-2.795879
-1.270031
0.524904
0.137899
-0.962765
-3.133987
-5.604060
-7.284356
-7.949406
-6.458409
-4.562304
-3.226237
-2.173597
-1.065861
1.267920
1.535432
0.101818
-2.134718
-5.145779
-7.554668
-8.097202
-6.939570
-5.406078
-4.664085
-2.950882
-1.655283
-0.103573
0.766161
-0.432453
-2.241766
-5.417491
-7.592109
-8.565655
-7.427325
-5.418739
-4.607866
-3.514417
-1.798365
0.108890
0.623322
-0.578784
-2.745007
-5.237881
-7.171930
-7.911781
-6.473410
-4.300146
-3.636860
-2.755509
-1.210467
0.084177
0.410885
-0.944522
-3.362210
-5.802394
-8.079481
-8.549084
-7.069963
-5.015495
-4.159380
-3.310190
-1.871035
0.174131
0.643551
-0.347857
-2.387600
-4.940867
-7.305799
-7.786556
-6.451509
-5.014204
-3.467126
-2.436784
-1.130411
0.477709
1.010255
0.027464
-2.334879
-5.238043
-7.362543
-7.670946
-6.495317
-5.539793
-3.917161
-2.340363
-0.785499
0.564516
1.156584
0.324434
-2.256868
-5.123055
-7.117371
-7.852800
-7.166208
-5.231573
-4.057091
-3.256222
-1.948320
-0.355684
-0.108637
-0.639040
-2.381720
-5.547212
-7.689547
-8.184078
-7.354482
-5.834246
-4.456084
-3.516180
-1.932331
-0.237462
0.163385
-0.886997
-2.686542
-5.436510
-7.360123
-7.825176
-6.610829
-5.501830
-4.321125
-3.280133
-1.169827
0.398682
0.865542
-0.662827
-2.706659
-6.068648
-7.681962
-8.059996
-7.608799
-5.756485
-3.934468
-3.178009
-1.249443
0.676067
1.191982
0.282113
-2.016087
-4.924644
-6.667892
-6.753357
-6.086600
-4.716363
-3.742068
-2.263265
-0.815225
0.643332
0.733059
0.382897
-1.716027
-4.443682
-6.993019
-7.136958
-6.561379
-5.255344
-4.045280
-2.662963
-1.124174
0.246865
1.208178
0.063335
-2.219365
-4.527291
-6.887464
-7.599780
-6.600971
-4.515878
-3.542993
-1.784594
-0.177529
1.791459
1.777496
0.117990
-2.378929
-4.663512
-6.447901
-6.815200
-5.816318
-4.305231
-3.106002
-2.149454
-0.524025
0.893642
1.015144
0.004080
-2.532013
-4.627697
-6.575771
-7.662395
-6.954776
-5.235997
-3.774570
-3.075689
-1.942993
-0.114980
0.664703
0.400512
-1.401861
-4.577275
-6.695374
-7.674576
-7.042354
-5.487831
-4.597310
-3.581621
-1.703452
-0.138931
0.747993
-0.286295
-2.501672
-5.260165
-7.478267
-8.085855
-6.933731
-5.441370
-4.066110
-2.608114
-0.517649
1.056976
1.657611
0.371061
-1.832802
-4.627689
-6.574205
-7.187216
-6.592322
-5.110073
-4.218912
-3.154132
-1.456337
0.408745
0.737789
0.011611
-2.055637
-4.867313
-6.665787
-7.064975
-5.584333
-4.300238
-3.577006
-2.389246
-0.715978
1.661753
1.824893
0.677262
-1.136673
-4.397283
-6.872558
-7.561687
-6.905526
-4.793613
-3.937249
-2.605620
-0.962379
1.154009
1.875568
0.501381
-1.890884
-4.710607
-6.578224
-7.484536
-6.112126
-4.733950
-3.701178
-2.475917
-1.067956
0.733514
1.630751
0.444861
-1.861754
-4.217651
-6.629039
-7.145253
-5.634739
-4.210986
-3.467360
-1.918928
-0.992417
0.697620
0.834154
-0.263937
-2.010033
-5.153931
-6.955846
-7.802821
-6.655659
-4.447462
-3.272498
-2.293544
-0.689640
0.601293
1.808191
0.320381
-2.189011
-5.201845
-7.739036
-8.580690
-7.238214
-4.722653
-3.851643
-3.086542
-1.254164
0.516505
0.519445
-0.181631
-2.237177
-5.278445
-7.565226
-7.860981
-7.031875
-5.580662
-4.039885
-3.096359
-1.698208
0.368841
1.455447
0.353189
-1.729938
-4.599414
-6.791423
-7.606160
-7.098057
-5.415574
-3.981261
-2.283797
-0.799750
0.648282
0.835081
0.533552
-1.713869
-4.779438
-6.817640
-7.386901
-6.692543
-5.150470
-3.474797
-2.747186
-0.981384
0.898890
2.463226
0.921121
-1.297678
-4.316281
-7.084906
-7.323074
-5.974865
-5.086987
-3.974030
-2.288519
-0.954004
1.282125
1.969528
1.651043
-1.427739
-3.970685
-5.797793
-6.815877
-6.168785
-4.065722
-3.010955
-1.432407
0.171569
1.750011
2.607553
1.483039
-1.183620
-4.099694
-6.468831
-7.017921
-5.483083
-4.100664
-2.947876
-2.151013
-0.857924
1.454242
2.064048
0.625418
-1.460493
-3.828706
-5.980584
-6.926496
-5.931350
-4.057515
-3.263885
-2.250440
-0.818115
1.417622
2.466255
0.997314
-1.479709
-4.583051
-7.036902
-7.762916
-6.889940
-5.341654
-4.222886
-2.741930
-0.359368
1.365906
1.776400
0.707830
-1.535005
-4.053633
-6.604602
-7.308711
-6.676137
-4.300227
-3.036499
-2.169215
-1.441172
0.749519
1.390779
0.001703
-1.970341
-4.800242
-7.098503
-7.595963
-6.840782
-5.202714
-4.096516
-2.824062
-0.962580
1.085394
1.842079
0.990360
-1.587450
-3.870516
-6.034674
-7.435994
-6.911605
-5.314713
-3.670041
-2.413964
-0.551579
1.102913
1.644682
0.533354
-1.562733
-4.491704
-6.510623
-7.550900
-6.326356
-5.132195
-3.931657
-2.857935
-1.279764
0.571090
1.420885
0.002298
-2.200577
-4.686361
-7.152417
-7.588134
-6.566302
-5.256754
-3.808881
-2.919673
-1.028455
0.808009
1.871288
0.704943
-1.085096
-3.960453
-6.002757
-6.718560
-5.799100
-4.824403
-3.452004
-2.237318
-0.580399
1.305611
1.750275
0.864294
-1.480675
-4.217988
-6.692966
-7.743468
-7.051824
-5.111565
-3.659655
-2.563922
-0.826684
1.507094
2.366513
1.362164
-1.511635
-4.314639
-6.357174
-7.002128
-6.221162
-4.892933
-3.924824
-2.593269
-0.291908
1.531582
2.535862
1.631900
-0.898060
-3.663489
-5.788673
-5.531619
-4.733051
-3.384202
-2.756526
-1.695368
0.670972
2.155371
2.850513
1.552448
-0.873250
-3.156132
-5.603301
-6.379186
-5.878430
-4.438589
-2.709204
-1.181155
0.263963
2.180979
3.033556
1.276411
-0.760652
-3.254498
-5.972801
-6.929096
-6.174612
-4.681855
-3.430942
-2.193830
-0.346784
2.016738
3.020685
2.049131
0.086359
-2.606490
-4.880050
-6.210884
-5.473714
-3.416041
-2.239536
-0.972098
0.486758
2.374466
2.818642
1.865450
-0.259908
-3.093218
-5.696776
-6.811805
-6.360259
-4.606736
-3.044721
-1.605964
0.251733
2.378714
3.151581
1.980326
-0.414215
-3.054773
-5.665997
-6.402319
-5.551447
-4.285153
-2.710611
-1.864838
-0.339821
1.482794
2.582816
1.608358
-0.567111
-3.634376
-5.973042
-6.580258
-5.757757
-4.567604
-3.328584
-1.792823
-0.485887
1.098520
2.100718
1.361431
-1.082626
-3.667445
-5.802412
-6.706648
-5.961143
-4.514027
-3.293035
-1.866639
0.139605
1.729458
2.662878
1.707075
-0.941849
-3.685150
-5.839690
-6.720892
-6.165298
-4.492652
-3.284112
-1.849709
0.293555
2.418495
3.277662
1.912987
0.121093
-2.644200
-5.162527
-5.988160
-5.222491
-3.431178
-2.281081
-1.024652
0.622574
2.966828
3.152845
2.200529
0.424858
-2.409534
-4.421857
-5.087886
-4.324868
-3.277803
-2.662046
-1.243389
0.608829
2.363953
3.298552
2.632141
0.645767
-2.154837
-4.557105
-5.748611
-5.070882
-3.274000
-2.431724
-1.162298
0.861108
3.442501
3.943618
2.753691
0.597814
-1.926151
-4.061526
-4.710389
-4.153848
-2.586022
-1.259455
-0.175827
1.625250
3.698417
4.246840
3.339857
1.129799
-1.407873
-3.933815
-4.372621
-3.354628
-1.965649
-0.880995
-0.485341
1.138062
3.382713
4.482163
3.647455
1.919658
-0.825393
-3.578097
-4.396271
-3.721260
-2.396399
-1.506344
-0.269664
1.974027
3.937790
5.327646
4.110765
1.522918
-1.386061
-3.645626
-4.458630
-3.765182
-2.114896
-1.689267
-0.064606
2.174941
3.887544
4.878050
4.026257
1.471448
-1.598789
-3.860767
-4.682405
-3.343995
-2.095535
-1.202286
-0.517190
1.410220
3.626165
4.285115
3.579056
1.499732
-1.221489
-3.331463
-3.738732
-3.441443
-2.104379
-1.572822
-0.586091
1.376626
3.132384
4.816946
4.239061
1.737631
-0.724203
-2.762856
-3.978019
-3.406276
-1.746083
-0.370461
0.565204
2.752571
4.546238
5.770607
4.616133
1.845810
-1.196392
-3.782870
-5.339560
-4.380715
-3.144028
-2.457733
-1.043331
1.758594
3.876637
4.946846
3.641993
0.869833
-2.074450
-4.394364
-5.110330
-4.347372
-2.820289
-1.680078
0.131451
1.785316
3.300175
4.045567
2.876043
1.152081
-1.656746
-3.939182
-4.164984
-4.308549
-3.320064
-2.195766
-0.876561
1.320172
3.706441
4.366391
3.415142
0.605870
-1.535922
-4.020947
-5.106783
-4.396112
-2.720271
-1.371234
0.154075
2.141960
3.849902
4.454593
3.331573
1.169349
-1.883717
-4.399776
-5.454695
-4.394421
-2.628195
-1.975941
-0.663595
1.100445
3.331356
4.150110
3.745531
1.245821
-1.378097
-3.324792
-4.469894
-3.948153
-2.016704
-0.878624
0.039553
1.846413
3.838531
4.805517
4.014385
1.664875
-1.120251
-3.204225
-3.272951
-2.670168
-1.424327
-0.792884
0.302490
1.784741
4.193376
4.810648
3.968678
1.718493
-0.531117
-2.763000
-3.357262
-2.515745
-1.147163
-0.275860
0.035202
1.683682
3.723553
4.241346
3.901005
1.630494
-0.811950
-2.781452
-3.549304
-2.633681
-1.508368
-0.796977
0.267438
2.268041
4.355844
4.874714
4.240460
1.339754
-1.612669
-3.537271
-4.586267
-3.795135
-2.143476
-1.101487
0.012785
2.250788
3.912677
5.156473
4.440150
1.838539
-1.048826
-3.362177
-3.643724
-3.530115
-2.702937
-1.912382
-0.456167
1.485321
4.032509
4.578352
3.980171
1.614065
-1.094929
-3.234989
-4.127106
-3.853551
-2.306413
-1.401889
0.086934
2.551824
3.878814
4.656152
3.821510
1.800111
-0.700279
-2.369601
-2.106737
-1.950290
-0.281303
0.879308
1.405705
3.430379
5.043726
5.496004
4.484040
2.166636
-0.532927
-1.680404
-2.070378
-1.258690
0.313951
0.968846
2.049569
3.240111
5.473295
6.660776
5.121304
3.029700
0.730268
-1.253589
-1.804816
-1.088853
-0.245525
0.586138
1.288105
3.166245
5.450891
5.958178
4.880140
3.129350
0.788944
-1.613470
-2.863671
-1.979879
-0.587379
0.476656
1.782949
3.878058
5.635311
6.283136
5.471117
3.271861
1.079992
-1.009638
-2.049354
-1.675063
-0.366494
0.406046
1.863737
4.147752
5.996359
6.588511
5.405825
2.789957
0.229053
-1.802533
-2.578566
-1.773844
-0.122190
0.778125
1.655193
3.207115
5.298845
6.517948
5.229820
2.842972
0.342501
-1.662538
-2.626917
-1.405953
-0.118902
0.680564
2.202299
3.511512
5.326733
6.388805
5.624964
3.273776
0.762111
-1.221645
-1.299325
-0.358906
0.641779
1.715860
2.368361
4.149523
6.166800
6.648121
5.649029
4.029528
1.209351
-0.552564
-0.987359
-0.671241
0.665823
1.126988
2.392241
4.750278
6.798439
7.369654
6.304663
4.132224
2.033648
-0.228841
-1.336482
-0.206457
1.010101
1.325994
2.431561
4.351134
6.459209
7.513399
6.245260
4.416437
1.382957
-0.788239
-1.458910
-0.796251
0.394402
1.153812
2.032803
4.161930
5.839922
6.326395
5.908144
4.046049
1.412710
-0.791062
-1.511739
-1.047951
0.103519
1.058167
2.300439
4.523287
6.434263
7.171244
6.410748
4.561554
1.782345
-0.456923
-0.966802
-0.712435
0.431990
0.610914
2.365024
4.444865
6.858774
7.651003
6.453346
3.650696
1.079678
-0.719186
-0.658150
0.053265
1.035261
1.388929
2.434967
4.353531
6.039457
6.912600
5.792578
3.188004
0.748457
-1.071562
-1.909717
-1.276102
-0.029211
0.931503
1.752814
3.754812
5.682577
6.537729
5.960609
4.184381
1.151388
-0.489342
-0.643710
-0.096876
0.905247
1.282537
2.470031
4.168483
5.844439
6.807657
5.501720
3.520603
0.604785
-1.170064
-2.040419
-0.439781
0.582418
1.271642
2.425217
4.558362
6.094507
6.950575
5.977819
3.938889
1.272318
-0.407298
-0.842990
-0.588997
0.979427
1.715319
2.951511
4.411659
6.404333
6.916594
5.939825
3.361187
1.125017
-0.469481
-0.550459
0.008797
0.799553
1.741989
2.590840
3.927298
5.963144
7.252779
6.077780
4.305006
1.521603
-0.751941
-1.465020
0.009211
1.440176
1.750864
2.635118
4.433119
6.105663
6.748590
6.420931
4.102942
1.265515
-0.678389
-0.965521
0.077591
1.632982
2.564796
3.555634
4.474869
6.156914
6.556940
6.061075
3.937848
1.345458
-0.369214
-0.124293
0.780407
1.722408
2.256475
2.954515
5.053019
7.482903
7.947290
6.789627
4.676934
2.602661
0.428318
-0.335653
0.395838
1.158409
2.084908
3.379949
4.861925
6.827623
7.586546
7.143934
4.479807
2.049502
0.362082
-0.171537
0.607571
1.176598
1.866884
2.895532
4.379312
6.301458
7.206858
6.277246
4.018068
1.556748
0.047436
-0.425106
0.124203
1.802530
1.649961
2.751457
4.770720
6.802507
7.314398
6.373446
4.104917
1.703354
0.297550
-0.514910
-0.236271
1.131685
1.752413
2.353976
4.789793
7.411507
8.128813
6.753942
4.527638
2.729669
0.466771
-0.487253
-0.055822
0.662334
1.580011
2.716561
4.592576
6.227308
6.716318
5.560545
4.086843
1.876925
-0.268024
-0.987838
-0.377726
1.097118
1.408463
2.494097
4.207630
5.737495
7.166159
6.375090
4.318366
1.709437
-0.251710
-1.148203
-0.688490
0.830299
1.669500
2.285895
4.674459
6.568365
6.933702
5.912773
4.188255
1.690035
0.245661
-0.477171
0.142450
1.113859
1.494213
2.780170
4.274744
6.547003
7.175739
6.539753
4.189946
1.570838
-0.690080
-1.282079
-0.133757
1.057985
1.805641
3.015158
4.548626
6.610273
6.964350
6.084307
4.248276
1.455102
-0.902050
-1.209808
0.015751
1.150158
1.392445
2.355474
4.265371
6.234222
7.604292
6.149240
4.222925
1.438729
-0.135585
-1.195269
-0.148857
0.934326
1.888453
2.857047
4.715006
6.753191
7.640263
6.286146
4.177608
1.983528
-0.204520
-0.510858
0.482908
0.967926
1.386799
2.588513
4.511943
6.582342
7.416195
6.264662
4.332968
1.353410
-0.271359
-0.684530
0.766655
1.764196
1.993532
3.080995
4.835165
6.847498
7.798063
6.393442
4.802387
2.202600
0.093416
-0.445726
0.365534
1.649132
2.469002
2.881327
5.072256
6.965019
6.927082
6.229992
4.275698
1.379513
-0.791578
-1.183309
-0.287254
0.879889
2.373236
3.200578
4.635161
6.797903
7.311102
6.463686
4.283083
1.720500
-0.289499
-1.036726
-0.021843
1.408096
1.962868
2.740171
4.422217
6.539545
7.443819
6.826071
3.922663
1.074696
-0.804851
-1.326003
0.014111
0.608467
1.204541
2.433476
4.451321
6.216171
6.802973
5.696787
3.830879
1.951089
0.083688
-1.226702
-0.861617
0.315714
1.598032
2.559140
4.813097
6.713495
7.158859
6.163511
4.160971
2.099482
-0.050882
-0.528406
0.378328
1.080429
2.015657
3.179599
4.689938
6.250893
7.500048
6.517763
4.719673
1.823694
-0.312425
-0.851092
-0.186689
0.285034
1.369352
2.930966
4.880888
6.927206
7.663877
6.753134
4.482875
1.644735
-0.506608
-1.434979
-0.747511
0.742918
1.312702
2.731860
4.925032
6.497728
7.041525
6.164865
3.899917
1.386685
0.189929
-1.079094
-0.996671
0.596371
2.406191
2.678205
4.464147
6.297720
6.921305
6.595020
4.033083
1.686157
-0.346187
-0.466135
0.648022
1.821548
2.578201
3.328126
4.867563
6.504707
7.192064
6.496355
4.722398
2.340159
0.299943
-0.550116
0.300192
1.440237
2.222717
3.401742
5.388330
6.938324
7.903666
6.451992
5.277979
2.694304
0.609909
-0.740202
-0.091639
1.492563
2.179117
2.712895
4.999266
7.094013
7.997402
6.767241
4.849306
1.794740
-0.220518
-0.882565
0.462511
1.777222
1.905741
3.007581
4.909122
6.602110
7.322935
6.414186
4.555373
1.796117
0.192872
0.091434
0.669538
1.616690
1.901119
2.812661
4.932524
6.459940
7.211252
6.206730
4.419089
1.400121
-0.708561
-1.230788
-0.028229
0.044043
1.677496
2.569464
4.711927
7.262823
7.806372
6.788332
4.699851
1.776653
-0.389787
-1.656878
-0.569700
0.596306
1.406997
2.043609
4.424100
6.940388
7.276621
6.168470
3.687411
1.826761
-0.186360
-0.937075
-0.411034
0.321606
1.472244
3.416087
5.170708
7.136271
7.724201
6.799726
4.585892
1.825047
-0.224743
-0.772041
0.172680
0.943516
1.443040
2.297919
4.655691
7.140736
8.007570
6.980770
4.818441
1.796172
-0.366975
-1.032265
-0.148102
0.518206
1.488157
2.459700
4.559049
6.441324
7.122286
6.372484
3.881450
1.024813
-0.956115
-1.289310
-0.365196
0.907263
1.657135
2.677985
4.721754
6.312721
6.851442
5.327864
3.088574
0.738940
-1.017355
-1.571089
-0.772974
0.171761
1.449207
2.588525
3.964387
5.675940
5.888807
5.646757
3.667767
0.940263
-1.111789
-1.541330
-0.434446
0.289032
1.085558
2.051600
3.559465
5.343981
6.499731
5.889482
3.983559
1.957730
-0.296618
-1.372436
-0.384180
0.695309
1.290149
2.789413
4.512972
6.266603
7.020525
5.700136
3.837379
1.517840
-0.350921
-1.006114
-0.100351
1.378147
1.710905
2.590019
4.421155
6.407328
7.171637
6.127478
3.911831
0.558855
-1.071680
-1.574792
-0.401052
0.494308
0.950913
2.290312
4.274847
6.152725
7.106226
6.306776
3.827435
1.080969
-0.814945
-1.758811
-0.698538
0.960827
1.171317
2.151002
4.206264
5.813547
6.891687
5.841436
3.667296
1.343038
-0.710570
-1.459778
-0.542190
0.759190
1.650196
2.280366
4.168015
5.842615
6.568750
5.762960
3.531388
0.904333
-1.673160
-1.836823
-0.227654
0.160572
0.837917
1.756499
4.087517
5.720339
6.208437
5.052294
3.303032
1.400112
-1.027225
-1.874899
-0.425694
0.757595
1.485655
2.426612
4.445107
6.485680
7.441290
6.466196
4.041278
1.563581
-0.510772
-0.727448
0.428438
1.286409
1.943470
3.425003
5.374914
7.389593
7.946135
7.705511
5.118174
1.972534
-0.018991
-0.557137
0.049801
1.044804
1.638502
3.279588
5.128843
7.049902
8.061655
6.690012
4.540214
1.591657
-0.072664
-0.800224
-0.202390
1.234100
2.031307
2.710382
4.637663
6.764591
7.238152
5.723509
4.135312
2.021702
-0.784430
-0.896470
-0.186228
0.612921
1.522786
2.002047
4.347546
6.325348
6.635168
5.819141
4.234753
1.893586
-0.150071
-0.424889
0.075710
0.577896
1.876616
2.629681
4.462887
6.565470
8.212912
7.023808
4.909258
2.264508
-0.214672
-0.892510
0.535412
1.009060
1.746319
3.254912
5.357141
6.756994
7.137945
6.482313
3.967569
0.859403
-1.264125
-1.644263
-0.941407
0.633858
1.050205
1.929700
3.828464
6.388121
7.289299
6.218718
3.881919
1.678040
-0.313582
-0.974107
-0.459680
0.691330
1.738180
2.884644
4.823683
6.056330
6.407253
5.952219
3.855657
1.063247
-1.037064
-2.019531
-0.994205
-0.039398
1.285272
2.454414
4.003165
6.082014
6.668535
5.773115
4.065960
1.240239
-0.788336
-1.268444
-0.014988
0.701458
0.950333
2.262465
4.879299
6.565615
6.875643
5.646061
3.821494
1.418118
-0.492867
-1.135789
-0.521435
1.016359
2.182781
2.720469
4.643104
6.561909
7.082846
6.207865
4.298359
2.233901
0.099651
-0.334179
0.664215
1.611542
1.953510
2.754109
4.601441
6.743948
7.025957
5.861149
3.851780
1.068461
-0.827416
-0.665689
-0.026117
0.532232
1.241636
2.655253
3.996665
6.757643
7.623690
6.454544
4.339912
1.804270
-0.474754
-1.312506
-0.040386
1.213020
1.529087
2.350578
4.033422
5.894922
7.408779
6.023361
3.273384
0.679364
-1.162136
-2.189679
-1.554131
-0.046768
0.877037
1.974457
3.882631
5.827456
6.679022
5.568466
3.706360
1.674651
-0.410187
-1.524783
-0.462640
0.487703
0.968322
2.339470
4.382058
6.310179
7.307161
6.430365
4.250908
1.387848
-0.896636
-1.885171
-1.023493
0.379652
1.013857
2.170918
4.191157
5.902781
6.428040
5.790548
3.448539
0.906369
-1.511350
-1.905443
-1.533006
-0.305413
1.383916
1.742879
3.609555
5.710314
6.445070
5.226566
3.550294
1.237039
-1.445628
-2.206561
-1.256980
0.203648
0.786317
1.473308
3.463928
5.554415
6.484907
5.850111
4.154488
1.785285
-1.021188
-1.516032
-0.820923
0.194984
0.978571
2.530969
3.930265
6.417368
6.947023
5.864138
3.660284
0.821848
-1.312075
-1.989392
-0.469116
0.635815
0.926740
1.966666
4.241371
5.925064
6.710869
5.629864
4.030728
1.014218
-1.200411
-1.379941
-0.406310
0.679108
1.404114
2.099312
3.851304
6.071970
6.875095
5.290476
3.168515
1.465066
-0.581176
-1.187785
-0.632806
0.947744
1.766071
2.201471
3.926684
5.585047
6.287563
5.581369
3.629910
1.746395
-0.402586
-0.917534
-0.073652
0.945219
1.461922
2.150358
4.429562
6.405355
6.876677
5.863333
3.894534
0.927618
-0.963982
-1.527594
-0.747952
0.895340
1.793428
2.535988
4.543450
7.053167
6.934896
6.222382
3.566237
1.280136
-0.691034
-1.390968
-0.605988
0.681156
1.329266
2.321194
4.402740
5.939539
6.822882
5.840143
3.507601
0.975601
-1.113136
-1.331120
-0.381050
0.559752
1.023528
2.235719
3.680223
5.641863
6.362701
5.719740
3.474199
0.906661
-0.855638
-1.335942
-0.384269
0.294407
0.854054
2.672984
4.213810
6.376135
7.214197
6.175276
3.887550
1.077785
-1.206985
-2.055228
-0.932862
0.548429
1.187460
2.039177
4.077111
6.204020
7.057104
5.894869
3.977455
1.453384
-1.093428
-1.503556
-0.358113
0.310558
1.424981
2.595440
4.266899
6.252211
7.433086
6.235285
3.664227
1.887844
-0.724495
-0.916416
-0.451246
0.330742
1.010117
2.048838
4.160395
6.832972
7.489487
6.578821
4.260725
1.505133
-0.691607
-1.405415
-0.592878
0.320648
1.363072
2.383741
4.397158
6.430613
6.766148
5.476858
3.390317
1.191411
-1.212229
-2.267936
-1.070928
0.482555
1.474281
2.331017
4.778423
6.398472
6.993017
5.264641
3.158473
0.632320
-0.664580
-1.687374
-0.289673
0.647116
1.186283
2.042540
3.594269
6.099468
6.935453
5.851286
3.752024
0.922614
-1.032831
-1.888407
-0.943129
0.223034
0.894773
1.770515
3.989937
6.319044
6.839811
6.142586
3.939872
1.084968
-0.862563
-1.879841
-1.428757
-0.117845
1.289673
2.169185
4.071176
6.435724
6.558033
5.474506
3.185056
0.546254
-1.475515
-1.932529
-1.220789
-0.149549
0.847113
2.000457
4.273124
5.649479
5.798851
4.837202
3.213121
0.450973
-1.909422
-2.316424
-1.315721
-0.505247
0.281175
1.617089
3.264149
4.949377
6.093292
5.380789
3.260649
1.189275
-0.768749
-1.175663
-0.427782
0.328880
0.357903
1.694149
3.829558
6.083969
6.494104
5.671309
3.491378
0.779182
-0.977803
-1.604486
-0.418664
0.921618
1.365039
2.024792
4.064884
5.761099
6.591404
5.785170
3.149689
0.327912
-1.176361
-1.872962
-1.271637
-0.526158
0.828384
1.736341
3.635979
5.538961
5.803926
5.371965
3.033570
0.622697
-1.455029
-1.889502
-0.704905
0.206213
1.162388
2.442955
4.228569
5.854200
6.274549
5.555861
3.572132
1.056639
-1.016289
-1.739429
-1.132957
0.453135
1.235565
2.112365
4.436730
6.219912
7.022631
5.567072
3.714344
1.052735
-1.598371
-2.052801
-1.507388
0.270237
1.061061
2.012691
4.352448
6.181063
6.882250
5.765207
3.727147
1.182764
-0.882609
-1.154160
-0.813945
0.601011
1.265282
2.371349
4.541699
6.305349
7.591806
6.247063
3.530083
0.990737
-1.405112
-1.942796
-0.596524
-0.035118
1.303370
2.272789
3.732311
5.762003
6.203865
4.928915
3.068647
0.781735
-0.986850
-1.159327
-0.971605
0.494925
1.467918
2.095368
3.820923
5.956285
6.688475
5.282597
3.252191
1.193052
-0.855281
-1.058287
-0.413441
0.463396
1.354957
2.229278
3.984006
5.481348
6.086340
5.342321
3.791010
1.301082
-0.549752
-1.295894
-0.517595
0.457415
1.457417
3.012659
4.838951
6.335028
6.797663
5.825968
3.872050
1.160002
-0.772483
-0.887979
-0.347272
0.531944
1.331528
2.046763
4.014356
6.430265
8.037655
6.467405
4.030272
1.008566
-1.178364
-2.174886
-0.940857
0.667816
1.591502
2.707455
4.981516
6.734640
7.393265
6.056841
3.612527
0.245978
-1.792232
-2.068297
-1.153559
0.267258
1.836367
2.332726
4.150716
6.055073
6.221197
5.107573
3.099105
0.889231
-1.389629
-1.669609
-0.340977
0.481073
1.296324
2.413604
4.458715
6.424932
6.899656
6.359316
3.833067
1.195195
-0.859661
-0.759661
0.442488
1.326149
1.750364
2.552741
4.012173
6.126787
7.122232
6.515715
3.592767
0.795777
-1.168188
-2.092144
-1.167158
0.458649
1.389756
2.189855
3.906184
6.469458
6.914276
5.720968
3.518281
1.267273
-1.186764
-1.749044
-0.811126
0.436346
1.122938
1.972528
4.427639
5.889118
6.489809
5.401438
3.648026
1.041085
-0.867087
-1.957365
-1.388403
-0.031265
1.452627
2.363477
4.240007
6.518263
7.265987
6.402327
4.057883
1.595738
-0.983257
-1.911674
-1.739403
-0.171209
0.713292
2.667181
4.741438
6.929644
7.283598
5.918665
3.821594
1.182752
-0.372094
-0.961630
-0.365797
0.803770
0.949907
2.217032
4.466109
6.409678
6.834520
6.005064
3.795833
0.991257
-1.586161
-1.871033
-1.088153
0.172234
1.454900
2.554152
3.693572
5.731674
6.277208
5.767244
4.104486
1.145710
-0.919831
-1.672071
-0.609783
0.380707
1.016197
2.084557
3.845629
5.622215
6.477329
5.304842
3.275763
0.734167
-1.782179
-1.916085
-0.729507
0.324968
1.388404
1.886975
3.732493
5.839079
7.008842
6.181780
3.374166
0.041929
-1.673745
-2.097645
-1.742268
-0.416791
0.623664
1.117268
3.375510
5.458303
6.553869
5.375158
2.931112
0.415333
-1.422212
-1.852922
-0.957911
-0.375140
0.914378
2.005140
3.803334
5.690630
6.727560
5.732637
3.633646
0.835498
-1.354548
-2.171011
-1.305176
0.327698
1.330797
1.976853
3.984940
6.146446
6.846403
5.202866
3.395090
0.968419
-0.969727
-1.454261
-0.858008
0.609413
1.272614
2.220656
4.534310
6.658669
7.260077
6.276983
3.949466
1.326020
-0.686524
-1.472184
-0.189880
0.824854
1.715384
2.896845
4.575600
6.808092
7.230263
6.262041
3.964116
1.702451
-0.148940
-1.110873
-0.208176
1.485758
1.531427
2.906253
4.561201
6.097284
6.490751
5.677938
3.171100
0.626333
-1.280974
-2.037231
-0.754922
0.627281
1.124263
1.879321
4.451013
6.210756
6.959528
5.350275
3.270068
0.720187
-1.134174
-1.807795
-1.102104
0.584774
1.193571
2.736073
4.722270
6.637991
7.054287
5.656105
3.499610
0.649544
-1.274342
-2.397610
-1.593666
-0.168395
0.443092
2.181525
4.426128
6.164705
7.214790
6.829859
3.936571
0.454813
-1.138658
-1.851514
-0.883438
0.424847
1.122052
2.343573
4.312301
6.381609
6.892422
5.967649
3.536516
0.599011
-1.195095
-1.541552
-0.736979
0.512152
1.098881
2.282923
4.030961
6.012428
6.902456
5.376928
3.740438
0.798289
-1.313339
-1.686248
-1.041312
0.112816
0.969873
1.872216
4.043007
5.942163
6.309458
5.775560
3.956015
1.006338
-1.025185
-1.382474
-0.469124
0.365564
0.714660
2.030684
4.528206
6.475096
6.975935
5.960302
3.031472
0.432239
-1.324991
-1.826390
-1.001539
0.624884
1.252284
2.512589
4.433801
6.211191
6.133532
5.401976
2.830018
0.147209
-1.847666
-2.179254
-1.475856
-0.083190
0.962289
2.106812
3.871334
6.153852
6.263453
5.467291
3.852490
1.474613
-0.629206
-1.844851
-1.187391
-0.153109
0.741233
1.732466
3.905777
5.998951
6.734556
5.903568
4.008401
1.324905
-0.902367
-1.657426
-1.077009
-0.110824
0.397594
1.803611
4.169336
7.262079
7.792423
7.102646
4.824778
2.080822
-0.464962
-1.393235
-1.230977
0.416283
1.663114
2.827649
4.741974
6.645586
7.521460
6.832121
3.858688
0.913936
-0.826396
-1.582759
-0.773881
0.238213
1.864856
2.745693
4.756590
6.284529
6.990763
5.328083
3.222933
0.393292
-1.597516
-2.228949
-1.149184
0.142059
0.902774
1.865438
3.774346
5.762798
6.546864
5.644274
3.455034
1.202090
-1.524811
-1.630389
-1.146347
-0.016290
0.373984
1.919171
3.548787
5.433802
6.083397
4.848835
3.166726
0.260081
-1.741136
-2.917610
-1.856014
-0.134856
1.008869
2.007988
4.519643
6.399916
6.499302
5.353838
3.298373
0.661298
-1.434164
-1.770020
-1.156837
0.321451
1.127574
1.785837
3.704872
5.831457
6.812220
5.650923
3.567768
0.762650
-1.038034
-1.233047
-0.908447
-0.082084
1.205251
2.100781
4.342443
6.575861
7.239983
6.401777
3.938303
1.209875
-1.022850
-1.737976
-0.627999
0.460340
1.316056
2.366820
4.402152
6.881517
7.050755
5.984991
3.979127
1.185695
-0.812134
-1.587686
-0.939479
0.557522
1.796669
2.490581
4.213305
6.256460
6.558119
5.507143
2.896456
0.208883
-1.868736
-2.522627
-1.566198
0.022184
0.450678
1.839895
3.905202
5.720266
6.123465
5.147566
2.865911
0.642047
-1.418191
-1.443582
-0.639934
0.842949
1.379845
2.165073
3.621744
5.964756
6.703451
5.739792
2.915389
0.602778
-1.032476
-1.461931
-0.789704
-0.365376
0.811161
1.519094
3.886270
5.801527
6.448137
5.461798
2.866610
0.196151
-1.453288
-1.427386
-0.492751
1.066944
0.676332
1.556186
3.321534
5.305952
6.248821
5.501730
3.092836
0.163465
-1.549405
-1.213452
-1.152070
0.230871
0.927344
1.898500
3.706291
6.027266
6.456207
5.925371
3.824355
0.607705
-1.085913
-2.029605
-1.305758
-0.368735
0.421280
2.137304
4.220974
6.242981
6.988279
4.996847
2.535345
-0.220868
-2.094185
-2.610355
-1.578443
-0.608603
0.221572
1.239772
3.170450
4.927919
5.742081
4.701207
2.705589
0.111341
-2.041658
-2.612718
-1.464986
-0.242688
1.188393
1.340826
2.725193
5.136625
6.072010
5.252995
3.280807
1.129703
-0.900153
-1.421716
-0.868367
0.188243
0.754695
1.890315
3.923588
6.253679
6.952505
6.055368
3.530241
0.523336
-1.815084
-2.151519
-1.221251
0.234236
1.493203
2.664055
4.707515
7.384779
7.583160
6.159828
3.417706
0.622048
-1.580146
-2.215386
-0.614015
0.310293
1.371536
2.208230
4.089421
6.408365
6.997210
6.129389
3.840360
1.165432
-0.966107
-1.686301
-0.762894
0.801149
1.118310
2.122039
3.922907
6.196215
7.064676
6.100183
3.700418
1.434762
-0.569301
-1.755958
-0.912073
0.384962
1.410572
2.317969
3.880710
6.026848
6.621962
5.700628
3.462944
0.686962
-1.377516
-1.368208
-0.962193
0.175793
0.326867
1.721287
3.750997
5.756529
6.671698
5.773705
3.341691
0.659636
-1.159726
-1.664886
-1.436035
0.054246
1.127149
2.261192
4.087680
5.895689
6.624100
5.949123
3.716904
0.994596
-1.769536
-1.927267
-1.334584
-0.160262
0.657400
1.495261
3.622516
5.970976
7.147112
6.238766
4.290678
1.545622
-1.197238
-2.101676
-1.247282
0.876860
1.196921
2.131581
4.214484
6.351862
7.191095
6.222578
4.645012
1.504406
-1.315500
-1.974984
-1.375709
-0.446479
1.068499
2.485407
4.449762
6.701406
7.179457
5.657164
3.618993
0.443555
-1.848948
-3.135891
-2.498882
-1.044420
0.486917
1.805700
3.992290
5.941427
6.964514
5.884123
3.998128
1.016356
-1.201808
-2.230600
-1.334601
0.011120
1.460074
2.450250
4.106097
6.161772
6.397127
5.843401
3.694410
1.025058
-1.459656
-2.134289
-1.105041
0.169997
0.188435
1.512554
4.143201
6.361437
6.872192
6.248495
3.744814
0.891688
-1.117058
-1.439964
-0.787858
0.363798
0.973457
2.493793
4.823303
6.259760
6.438288
5.300974
3.380362
0.617315
-1.345558
-2.387509
-1.786293
-0.406788
0.527649
2.537270
4.499194
6.140011
7.076265
5.603960
3.303166
0.842144
-1.327662
-2.068340
-1.450079
0.137951
1.125116
1.913206
3.385338
5.110899
5.725863
5.240231
3.361996
0.815186
-1.534249
-2.188027
-0.813252
0.175337
0.892529
2.192439
3.594651
5.797758
6.799604
5.529829
3.250080
0.721506
-0.944740
-1.566886
-0.902838
0.405113
1.350098
2.534298
4.433982
5.643192
6.091661
5.097906
3.341763
0.708719
-1.032044
-1.716215
-0.746033
0.467363
0.603018
1.766927
3.520146
5.623434
6.362526
5.265490
2.798599
0.661555
-1.524308
-1.959810
-0.770571
0.386293
1.432960
2.614658
3.786903
5.607771
6.871778
5.342028
2.867719
0.172539
-1.922861
-2.420110
-1.635954
0.056112
0.948298
1.703264
3.773208
5.249662
6.726625
5.116621
3.193878
0.120244
-1.810932
-2.370070
-1.643506
-0.397223
0.398750
1.613626
3.526713
5.234110
5.932772
5.072689
2.776267
-0.285081
-2.235283
-3.035750
-2.303907
-0.960229
-0.069468
1.452473
2.927870
5.244232
5.937395
5.416698
2.721364
0.192096
-2.039965
-2.822740
-1.940015
0.083668
0.522161
1.478226
3.202867
5.171846
6.271406
5.823107
3.717491
0.960553
-1.612113
-2.249210
-1.449969
-0.093173
1.110687
2.339405
4.685516
6.645414
7.095869
6.268867
3.655112
1.035291
-0.897345
-1.319259
-0.512171
0.275789
1.149404
2.908087
4.536713
6.524757
7.160097
6.090664
3.607311
0.483155
-1.242269
-1.537849
-0.734426
0.378368
1.305383
2.470366
4.807165
6.833143
7.371229
5.847849
3.600559
1.084433
-0.739501
-1.166849
-0.855621
0.606869
1.846867
2.645684
4.626021
6.391314
7.147009
5.914938
3.873659
1.331666
-0.968423
-1.513697
-0.475664
0.714388
1.321756
2.093515
4.155349
6.825150
7.586641
5.708780
3.750109
1.012294
-1.146953
-1.693745
-1.141352
0.417704
0.859753
2.551455
4.455002
6.357401
6.674416
5.589800
3.693071
1.535858
-0.564605
-1.575974
-0.570695
1.175179
1.485845
3.015656
5.013779
7.077154
7.535528
6.489412
4.024513
1.042447
-0.921416
-1.326609
-0.550693
0.177120
1.443975
2.359591
4.418249
6.375456
7.537561
6.011084
3.538903
0.678958
-0.911624
-1.381092
-1.280972
-0.047665
0.429821
1.365026
3.786990
5.753920
6.629944
5.575678
3.569726
0.627418
-1.285226
-2.181085
-1.322183
0.334177
1.067647
2.002663
4.068953
6.039431
7.040514
5.565222
3.417954
0.507610
-1.618732
-2.217174
-1.010114
0.608164
1.099468
1.829564
4.141103
6.246283
6.638577
5.451471
3.489380
0.636446
-1.538563
-1.704244
-1.079543
0.098410
0.964985
1.741649
3.900674
5.330030
6.234104
5.312626
3.373883
0.990814
-0.818705
-1.243454
-0.072651
0.877995
1.364912
2.422046
3.761766
5.709074
6.368357
5.071886
3.490625
0.992389
-1.312963
-1.559540
-0.782526
0.201773
0.959111
2.180288
4.145995
6.029015
6.952038
5.526493
3.141387
0.709286
-1.217973
-1.988816
-0.774416
0.436354
1.360138
2.135368
4.222237
6.302250
6.808886
6.134575
3.755606
0.627171
-1.617192
-1.697200
-0.777688
-0.078004
0.772922
1.881470
3.991354
5.575270
6.139803
4.548972
2.648311
0.229132
-1.851042
-2.252565
-1.480775
0.206570
0.888710
1.999715
3.453181
5.335279
6.293924
5.039427
3.191276
0.857703
-1.518148
-1.591248
-0.875748
0.338863
1.477634
2.071486
4.224087
6.409410
7.222635
6.079288
3.621460
1.270359
-1.160026
-1.663323
-1.230262
0.370487
1.317393
3.013950
4.865931
6.287649
