5.894506
4.916752
2.382000
-0.479466
-2.580709
-3.280169
-2.697497
-1.259726
-0.115498
1.001688
2.887637
5.223507
6.325466
5.107670
2.619887
0.034022
-2.430294
-3.014479
-1.959059
-0.518102
0.313129
1.517160
3.234097
5.493549
6.087299
4.865953
2.294270
-0.068265
-2.215747
-2.282752
-0.927174
-0.071589
0.760201
1.796157
3.690495
5.593498
6.724741
5.479506
2.953607
0.091291
-2.114544
-2.947077
-2.287344
-0.500057
0.577827
1.530782
3.565025
5.413742
6.338736
5.009314
2.868840
0.447708
-1.763267
-2.530773
-2.074544
-0.695065
0.019869
0.944761
3.148250
5.250221
6.157021
5.018803
3.226324
0.345135
-1.926218
-2.249428
-1.150429
-0.018951
0.908918
1.528260
3.285084
5.448952
6.325377
5.776161
3.240594
0.132822
-2.138805
-3.037896
-2.284695
-1.109218
-0.151245
1.283277
3.397962
5.293140
5.846264
4.989401
2.391392
-0.073768
-1.970563
-2.794245
-2.191794
-0.606455
0.481380
1.446814
3.109267
5.006357
6.145695
5.425655
2.775175
0.215173
-2.188636
-2.675788
-1.929119
-1.107567
0.055601
1.622336
3.119974
4.891436
5.568663
4.792500
2.550472
-0.431817
-2.398808
-2.854054
-1.880281
-0.903143
0.236862
1.759013
3.658944
5.204556
6.199211
5.188145
2.465072
-0.234086
-2.155797
-2.599454
-1.866672
-0.263196
0.263715
1.788033
3.844128
5.541142
6.068188
4.904299
2.190363
-0.274174
-2.637182
-3.697170
-3.125201
-1.601262
-0.298180
1.128938
3.156508
4.981327
5.442604
3.890351
2.017712
-0.449411
-3.181096
-3.773764
-3.298530
-1.716413
-0.370835
0.820639
3.099960
4.641399
5.042160
4.853020
3.065740
0.118806
-2.086050
-2.356414
-2.235113
-0.768301
0.101144
0.959749
3.060555
5.163328
5.617441
5.244186
2.371436
-0.297313
-2.264163
-3.109440
-2.256186
-0.836464
0.172840
0.906208
2.892366
5.315083
6.351509
4.785957
2.614734
-0.688250
-2.224029
-2.800152
-2.168327
-1.204941
-0.367652
0.648108
3.081455
5.281048
5.480122
4.857176
2.540919
0.004648
-2.437799
-3.184388
-2.560076
-1.823147
-0.198309
1.257301
2.835170
5.032221
5.858223
4.588699
2.842552
0.258360
-1.703780
-3.010244
-2.075624
-1.063828
0.139298
1.650173
3.258257
5.401600
6.178356
5.109104
2.381837
-0.377331
-2.778598
-3.173999
-2.200809
-0.245594
0.507908
1.132077
3.230056
4.914131
5.659355
4.860600
2.478402
-0.334093
-2.385266
-2.814722
-1.905251
-0.553477
0.311864
1.117295
3.115169
4.839127
5.841125
5.163887
3.065954
0.401586
-1.590886
-2.162588
-1.456997
0.048298
0.527147
1.097688
3.194159
5.193424
6.110287
4.552200
2.249949
-0.565028
-3.036325
-3.496873
-3.183950
-1.538186
-0.166278
1.615443
3.191360
4.979301
5.652308
4.586620
2.119349
-0.671931
-2.767085
-3.604543
-2.006841
-1.265936
-0.353869
1.087830
2.731457
4.560040
5.163824
4.599411
2.630507
-0.501934
-2.278125
-3.162565
-2.563401
-1.127719
-0.153485
0.711333
2.848966
4.921816
5.618761
5.115860
2.551500
0.271460
-1.792377
-2.834999
-1.846922
-0.532498
0.343807
1.707878
3.373784
4.993134
5.704010
5.244095
2.721953
0.483495
-1.551910
-2.808876
-1.784492
-0.478246
0.541381
2.076048
4.007057
5.559082
6.119532
4.997818
2.554145
-0.064312
-2.234172
-2.620699
-1.700567
-0.812651
0.084090
1.543980
3.102363
5.633976
5.788345
4.242802
2.101465
-0.534955
-2.685024
-3.161589
-2.429977
-0.916299
-0.198643
1.162320
2.798307
4.774805
5.267445
3.987827
2.357220
-0.402375
-2.610753
-2.999515
-2.441225
-1.108765
0.034309
1.296288
2.820212
4.884804
5.733101
4.164875
1.795571
-1.275372
-2.972610
-2.716669
-2.242198
-1.133245
-0.468288
0.554842
2.444806
4.244260
5.236631
4.391088
1.996286
-0.742995
-3.049838
-3.694178
-2.867645
-1.015283
-0.113996
0.590483
2.017158
3.790061
4.571531
3.202051
1.188055
-1.029803
-2.858363
-3.653365
-2.508180
-1.819223
-0.329821
0.700979
1.777699
4.104880
5.105236
4.210849
2.279221
-0.347198
-2.922755
-3.521759
-1.983307
-0.699351
-0.161530
1.311260
2.786508
4.806728
5.549469
4.389269
2.219128
-0.800377
-3.008735
-3.490343
-2.139606
-0.745787
-0.251831
1.087689
3.197120
5.365446
5.844292
5.351509
2.739923
-0.426189
-2.370955
-2.899447
-2.040678
-1.105141
-0.245700
0.772314
2.560032
4.471787
5.199266
4.379772
1.583814
-1.147583
-3.308962
-3.891053
-3.259981
-1.915409
-0.670169
0.107841
2.745039
4.919979
5.123653
4.277479
1.967480
-0.150602
-2.940946
-3.452353
-2.484611
-1.239036
0.038079
0.631610
2.642303
4.498922
4.975042
3.687216
1.512152
-0.985634
-2.572521
-2.993699
-2.294553
-0.774446
0.722246
1.098404
2.737498
4.810139
5.873690
4.569897
2.140414
-0.167423
-2.034723
-2.935285
-1.994886
-0.147152
0.856150
1.678607
3.129570
4.982851
5.862467
4.335589
1.838099
-0.726062
-3.063476
-4.043859
-2.819198
-1.297704
-0.046638
0.924803
2.313009
4.160867
4.929028
3.683436
1.554279
-1.060659
-3.371117
-3.767001
-2.470240
-1.015751
-0.417024
0.657947
2.219563
3.740525
4.354165
3.862951
1.995161
-0.816064
-3.296399
-3.317563
-3.207150
-1.415053
-0.791106
0.845875
3.041869
4.242919
5.214401
4.234440
1.575247
-1.018258
-2.902812
-3.633713
-2.977910
-0.740307
-0.310765
0.952332
2.419695
4.351660
5.321213
4.420108
1.828787
-0.907480
-2.476585
-3.584036
-2.944196
-1.047106
-0.391040
1.248365
3.084375
5.141033
5.495594
4.607405
2.450672
-0.682834
-2.668829
-3.270353
-2.522903
-1.063842
-0.280025
0.858777
3.359119
4.881477
5.640940
4.054596
1.968737
-0.544188
-2.277920
-3.119387
-2.590168
-1.481704
-0.356391
0.966467
2.356894
4.382951
5.005146
3.935853
2.031777
-0.196957
-2.549475
-3.234756
-2.335226
-0.835602
0.013603
0.506906
2.151716
3.924186
4.208353
3.837939
1.682548
-1.019941
-3.162350
-3.684158
-3.003303
-0.977169
0.302810
0.368428
2.034958
4.117515
4.511495
3.140998
0.891204
-1.749291
-3.465487
-4.389961
-3.380856
-1.815302
-0.571667
0.074506
2.182499
3.690084
5.159260
3.813554
1.347073
-1.831506
-3.755675
-4.013611
-3.366065
-2.000094
-1.085245
-0.038946
1.464575
3.157776
4.342121
4.112599
2.217565
-0.805252
-2.647193
-3.058288
-2.122927
-1.092567
0.088696
0.522030
1.913752
4.114935
4.315869
3.821676
1.307401
-1.569845
-3.695367
-4.528068
-3.170253
-1.384418
-0.816004
-0.557438
1.182684
3.121281
4.295001
3.680048
1.203672
-1.272292
-3.705009
-4.241705
-3.562860
-1.779230
-0.649678
0.455729
2.481605
3.788501
4.254086
3.303187
1.289918
-0.927889
-2.610505
-3.490847
-3.196308
-1.774497
-0.275689
0.471802
2.116435
4.083946
4.768353
3.755177
1.900151
-0.645216
-2.903278
-3.053871
-2.798558
-1.176018
-0.110168
1.186525
2.166094
3.954446
4.452696
3.662077
1.305825
-1.672963
-3.585193
-3.904054
-3.239733
-1.584099
-0.670663
0.491242
2.174838
3.787927
4.741135
3.487194
1.359079
-1.414055
-3.793976
-4.485520
-3.763977
-1.970442
-1.460084
-0.673106
1.456885
3.084250
3.753228
2.696980
0.336773
-2.019282
-4.215764
-4.982901
-3.679139
-2.256808
-1.220667
-0.412513
1.374236
2.754555
3.874649
2.904694
1.019288
-1.663097
-3.595694
-4.170306
-3.474821
-2.472486
-1.132910
-0.034462
1.438672
2.924410
3.777237
2.575696
0.476252
-1.808697
-3.809280
-4.289061
-2.645404
-2.163807
-1.000325
-0.178411
0.952303
2.836519
3.770608
2.997502
1.341143
-1.503216
-3.612262
-4.028409
-3.635082
-1.802825
-0.766336
0.294527
2.057355
3.713933
4.508205
3.645078
1.145726
-1.617969
-3.672894
-4.280758
-3.546709
-2.435328
-1.151582
0.152781
1.522900
3.041408
3.483988
2.635030
0.598907
-1.927837
-3.827989
-4.451766
-3.504303
-1.563290
-1.062913
0.006455
1.632349
3.214673
3.614076
3.198175
0.688846
-2.299838
-4.720669
-4.800436
-3.700175
-2.545910
-1.471768
-0.515403
1.094924
2.865369
3.970720
2.771000
1.240515
-1.018414
-2.469932
-3.505208
-2.452402
-0.659338
-0.043155
0.538049
2.128543
4.241699
4.779339
3.770645
1.602858
-0.971220
-3.197738
-4.357072
-3.600275
-1.615118
-0.100374
0.600984
2.141748
3.933323
4.603258
3.447412
1.149750
-1.060425
-2.988775
-3.501229
-2.937935
-1.046021
-0.162657
0.812810
1.798247
3.467750
4.189948
3.536930
0.871984
-1.850530
-3.672363
-4.279297
-3.521554
-2.791771
-1.450994
-0.593316
0.975326
2.371925
2.860833
2.119224
-0.208032
-2.335307
-3.896300
-4.705349
-4.146517
-1.854404
-1.210925
-0.434361
0.709263
2.409976
2.680696
1.849494
0.000840
-2.472664
-4.674095
-4.281995
-3.554257
-2.429990
-1.417918
-0.203731
1.535568
3.201086
3.285183
2.701991
0.171562
-2.744711
-4.201080
-4.613561
-3.540105
-1.397308
-0.558941
0.000562
1.587421
3.002662
3.781256
2.678235
0.196044
-2.428013
-4.596590
-4.698956
-3.199368
-1.711300
-1.078339
-0.522935
0.752471
2.417772
3.021234
2.882227
0.752877
-1.667706
-3.871280
-4.049170
-2.591666
-1.429428
-1.256989
-0.644268
0.884443
2.844353
3.542382
2.591425
0.350378
-1.843289
-3.707337
-4.571230
-4.164695
-2.545368
-1.371794
-0.157749
1.939874
3.595836
4.059611
2.451257
0.130960
-2.431550
-4.711481
-4.513638
-3.213886
-1.486139
-1.196991
-1.120295
0.241498
2.138416
3.107313
2.820591
0.669503
-1.778185
-3.065631
-3.808233
-3.137638
-1.587694
-0.409674
0.514800
1.879364
2.938825
3.725155
2.989589
0.219158
-2.255546
-4.338697
-4.608518
-3.364885
-1.498388
-1.290055
-0.138005
1.331470
3.104608
3.355281
2.420500
0.183642
-2.624665
-4.789332
-4.433131
-3.489738
-2.077471
-1.486212
-0.855947
0.617467
2.600406
2.941288
2.062274
0.012094
-2.366271
-4.052746
-4.506876
-3.544838
-2.226606
-0.828483
-0.290164
0.947074
2.733625
3.729877
2.588649
0.819226
-2.099261
-4.145972
-4.119941
-2.954288
-0.992231
-0.428900
0.148661
1.591463
2.892018
3.621778
2.794189
0.515283
-1.593363
-3.809716
-3.921883
-2.670608
-1.179996
-0.480331
0.277105
1.414291
2.971327
3.738042
2.559355
0.173404
-2.049576
-4.178102
-4.775038
-3.675848
-1.909250
-0.752884
-0.172695
0.995053
2.079174
2.730498
2.099948
0.002141
-2.407984
-4.035723
-4.153182
-3.307180
-1.915201
-0.128483
0.316511
1.048789
2.122715
2.724259
2.002912
-0.006184
-2.390356
-4.373680
-5.006907
-3.839707
-2.067408
-1.514263
0.336646
1.692516
2.683508
2.745632
1.726865
-0.200304
-3.057838
-4.870498
-5.530006
-4.499994
-2.770293
-1.281513
-0.088577
1.220378
1.961372
2.593245
1.743703
-0.516506
-3.164310
-4.886851
-5.162873
-4.048131
-2.554911
-1.356211
-0.538219
0.599586
2.063784
3.007875
2.135687
-0.386831
-2.769878
-4.674656
-4.750463
-3.790639
-2.130125
-1.221020
-0.426311
0.865652
1.874956
2.515783
1.591140
0.010646
-2.207603
-4.174629
-4.774125
-3.744954
-1.822376
-1.061644
-0.261739
1.052621
2.203895
2.744135
2.063380
-0.168814
-2.836035
-5.034504
-5.696254
-4.812295
-2.930285
-1.913817
-1.154271
0.701909
2.679965
3.046062
2.127077
0.096925
-2.643559
-4.768612
-5.212725
-3.657457
-1.684338
-1.008942
-0.371312
0.843536
2.411244
2.724777
1.672955
0.063396
-2.342677
-4.495443
-5.150492
-4.503874
-2.475157
-1.157393
0.103957
1.657990
2.722147
3.777225
2.390531
0.198247
-2.683716
-4.670964
-4.964538
-3.769460
-1.965113
-1.035339
-0.289564
1.067076
2.476967
2.931920
2.013152
0.146000
-2.361066
-4.309001
-4.936330
-3.823780
-1.806692
-1.001602
-0.555770
0.569140
2.049589
2.583730
1.387247
-0.395455
-2.792598
-4.512517
-5.028269
-4.240438
-2.153677
-1.436108
-0.611052
0.206353
1.648963
2.289676
2.082705
0.193868
-2.305614
-4.569647
-5.114192
-4.444486
-2.632521
-1.703410
-0.930295
0.544447
2.229427
2.673388
1.705379
-0.367043
-2.608928
-3.970248
-4.374539
-3.676999
-2.350060
-1.169979
-0.091672
1.285503
2.173471
2.484823
1.458387
-0.503972
-2.764729
-4.739522
-4.919429
-2.772503
-1.602743
-0.680246
0.442918
0.780189
1.903217
2.808432
1.402698
-0.456468
-2.598822
-4.335504
-5.315409
-4.214627
-2.488302
-1.307190
-0.219236
0.846901
2.273228
2.876618
1.928101
-0.202501
-2.427968
-4.190513
-5.148851
-3.702114
-2.268532
-1.342447
-0.008959
1.164557
2.128265
2.725390
1.295596
-0.698349
-2.870945
-4.275998
-4.459564
-3.174475
-2.332027
-0.987610
0.049441
0.751409
2.251634
2.134212
1.524592
0.014215
-2.919447
-4.772340
-4.889392
-3.774579
-2.223253
-1.133144
-0.475753
1.144563
2.516924
3.321931
2.390289
-0.424178
-2.828800
-4.663687
-5.397801
-3.731380
-1.877050
-0.776220
-0.513486
0.677056
1.570319
1.828528
1.293768
-0.948533
-2.982849
-4.433808
-5.037032
-4.385417
-2.313572
-1.744808
-1.008463
0.430784
2.207697
2.250205
1.565941
-0.137532
-2.057347
-4.012341
-4.673580
-4.087768
-2.460941
-1.365402
0.134345
1.095931
2.450490
2.976741
1.386448
-0.886605
-3.229643
-4.741316
-4.305948
-3.857019
-2.271809
-1.485346
-0.955215
0.397299
1.602057
2.022992
1.329466
-0.844491
-3.399247
-5.526875
-5.957561
-5.070157
-2.769888
-1.533001
-0.767758
0.287496
1.800288
1.957455
0.801416
-1.045152
-3.647698
-5.248319
-4.981642
-3.810572
-1.947887
-1.157288
-1.119388
-0.070179
1.358878
2.261619
1.499919
-0.429722
-2.729301
-4.506332
-4.661141
-3.436892
-1.757542
-0.776665
-0.463921
0.964863
2.189745
2.251756
1.455364
-0.572229
-3.178849
-4.746414
-5.240672
-3.340137
-1.520489
-1.158670
-0.727648
0.970631
1.867967
2.708765
1.588953
-0.874320
-2.819262
-4.223657
-5.428475
-3.827892
-2.132822
-0.524122
-0.784416
0.734045
1.794174
2.109751
0.928958
-0.555047
-2.972130
-4.745693
-5.239129
-4.352887
-2.724327
-1.030516
-0.641145
0.578633
1.777482
1.981004
0.779720
-1.022135
-3.426170
-5.024790
-5.391403
-4.836435
-2.866583
-1.672340
-1.009480
-0.619944
0.851825
1.113143
0.271105
-1.482971
-3.382071
-4.928763
-5.231022
-4.277748
-2.699661
-1.151752
-0.222893
0.949351
1.870929
1.991146
1.574704
-0.663438
-3.113508
-4.713805
-5.218273
-4.071821
-2.136103
-1.372847
-0.290441
0.632274
1.947040
2.289412
1.178936
-0.960852
-3.541754
-5.116343
-5.339539
-4.080767
-2.235195
-1.560692
-0.967618
0.276138
1.253884
1.540021
0.187133
-1.620648
-3.775923
-5.348674
-5.431612
-4.331882
-2.772558
-1.638266
-1.306941
-0.168973
1.224043
1.758204
1.122474
-0.434473
-2.796712
-3.790244
-4.477985
-3.248922
-1.304459
-0.976330
-0.469755
0.539681
2.019140
1.874412
0.343410
-1.670349
-4.009992
-5.474506
-5.798440
-4.675316
-2.541718
-1.520039
-0.997170
-0.019350
1.381538
1.735780
0.194018
-2.060469
-3.900483
-5.534374
-5.295983
-4.674532
-2.693159
-1.921707
-1.025629
-0.077337
1.376510
1.134329
-0.034155
-2.202960
-4.357563
-5.757961
-5.755478
-5.352948
-3.256933
-1.458351
-0.772797
-0.154510
1.205736
1.201610
0.073925
-1.752876
-3.470289
-5.333055
-5.630423
-4.797999
-3.234098
-2.254244
-1.377428
-0.076491
1.211468
1.669993
0.484979
-1.299183
-3.994009
-5.794815
-5.591313
-4.991138
-3.062210
-1.534033
-0.962860
-0.259084
1.062159
1.133022
0.574700
-1.348843
-3.667097
-5.471982
-6.244448
-4.829665
-3.136091
-1.937454
-0.973719
-0.069268
1.582757
1.540591
0.341464
-1.927937
-4.309505
-5.937568
-5.932782
-4.771002
-2.763914
-1.368027
-0.501303
0.436086
1.687336
1.705092
0.235644
-1.930711
-4.023480
-5.788290
-5.481852
-4.139408
-2.316320
-1.658031
-1.490657
-0.046950
1.425545
1.223209
0.167946
-2.117352
-4.564227
-6.198351
-5.801087
-4.092945
-2.400566
-1.229469
-1.101634
-0.279193
1.227785
0.666842
-0.216516
-2.118041
-4.212701
-5.695642
-6.426990
-5.554160
-3.390800
-2.049000
-1.221808
-0.715178
0.994654
1.787999
0.425455
-1.936019
-4.265785
-5.799239
-5.924656
-4.840597
-2.812971
-1.806614
-1.299046
-0.686691
0.819627
0.968927
0.142594
-1.809387
-3.853816
-5.240890
-5.368046
-3.951067
-2.562561
-1.259176
-0.177212
0.190199
1.082331
0.902987
-0.030352
-1.840717
-4.260429
-5.751955
-6.394627
-4.737484
-2.804543
-1.715511
-1.144111
-0.057475
1.220934
1.268873
0.157832
-1.995176
-4.176523
-5.681935
-5.564596
-4.505491
-2.651873
-1.698074
-0.993125
0.121065
0.753233
1.172385
0.046970
-2.366051
-4.441956
-5.777183
-5.417959
-4.539066
-2.589970
-1.092012
-0.949710
-0.162037
0.808019
0.970534
-0.414475
-2.208901
-4.300144
-5.658478
-5.852425
-4.071358
-2.156538
-1.294390
-1.207721
-0.516150
1.165101
1.100939
0.135635
-1.944575
-4.013496
-6.107777
-6.820098
-5.752133
-3.775316
-2.913721
-2.014909
-0.424520
0.685369
0.957247
-0.142229
-2.409534
-4.615257
-6.483469
-7.078363
-5.651539
-3.173283
-2.634239
-2.014091
-0.581851
0.650218
0.719196
-0.646942
-2.616879
-5.123702
-6.759215
-7.216990
-6.237057
-3.676151
-2.556860
-2.091539
-0.981562
0.261660
0.213410
-0.781264
-2.525538
-4.680091
-6.693002
-6.421109
-4.985176
-3.272455
-2.351349
-1.387159
-0.656074
-0.012807
0.156317
-0.613772
-2.431883
-4.266010
-5.889679
-6.540084
-4.865572
-2.580198
-1.459637
-0.679948
0.179992
0.639399
0.514591
-0.364030
-2.308404
-4.661091
-6.337077
-7.034933
-5.821409
-3.627531
-2.181021
-1.914726
-0.752817
0.193069
0.432369
-0.352208
-2.645007
-4.699155
-6.369010
-6.282821
-4.846193
-3.324701
-1.487940
-1.599277
-0.583400
0.329811
0.720145
-0.705503
-2.834628
-4.948350
-6.494932
-6.649140
-4.488512
-3.391262
-2.395945
-1.880357
-1.035464
-0.079566
-0.029929
-0.673942
-2.510389
-4.820259
-6.020095
-5.932077
-4.552452
-3.057802
-1.813114
-0.739584
-0.165843
0.826642
0.910169
-0.423427
-2.637635
-5.039511
-6.775414
-6.423755
-4.466541
-2.080044
-1.246428
-0.949690
-0.165104
0.623078
0.514395
-0.665689
-2.682964
-5.161561
-6.946726
-7.026220
-5.963198
-3.770294
-2.357035
-1.970336
-0.859895
-0.132576
-0.315598
-1.588647
-3.041252
-5.533916
-7.004467
-7.300744
-5.782235
-3.749020
-2.482420
-2.618434
-1.798811
-0.761253
-0.353029
-1.026219
-2.857159
-5.061091
-6.973901
-6.999446
-5.354648
-3.968624
-2.392870
-2.063682
-1.001521
-0.021329
0.036542
-1.053239
-3.046426
-5.577238
-7.332031
-7.734535
-6.314352
-4.302044
-3.008839
-2.486147
-1.424018
-0.999465
-0.628293
-1.494205
-3.631194
-5.575912
-7.193593
-7.306291
-5.557796
-3.749643
-2.441492
-1.827606
-0.901743
-0.177081
-0.318192
-0.958632
-2.646851
-4.950265
-6.374786
-5.941474
-5.292624
-3.736788
-2.462423
-1.631327
-0.915953
0.483609
0.519058
-0.969268
-2.964933
-5.199556
-6.877192
-7.061440
-5.846455
-3.567959
-2.812418
-1.960672
-0.837803
-0.076324
-0.214318
-1.025445
-3.237002
-5.072589
-6.611319
-6.511048
-5.354716
-3.923347
-2.267569
-1.257771
-0.329491
0.358806
0.894153
-0.750916
-2.443065
-4.369186
-6.006186
-6.301896
-5.637351
-3.452116
-1.861912
-1.900086
-0.840092
-0.088916
-0.128126
-1.485534
-3.362024
-5.300177
-6.408736
-6.793604
-5.293937
-3.269382
-1.598763
-1.565053
-0.199865
0.536513
0.100597
-1.516503
-3.109227
-4.605703
-5.621910
-6.109734
-4.955341
-3.061039
-1.848392
-1.466951
-0.765825
-0.396639
-0.040819
-0.857356
-2.479224
-5.019989
-6.454750
-6.644401
-4.934679
-3.141117
-1.868467
-1.418228
0.128652
0.752048
0.680153
-0.128542
-2.232514
-4.759013
-6.593570
-6.653818
-5.221663
-3.100224
-2.387140
-2.359365
-1.269050
0.064569
0.551633
-0.672137
-2.932306
-5.176622
-7.088797
-7.124463
-6.071933
-3.725000
-2.026560
-1.980435
-0.816033
-0.053260
0.120663
-0.992486
-2.935278
-4.787843
-6.177562
-6.935112
-5.391824
-3.343782
-1.843626
-1.519640
-0.566135
0.104295
0.019164
-1.149076
-3.225739
-5.536488
-6.893352
-7.498391
-6.195608
-4.042673
-2.577011
-1.947699
-1.264822
-0.092693
0.047552
-1.224936
-3.252692
-5.189763
-6.674312
-6.905563
-6.278936
-4.039465
-2.530180
-2.031554
-1.004400
-0.192205
-0.128360
-0.957746
-2.710951
-5.314363
-7.058324
-7.467389
-6.172896
-4.182072
-2.844402
-1.627239
-1.103809
-0.052550
0.121074
-1.320591
-3.045084
-5.500828
-7.318646
-7.848276
-6.589575
-4.433311
-2.964641
-2.312317
-0.485381
0.067839
0.502854
-0.596315
-2.804308
-5.277358
-6.402333
-6.653057
-5.477207
-3.937870
-2.348715
-1.902616
-0.967939
-0.206177
0.131397
-1.171317
-3.103598
-5.589119
-7.378724
-6.920408
-6.081682
-3.548786
-2.459595
-1.448284
-0.622122
0.318395
0.542563
-1.336102
-3.393461
-5.732201
-7.581230
-8.274382
-6.905993
-4.704608
-2.657976
-1.518293
-0.637679
0.184632
0.381289
-0.924650
-3.416348
-5.695532
-7.404895
-7.325124
-6.088650
-4.407589
-2.927830
-1.878089
-1.028544
-0.047157
0.086308
-0.826206
-3.114779
-5.417295
-7.231733
-7.522363
-5.972999
-3.971254
-2.855009
-2.233831
-1.093579
-0.073858
-0.086183
-1.517574
-3.232916
-5.674801
-6.640557
-7.107998
-6.240891
-3.956436
-3.056967
-2.475718
-1.255982
-0.393685
-0.681822
-1.380516
-3.295324
-5.488163
-7.310706
-7.383449
-5.784070
-4.131950
-2.882195
-2.319483
-1.364768
-0.336278
0.233136
-1.333189
-3.148428
-5.412083
-7.128673
-7.458638
-5.817801
-4.171387
-2.696245
-1.671080
-0.592253
0.935329
0.068375
-1.033792
-3.223766
-5.649775
-7.205786
-7.730954
-6.624131
-4.554050
-3.464408
-2.914091
-1.600789
-0.657689
-0.152675
-1.717690
-3.475545
-5.512462
-7.049918
-7.354337
-5.349678
-3.490232
-2.442516
-1.628263
-0.368299
0.339282
0.090392
-0.843129
-2.575603
-4.846113
-6.252425
-7.311804
-6.636660
-4.487904
-2.588907
-1.742361
-1.085401
0.382890
0.217937
-0.791327
-2.986973
-5.829385
-7.505898
-7.213865
-5.624826
-3.965776
-3.185867
-2.982586
-1.996642
-0.501748
-0.156857
-1.211519
-3.459778
-5.757995
-7.538110
-8.203223
-7.044712
-4.835195
-3.682105
-2.560883
-1.458125
-0.558149
-0.508018
-1.073339
-3.428823
-5.260284
-6.740962
-6.614964
-5.534032
-4.842727
-3.426096
-2.162836
-1.450975
-0.543347
-0.379017
-1.736279
-3.468392
-5.776202
-7.167666
-7.406766
-5.854322
-4.131863
-3.025816
-2.205310
-1.076647
-0.093143
0.390944
-1.337090
-3.618049
-5.794451
-7.228823
-7.077242
-6.120326
-4.150864
-3.228188
-2.557029
-1.292962
-0.522053
-0.917158
-1.691343
-3.550524
-5.678393
-7.450058
-7.639856
-6.919743
-5.287373
-3.700665
-2.871064
-1.519868
-0.796590
-0.580841
-1.417971
-3.647482
-6.250300
-8.043028
-8.803041
-7.393680
-5.386388
-3.681673
-2.232281
-1.698990
-0.738304
-0.505300
-1.767096
-3.753723
-5.961002
-7.226176
-7.633381
-6.753581
-4.988372
-3.349144
-3.158468
-2.075458
-0.863586
-0.001085
-0.699224
-3.068356
-5.124527
-6.399603
-6.723084
-5.510517
-4.500421
-2.460714
-1.554442
-0.838593
0.225032
0.453566
-1.185276
-3.313931
-6.042811
-7.843210
-7.850801
-6.926167
-5.027063
-3.338037
-2.284389
-0.820954
-0.226661
0.012814
-1.253326
-3.410613
-6.043534
-7.788262
-8.259963
-7.629892
-6.049767
-4.379343
-3.169133
-1.688327
-0.601262
-0.297301
-1.754128
-3.205580
-5.330356
-6.338150
-6.557990
-5.637812
-4.352717
-3.106272
-2.771081
-1.441238
0.269168
0.022190
-1.097420
-3.259233
-5.547303
-7.335427
-7.679501
-6.162387
-4.130765
-3.549609
-3.094307
-1.327042
-0.245285
0.243359
-0.843603
-3.428946
-5.692829
-7.117032
-7.249780
-6.788121
-4.187875
-3.313296
-2.711593
-1.442782
-0.574684
-0.315477
-1.179262
-2.911960
-5.324262
-7.430511
-7.475848
-6.528306
-4.672436
-3.691698
-3.267735
-1.848413
-0.036753
-0.179212
-1.307796
-3.357290
-5.650441
-7.482316
-7.527427
-5.991434
-4.646646
-3.586241
-2.723739
-1.673982
-0.493368
0.016853
-0.853769
-3.290211
-5.899586
-7.688877
-7.592619
-6.754388
-5.501086
-3.960604
-3.305126
-2.034563
-0.828886
-0.482645
-1.652066
-3.799238
-6.415061
-8.246788
-8.212942
-7.940509
-5.753031
-4.495744
-3.314422
-2.404968
-1.670109
-1.289515
-2.268409
-3.960391
-6.064987
-7.889004
-8.104093
-7.472525
-5.256531
-3.731719
-2.961388
-1.063744
-0.483162
-0.671623
-1.852585
-3.791224
-6.189536
-8.301805
-7.951578
-6.767782
-5.082911
-3.766137
-3.779674
-2.137195
-0.801735
-0.559267
-1.475058
-3.350655
-5.960720
-7.786035
-7.935621
-6.714703
-5.126308
-3.651343
-2.723174
-1.399190
-0.444609
-0.415849
-1.419268
-3.106202
-5.704788
-7.347508
-7.871264
-6.824650
-5.524028
-4.548280
-2.947963
-1.256639
-0.373260
-0.374765
-1.124193
-3.264254
-6.054272
-8.126593
-7.930338
-6.516376
-4.921792
-3.267685
-3.017910
-1.810719
-0.774498
-0.500962
-1.558206
-4.011990
-6.714357
-8.375250
-8.370925
-7.289055
-5.851018
-3.529458
-3.072342
-2.038157
-0.873713
-0.993150
-1.390951
-3.867610
-6.060059
-8.393988
-8.614343
-6.838044
-5.502438
-4.720961
-3.612398
-2.311236
-1.134987
-0.434216
-1.309078
-2.853582
-5.449240
-7.372789
-7.586054
-6.261835
-3.574560
-2.823245
-2.712069
-1.143836
-0.191154
-0.271778
-1.073502
-2.978883
-5.379542
-7.172410
-7.686105
-6.859471
-4.878327
-3.788933
-2.838453
-1.194412
-0.155527
0.148821
-1.151616
-3.405121
-6.157889
-7.857430
-8.106369
-7.449788
-5.869753
-4.170122
-3.380697
-2.157359
-0.896927
-0.637529
-1.679897
-3.654654
-5.950149
-7.745818
-8.805569
-7.387264
-5.260839
-3.607407
-3.329490
-2.214565
-0.824890
-0.515079
-1.284210
-2.927662
-5.036227
-6.877001
-7.748154
-7.073285
-5.090775
-3.307403
-2.643687
-1.372221
-0.072731
0.275447
-0.904939
-3.061846
-5.180926
-7.408082
-7.693146
-5.973895
-4.282879
-2.821315
-2.291700
-1.410698
0.047987
0.358448
-0.083944
-2.020032
-4.907887
-7.056439
-7.934309
-6.603528
-6.019020
-4.445896
-2.922626
-1.630306
-0.798505
-0.191305
-1.201361
-3.088416
-5.675974
-7.591244
-7.394238
-5.618397
-4.696046
-3.682406
-2.942172
-1.365290
-0.369606
-0.335674
-0.543178
-2.604309
-5.358107
-7.051261
-7.460345
-6.122396
-4.722330
-3.502617
-2.111311
-0.609211
1.165607
1.054584
-0.317370
-2.554577
-4.714150
-6.968073
-8.329495
-7.819835
-5.628942
-3.976263
-3.017204
-1.363619
0.192288
-0.040642
-0.814583
-3.027971
-5.431386
-7.417868
-7.261108
-6.001880
-5.049534
-3.638004
-2.551964
-1.761794
-0.392712
-0.040021
-0.623609
-2.556475
-5.197348
-7.299646
-8.070667
-7.201167
-5.280156
-4.096379
-3.036593
-1.150181
0.173679
0.501507
-0.375282
-2.718701
-5.466778
-7.525989
-7.856948
-7.178679
-5.827180
-4.266565
-3.500311
-1.540715
-0.701379
-0.475983
-1.156040
-3.150917
-5.604498
-7.546488
-7.770262
-6.181849
-4.830130
-3.180320
-1.851518
-1.313227
-0.342505
0.441011
-0.943432
-2.437145
-4.758152
-6.616060
-7.368563
-6.271415
-4.686503
-4.095618
-2.958360
-1.482944
-0.032898
0.904861
-0.333939
-2.652935
-5.783505
-7.665524
-7.888912
-6.751273
-5.031431
-3.569110
-2.975687
-1.733275
-0.626584
0.268951
-1.019516
-3.301089
-5.655901
-7.618790
-8.267184
-7.278363
-5.567690
-4.036257
-3.101024
-1.696332
-0.679857
0.048502
-1.543734
-3.042547
-5.557436
-7.675974
-8.376574
-7.415796
-5.954314
-4.644621
-3.524283
-2.401525
-0.839797
0.288721
-0.402138
-2.702169
-5.033829
-6.773845
-7.204588
-5.936718
-4.837561
-3.854885
-2.995973
-1.652205
0.042551
0.647163
-0.666098
-2.557927
-5.097091
-7.114130
-7.952630
-6.929381
-5.617583
-4.531618
-3.042153
-1.425497
0.115971
0.770775
-0.275558
-2.217094
-4.906901
-6.857744
-7.241242
-6.221841
-4.510279
-3.513896
-2.656223
-1.473877
0.023526
0.477957
-0.120771
-2.162960
-5.142770
-6.649044
-6.724756
-6.258801
-4.974729
-3.689677
-2.615840
-1.505053
-0.551406
0.269886
-0.625335
-2.568821
-5.133751
-6.930944
-8.112517
-6.542583
-4.747979
-3.276612
-2.297646
-1.251756
-0.155832
1.134877
0.132143
-2.080655
-5.134324
-7.760359
-8.065243
-6.810472
-5.056615
-3.660590
-3.029995
-1.651411
0.352360
1.193285
0.162401
-2.167111
-5.139948
-6.992146
-7.619824
-6.449757
-4.530098
-3.765323
-3.234395
-1.747961
-0.786251
0.066184
-0.715635
-2.944883
-5.572408
-7.402916
-7.761078
-6.058039
-4.834854
-3.915677
-3.050383
-1.812593
-0.218409
-0.044676
-1.277653
-3.331083
-5.785613
-7.771023
-7.673434
-6.348220
-5.882934
-4.175026
-2.895307
-1.292772
-0.467283
-0.009120
-0.930403
-3.228615
-5.981845
-7.921054
-7.867509
-6.776476
-5.483092
-4.457975
-3.478065
-1.801103
-0.353798
0.518605
-0.870891
-2.606009
-4.986317
-6.838314
-7.224235
-6.287580
-4.679518
-3.424565
-2.712044
-1.280455
0.581186
1.150139
0.026598
-2.176529
-5.255109
-7.560410
-8.323774
-7.263731
-5.563895
-4.090706
-3.349432
-1.382108
0.614140
0.861761
-0.775620
-2.538662
-5.087753
-7.144904
-7.692592
-7.072070
-4.956208
-4.241862
-3.091308
-1.976779
-0.195572
-0.023272
-0.777892
-2.827649
-5.305319
-6.870291
-7.027738
-6.878747
-5.530047
-4.184361
-3.142040
-1.423671
0.451956
1.598146
0.428659
-1.981210
-5.156185
-7.374799
-7.608622
-7.211534
-5.497323
-4.309744
-3.015384
-1.908787
0.065912
1.030828
-0.160144
-2.536270
-5.169466
-7.358166
-8.567192
-7.026167
-5.389179
-4.221393
-3.405586
-2.003431
-0.573328
0.479038
-0.482070
-2.809688
-5.849193
-8.090029
-8.173193
-6.898427
-5.297599
-4.812122
-3.223326
-1.841576
-0.152425
0.575315
-0.217035
-2.839403
-5.479903
-7.338330
-7.329550
-5.241289
-4.054832
-3.836814
-3.021247
-1.448293
-0.112535
0.668348
-0.308395
-2.744043
-5.682386
-7.711878
-7.983396
-6.496718
-5.821920
-3.858502
-2.763835
-1.057470
-0.368414
0.533420
-0.379417
-2.550769
-5.215704
-7.480624
-7.990867
-7.131865
-5.696296
-4.362544
-3.023167
-1.587307
-0.105862
0.571231
-0.430826
-2.442536
-5.053947
-7.232866
-7.678409
-6.206236
-4.960631
-4.321954
-3.015703
-1.439592
0.566929
1.354057
0.491159
-2.221173
-4.890637
-6.803763
-7.123911
-6.296888
-4.747818
-3.592695
-2.629315
-1.200571
0.215903
1.003806
-0.032099
-1.794267
-5.112028
-7.319321
-7.997980
-7.810881
-6.102586
-4.333532
-3.026341
-1.209799
0.708355
1.135014
0.368844
-1.816762
-4.206872
-6.460913
-7.819830
-6.920598
-5.339663
-3.833838
-2.528682
-0.223777
1.302319
1.886901
0.613028
-1.079659
-3.813497
-6.108376
-6.769970
-5.706049
-4.298100
-2.971105
-1.696898
-0.141701
1.301268
2.043409
1.042242
-1.206524
-3.855161
-5.930203
-6.751934
-5.733599
-3.536878
-3.053329
-2.075975
-0.596314
1.042324
2.068548
0.894600
-1.452805
-3.824278
-6.209930
-7.068048
-5.788503
-4.353562
-3.094773
-1.670972
-0.637108
0.665630
1.332933
0.762833
-1.198919
-3.930499
-6.078778
-6.267888
-4.852119
-3.443145
-3.082461
-2.169847
-0.251129
1.281517
2.356537
1.124105
-0.992498
-3.780635
-5.888723
-6.958639
-6.674774
-5.286275
-3.662872
-2.617924
-0.817812
1.455936
2.234085
1.022865
-1.016438
-3.999301
-6.117638
-6.781742
-5.599065
-3.588682
-2.521052
-1.879129
-1.174038
1.092810
1.767072
1.016383
-1.152479
-4.353381
-6.281535
-7.087664
-6.423526
-4.882290
-3.658049
-1.770248
-0.431495
1.039791
1.534109
0.673675
-1.730185
-4.554129
-6.883117
-7.892734
-6.958220
-5.244663
-4.414668
-2.717074
-0.828673
1.592232
2.338625
1.471593
-1.022363
-3.600404
-5.963940
-6.636654
-6.025438
-5.064385
-4.117319
-2.644287
-1.460825
0.679529
1.358255
0.856293
-1.348916
-3.783906
-5.407128
-5.970778
-4.998680
-3.459362
-2.081065
-0.941006
-0.273646
1.095871
2.301338
0.730181
-1.590170
-4.239247
-6.767282
-7.497173
-6.282013
-4.730295
-3.552501
-2.335687
-0.652364
1.101519
1.501513
0.250610
-1.676144
-4.472029
-6.229889
-6.846327
-5.661649
-3.855426
-3.258817
-2.181623
-0.326985
0.640467
1.573452
0.715627
-1.811203
-4.258220
-5.830157
-5.923047
-4.974456
-3.464507
-2.740726
-1.552793
-0.137798
1.415502
2.132224
1.232580
-0.861141
-3.467124
-5.598946
-6.358184
-5.563206
-4.321534
-2.960385
-2.347203
-0.854996
1.374151
2.202674
1.514683
-1.177639
-3.741104
-5.880162
-6.145490
-4.825388
-3.346011
-2.631948
-1.558027
0.291698
1.795017
2.542607
1.190436
-1.246825
-3.696532
-6.078992
-6.999972
-5.836656
-4.604507
-2.939922
-1.692596
-0.406262
0.965544
1.741453
1.790905
-0.502568
-3.498714
-5.945709
-6.759361
-6.636980
-4.905227
-3.549387
-2.069517
-0.073729
1.639385
2.631509
1.669765
-0.417965
-2.880697
-5.496531
-6.850822
-5.485794
-4.480670
-3.153913
-2.168483
-0.719995
1.359091
2.824303
1.744838
-0.438547
-3.422247
-5.553966
-6.121371
-5.151363
-3.736041
-2.011605
-1.653193
-0.360963
1.231481
1.910103
1.237280
-0.694752
-3.318064
-5.011949
-5.511118
-4.896716
-3.247785
-2.225683
-1.212726
0.525982
2.469049
3.097448
2.328274
-0.428404
-3.215063
-5.679351
-6.452886
-5.468727
-3.468320
-2.296714
-1.489745
0.226543
2.700090
2.973552
2.256315
0.066679
-2.663404
-4.918867
-5.680611
-4.755865
-2.926152
-2.017071
-1.161339
0.478354
2.405207
2.632305
1.588045
-0.144269
-2.753675
-5.454257
-5.545160
-4.450686
-2.820403
-2.178867
-0.989226
0.755037
2.497974
3.200167
2.486012
0.778794
-2.165869
-4.709843
-6.038623
-5.666678
-3.720177
-2.428646
-1.447662
0.898257
2.921720
4.004206
2.955419
-0.084709
-2.630630
-4.621040
-5.608735
-5.205782
-3.919184
-3.185438
-1.829855
-0.290778
1.894814
3.291079
2.692760
0.303553
-2.429581
-4.944129
-5.834903
-5.081474
-3.603692
-2.790035
-1.620328
0.308287
2.826741
3.898857
2.303127
0.148458
-2.622179
-4.921689
-5.642743
-4.985537
-3.404683
-2.050326
-1.458655
0.489897
2.162493
2.728848
2.297323
0.310013
-2.402161
-4.926739
-5.649145
-5.222316
-3.542412
-2.485964
-1.715164
0.237123
2.214130
2.728024
1.736711
-0.412172
-2.339497
-4.558315
-5.160548
-4.548491
-3.606732
-2.383503
-0.846008
0.952007
2.610600
4.231436
2.940538
0.686725
-2.165109
-4.566833
-5.621381
-4.926036
-3.279585
-2.152700
-1.372512
0.780198
2.940759
3.653346
3.119442
0.670181
-2.365814
-4.471634
-5.338461
-4.529092
-3.398490
-2.915818
-1.160600
1.136358
2.867941
3.646292
3.008692
0.991854
-2.057439
-3.876484
-4.282598
-4.081152
-2.359589
-1.637362
-1.047616
0.638445
2.950075
4.636356
3.873901
1.193289
-1.359183
-3.532937
-4.406769
-3.732059
-2.202640
-0.792170
0.258433
1.766184
3.563727
5.033768
4.330857
1.866175
-1.091488
-3.329355
-4.405237
-3.842877
-2.138253
-0.806568
-0.430303
1.377429
3.065135
3.823535
2.930715
0.538317
-1.689551
-3.734586
-4.811045
-3.513968
-1.969143
-0.637970
0.285873
2.023670
4.170753
4.702549
3.798909
1.419639
-0.893646
-3.179153
-4.025186
-3.490928
-1.614406
-0.995542
0.348052
2.002725
4.489921
5.216019
3.810739
1.596066
-0.847168
-3.594186
-3.927905
-3.545206
-2.092115
-1.008554
0.073727
1.948039
3.775568
4.309713
3.620967
1.693458
-0.996473
-3.236459
-4.215939
-3.491385
-2.894520
-1.845750
-0.268145
1.854819
4.378358
4.847900
4.439129
2.153068
-0.182065
-2.986786
-3.299172
-2.038415
-0.695016
-0.370581
0.743684
1.918835
4.307670
5.055326
4.558422
1.939840
-0.785959
-3.347464
-4.296775
-3.113402
-1.503474
-0.906509
0.091090
1.472679
3.767307
4.783493
4.319395
2.242607
-0.526585
-3.160001
-2.924490
-1.941324
-1.056345
-0.286042
0.389093
2.188790
4.008733
4.574385
4.443750
2.012737
-0.706866
-2.745877
-3.692597
-3.072220
-1.329088
-0.341951
0.808165
2.644047
4.583851
5.741114
4.338418
1.967555
-0.133608
-2.347466
-2.708225
-1.660812
-0.889040
0.340724
0.816166
2.600129
4.073994
5.101421
4.022966
2.215167
-0.409525
-2.686846
-3.488675
-2.662767
-1.613775
-0.836773
0.364529
2.129172
3.927404
5.148453
4.300982
2.281668
-0.314589
-2.619561
-3.847880
-2.920450
-0.670985
0.141687
1.070156
3.003093
4.774517
5.357494
4.730747
2.566216
0.289920
-2.100093
-3.273093
-2.660820
-1.196447
0.033643
1.101155
3.294966
5.399792
5.249834
4.492304
2.067295
-0.718232
-2.378735
-3.090046
-1.816329
-0.540283
0.320856
0.931899
2.727782
4.936985
5.856976
4.345422
2.640165
0.186475
-2.228529
-3.120891
-2.428657
-1.675846
-0.610555
0.595381
2.795645
4.403382
5.268021
4.459689
2.650995
0.164135
-2.696869
-3.581450
-2.138457
-0.783232
0.241890
0.937335
3.055052
5.125256
5.879107
5.208633
2.085686
-0.041993
-2.272676
-3.468087
-2.825040
-1.248372
0.084395
1.198015
3.163943
4.614532
5.930916
5.183567
3.079564
0.357066
-1.783401
-2.877186
-1.942914
-0.153185
-0.009314
0.974425
2.911033
5.520599
5.808840
4.954430
2.705381
0.475872
-1.712079
-2.131732
-1.459710
-0.492952
0.151915
1.699695
3.712975
5.365643
6.070930
4.871593
2.398414
0.184415
-1.689902
-2.169615
-0.939972
0.497509
0.718906
1.632388
2.991505
4.725695
5.748688
4.744955
2.672633
0.370137
-1.202415
-1.593860
-1.227041
0.187145
1.024460
2.095370
3.147472
4.832703
5.647011
4.687952
2.623278
0.272408
-1.568650
-1.671175
-0.506737
0.560127
1.210800
1.822383
3.585662
5.688377
6.374027
5.325722
3.191008
0.592670
-1.280512
-2.136912
-0.986061
0.039223
1.025243
1.828110
4.032841
5.807640
6.767445
5.190445
3.154879
0.681853
-1.017561
-1.136267
-0.715269
0.159166
0.982409
1.884418
4.039319
5.878876
6.389738
5.276730
3.188098
0.694764
-1.138335
-2.065155
-1.359726
-0.019918
0.861310
1.833971
3.452531
5.509804
6.529285
5.304722
3.381480
0.942334
-1.279200
-1.997291
-0.801733
0.450783
1.038677
2.834782
4.641018
6.149864
6.920929
5.855385
4.019924
1.853905
-0.201332
-1.084896
0.146622
0.921349
1.940422
2.511079
3.998271
6.182339
7.161240
5.564030
3.535633
0.848476
-1.303617
-2.021499
-0.892460
0.268089
1.029520
1.782921
3.900021
5.342686
6.410290
5.320293
3.474758
1.553310
-0.465858
-0.808688
-1.015941
0.426298
0.983414
2.468558
4.391294
6.208668
6.919003
6.133156
3.844764
1.540718
-0.059694
0.094025
0.224430
1.201670
1.920120
2.910001
4.556114
6.880066
7.351316
5.771767
3.222229
1.159489
-0.127240
-0.780767
-0.084885
1.586721
2.194256
2.613037
3.860025
5.713816
5.992050
5.709509
3.205779
1.320396
-0.646122
-1.075155
0.636263
0.895674
0.731267
2.132987
3.704515
5.716339
5.890617
5.457218
3.706497
1.053565
-0.680954
-0.760814
-0.392241
0.683716
1.182596
2.260061
4.135395
6.066353
6.888414
5.787472
3.434027
0.984262
-1.351120
-1.474916
-0.789515
0.569708
1.282463
2.244259
3.764718
5.610592
6.489758
5.432220
3.534657
1.216240
-0.572520
-1.720946
-0.756250
0.737644
1.502087
2.669793
5.050709
6.055664
5.854912
5.654251
3.661411
0.945153
-1.251791
-1.485829
0.048637
1.564468
2.203564
2.878769
4.509993
6.105225
6.763784
6.091465
3.657134
1.311943
-0.443095
-0.871334
-0.158615
0.702291
1.840488
2.517784
4.420252
6.640392
6.726589
5.666281
3.597860
1.741191
-0.438164
-1.331315
-0.321592
0.961027
1.782217
2.248075
4.111115
6.167847
6.851864
6.274464
3.950193
1.489357
-0.742224
-0.688986
-0.154806
0.659813
1.362476
2.648436
5.038574
6.862988
7.422394
6.218826
3.750009
1.626805
-0.263355
-0.913356
0.190470
1.284266
1.358047
2.653401
4.688854
6.500679
6.862001
5.971149
3.749970
1.792096
-0.094900
-0.847324
0.325436
1.306349
1.363766
2.529120
4.243363
5.949465
6.923397
6.158108
4.541298
1.741213
-0.920460
-1.327264
-0.784201
0.963360
1.528490
2.407363
4.055269
6.374193
6.965258
6.191957
3.995024
1.350445
-0.881048
-2.049249
-0.599068
0.215065
1.401182
2.247521
4.105922
6.255974
7.211170
6.493563
4.312399
1.979705
0.543200
-0.017956
0.574539
1.085304
2.108320
3.175540
4.603106
5.991318
6.988029
5.787739
3.793948
1.394281
-0.211628
-1.423641
-0.638771
0.714701
1.812222
2.912178
4.528768
6.322895
7.585394
6.801849
4.356969
2.019197
-0.124706
-0.275590
0.371403
1.348396
2.025776
2.895282
4.734255
6.762054
6.990082
5.961824
4.198938
1.098044
-0.468961
-0.517817
-0.051392
1.161797
2.010256
2.969728
5.065353
6.970867
7.692766
6.229752
4.175523
1.356757
-0.751092
-0.988129
-1.002432
0.501770
1.254242
2.384048
4.217129
6.008472
6.622238
5.969128
3.652954
1.393545
-0.613613
-1.362044
0.272945
0.951279
1.684925
1.891999
3.995165
6.172550
6.751106
5.877762
3.685497
1.156175
-0.609819
-1.591655
-0.514990
0.463753
1.196697
2.253167
3.863415
6.367085
7.121948
6.004484
4.005730
2.348341
-0.110308
-0.713309
0.479368
2.289434
2.181850
2.913535
4.373221
6.896994
7.435783
6.264050
4.364794
2.001016
-0.107601
-0.699623
-0.148758
0.630630
1.208776
2.836133
4.480155
6.242405
7.284563
6.301186
4.485859
1.967525
-0.559503
-1.335681
-0.433741
0.527403
1.765217
2.903204
4.902960
6.650581
7.379524
6.372204
4.289959
1.487376
-0.962891
-1.491659
-0.665485
0.957767
1.499269
2.443166
4.172555
6.085289
7.066296
6.472092
3.927448
1.110920
-0.633854
-1.429246
-0.366289
0.306162
0.821851
2.357081
4.062712
6.260639
6.399460
5.595703
3.957419
0.846368
-1.257220
-2.173695
-1.785506
-0.265547
0.939254
2.384821
3.593009
5.685041
6.130783
5.188969
3.076936
0.588382
-1.438011
-1.897076
-1.254520
-0.056210
0.762168
2.157656
3.366778
4.988798
6.050039
5.594673
3.283345
0.673277
-1.135062
-2.016959
-0.765276
0.716671
1.660570
2.263342
4.242887
6.252478
6.944386
6.112503
3.808964
0.984769
-1.033884
-1.274294
-0.830919
0.117569
0.552372
1.786799
3.660129
5.703175
6.949978
5.617012
3.011348
0.664679
-1.599751
-2.028735
-1.217179
-0.599550
1.006827
2.275039
3.776531
5.946186
6.930676
5.592457
3.548185
0.783630
-1.316866
-1.701180
-1.575202
-0.432220
0.811314
2.111539
3.753989
5.421326
6.193836
5.359062
3.480639
0.612458
-1.513027
-1.872886
-1.030951
0.449022
0.839477
1.612498
3.465852
5.662933
6.464424
5.279968
3.342860
0.820496
-1.043191
-2.118989
-1.768511
-0.071756
1.401833
2.203143
3.351454
5.182404
5.988705
5.322803
3.625014
0.944029
-1.003223
-0.960626
-1.049407
0.391525
1.252020
2.124387
3.802356
6.249302
6.321232
5.482483
3.594625
0.887547
-0.880739
-1.782234
-1.048669
0.408150
1.709408
2.607451
4.462074
6.759045
6.949488
5.482750
3.305202
1.333883
-0.376727
-0.831406
-0.327885
0.991993
1.533705
2.646728
4.237642
6.281771
6.740570
6.057480
3.697407
1.128060
-0.746104
-0.847127
-0.624369
0.903395
1.199480
2.467157
4.383457
6.958487
7.595062
6.645082
4.562878
1.832187
-0.233274
-1.388676
-0.645629
0.791056
1.778622
2.561023
4.352612
6.551195
7.634106
6.154758
4.060872
1.546045
-0.509894
-0.869515
-0.126823
0.796700
1.350298
2.363133
4.380802
6.490528
7.402418
6.554810
4.095393
1.307374
-0.708611
-1.434768
0.249277
1.567436
2.024881
2.617350
4.275809
6.197004
7.218422
6.517723
3.981662
1.799217
-0.020964
-0.697477
-0.457237
0.314848
1.252371
2.318510
4.489491
6.576572
6.847588
6.205818
4.072742
1.167570
-0.682641
-1.610837
-0.252604
0.929846
1.767803
2.890570
5.191887
6.883261
6.875427
6.479801
3.859076
1.619831
-0.888556
-1.438350
-0.735696
0.368946
1.281336
2.243334
4.473718
6.730087
7.107609
5.884842
3.809514
1.394916
-0.644550
-1.406300
-0.836826
0.822515
1.262061
2.308050
4.228780
5.895893
6.802628
5.747992
3.141642
0.894738
-1.040771
-1.708302
-0.722907
0.585609
1.338165
1.628498
3.215122
6.166861
6.835857
6.524721
4.025805
1.313464
-0.358825
-1.279808
-0.658546
0.559092
1.011503
2.106374
4.131760
5.771027
5.962303
5.685787
3.701616
1.502805
-0.236412
-1.119759
0.079535
1.205503
1.413015
2.119912
4.267669
6.389135
6.949114
6.371536
4.542526
1.758022
-0.623381
-0.852712
0.256636
1.157339
1.494951
2.157599
4.297523
6.644180
7.675529
6.281399
4.181929
1.384086
-0.931751
-1.892907
-1.213946
-0.011040
0.404146
1.765891
3.926706
6.264057
7.135994
5.645149
3.198331
0.629223
-1.280478
-2.366453
-1.417980
0.605614
1.255196
1.684555
3.357880
5.400669
6.289433
5.169735
3.405869
0.602935
-1.335752
-2.032363
-1.653548
0.003786
0.887578
1.875915
3.617248
5.875778
6.779476
5.609016
3.410736
0.830125
-1.378225
-1.996242
-1.333982
0.195894
1.135747
1.551187
3.857498
5.718580
5.941597
5.617596
3.631310
1.145154
-0.713646
-1.795502
-0.387566
0.893387
1.213583
2.409716
4.656952
6.483444
7.175613
6.234207
3.649336
1.050130
-1.269251
-2.100841
-1.429694
-0.121048
0.797552
2.374065
4.444077
6.469090
7.027632
6.055515
3.494910
0.970066
-0.980169
-1.482790
-0.051735
1.065590
1.125940
2.052473
3.838037
5.780682
6.398535
6.239784
3.947611
1.032636
-0.889862
-0.736912
0.598995
1.456911
1.870893
2.706114
4.093315
6.732538
7.278191
6.060110
3.792042
0.604580
-1.061847
-1.469266
-0.533859
0.869478
1.568480
1.956008
4.112962
6.211100
7.222490
5.773754
3.728171
1.201473
-0.924989
-1.637575
-1.170604
-0.081280
0.978848
2.932059
5.241385
7.093794
7.874519
6.791193
4.092911
1.547436
-0.591069
-1.537142
-0.948965
0.906403
0.674398
2.123776
4.594389
6.457293
7.000618
6.005287
3.759778
1.118771
-0.926452
-1.814262
-1.573255
-0.131979
1.027871
2.189948
4.142115
6.073412
7.490948
5.755629
3.954865
1.806814
-0.201990
-1.520736
-0.275742
1.236500
2.141567
3.109177
5.204582
7.063629
7.071339
5.954098
3.040377
0.654714
-1.044567
-2.504831
-2.160129
-0.637744
0.558882
1.829323
3.756630
5.864059
6.469767
5.282047
3.122873
0.144945
-2.107552
-3.020759
-1.632101
-0.497190
0.979613
1.748068
3.265290
5.854948
6.454033
4.963772
3.009765
0.616275
-0.926564
-1.540103
-1.068517
0.033108
1.069003
2.514832
4.164683
6.541061
6.630230
5.542591
3.308601
1.695627
-0.630120
-1.016472
-0.352195
0.417412
1.235312
2.786383
4.161127
5.607647
6.466625
5.485378
2.806615
0.484690
-1.411012
-2.054303
-0.928041
0.509964
1.237656
2.214084
4.531791
6.163366
6.240780
5.659187
2.718664
0.079092
-1.844087
-2.260067
-1.226358
0.344221
1.019659
2.074701
3.795804
6.436255
6.957184
5.946583
4.139844
1.533106
-0.311402
-0.821657
-0.620637
0.848633
1.978756
2.649958
3.873449
5.919771
6.630306
5.503889
3.372573
0.842335
-1.332811
-1.999549
-0.926679
0.284134
1.293191
2.365358
4.397003
5.982101
6.597485
5.937321
3.277822
0.662737
-1.609550
-2.489951
-0.998455
0.083492
1.172121
2.441317
4.232917
6.284607
7.464115
6.007553
3.604969
0.995881
-1.136618
-1.318098
-0.138083
0.566626
0.597092
1.213068
3.427460
5.356918
5.807596
5.148201
3.081078
0.533555
-1.854287
-2.434188
-1.221056
-0.187630
0.823244
1.111845
3.360183
6.000267
6.870937
5.509548
3.599275
1.286012
-0.896404
-1.735822
-0.837748
0.586895
1.562881
2.280812
4.635986
6.514118
7.146828
5.771482
3.411198
0.627677
-1.630463
-2.037452
-1.458234
-0.169981
0.752684
1.974459
3.988971
5.778400
6.611401
5.510208
3.081383
0.685410
-1.356925
-1.605074
-0.205507
0.825989
1.553497
1.963441
3.820669
5.780756
6.481619
5.392050
3.728846
0.679569
-1.512609
-1.842904
-0.858333
0.087515
1.101708
1.474895
3.363006
5.599171
6.559647
5.014874
3.103580
0.571103
-1.584881
-2.006649
-1.383034
-0.071692
0.774858
2.073409
3.909988
5.974384
6.360210
5.343658
2.550195
0.419330
-1.559036
-2.468845
-1.263608
0.555531
1.011983
2.413467
3.784161
5.396191
6.129028
5.122910
2.675540
-0.073815
-1.947247
-2.549386
-1.336848
-0.341630
0.367791
1.572500
3.269740
4.982647
5.546047
5.246511
3.016370
0.588650
-1.659782
-2.319679
-1.451624
-0.270355
0.799618
2.398843
4.235950
6.119003
6.490036
5.707954
3.561999
1.291129
-0.554990
-1.246711
-0.388357
0.541611
0.670700
1.805433
3.984046
6.279696
7.342428
6.505844
3.739741
1.362453
-0.597987
-1.888632
-0.940384
0.450623
1.266598
1.776601
4.226381
6.286242
7.076492
6.538813
3.677138
0.690688
-0.985777
-1.223969
-0.474683
0.454021
1.097456
2.877289
4.530817
6.098703
7.030109
5.577732
3.321976
0.750504
-1.692302
-1.948061
-1.152188
0.217983
0.783726
1.934813
3.760375
5.577898
6.297365
5.665035
3.033674
0.645108
-1.014213
-1.615750
-1.451679
0.019587
1.414728
2.370325
3.834367
5.785896
7.019596
5.903908
4.050905
1.694383
-0.266873
-0.887663
-0.415181
0.469540
1.193243
3.134620
4.792377
6.342155
7.040508
5.881662
3.762630
1.012054
-0.804242
-1.256466
-0.563979
0.730669
1.138233
1.858942
4.502946
6.997580
6.897415
5.654140
3.358609
1.390645
-0.739874
-1.368898
-0.650168
0.714695
1.419788
2.523115
3.821929
6.339520
6.577492
5.495010
2.882998
0.213336
-1.785433
-2.372530
-1.588242
-0.567940
0.632569
1.923422
3.671596
5.429539
6.533239
5.386948
3.023937
0.742570
-1.510098
-2.544179
-2.049806
-0.501977
0.296212
1.256316
3.133631
5.199486
6.656078
6.049046
3.560727
0.696807
-1.296474
-2.626099
-1.632927
-0.349380
0.376262
2.138832
4.087969
5.746950
5.870371
5.552517
2.975864
0.456251
-1.392554
-1.646165
-1.493216
0.082899
0.520535
1.552056
4.258085
5.869610
6.478670
5.655819
2.903019
0.314161
-1.516227
-2.724346
-1.615161
-0.746863
0.762431
1.949517
4.300770
6.246693
6.867865
6.036423
3.503142
0.930824
-1.027788
-1.911317
-1.453043
0.146954
0.752132
1.905174
3.724658
5.580851
5.783379
4.759392
2.978994
0.677923
-1.789991
-2.089535
-1.187384
0.123711
1.522398
2.097969
3.467237
5.659222
6.430189
5.235123
3.163083
0.433459
-1.187630
-1.466620
-0.459124
0.309971
1.439949
2.348644
3.969875
5.714062
6.165253
5.452576
3.049312
0.957014
-1.054945
-0.922736
-0.188520
0.734608
1.540020
2.029243
3.630206
5.083025
6.304478
5.296890
3.417127
0.864797
-1.040405
-2.107241
-1.425575
0.204754
0.773483
2.017295
4.284227
6.236195
6.613127
5.726774
3.944383
1.256052
-0.514673
-1.976505
-1.204453
0.158976
1.037992
2.309228
4.652927
7.484865
7.643543
6.117908
3.394829
0.595235
-1.271612
-1.745212
-1.187236
0.383047
0.940321
1.982328
4.348407
6.144905
6.564987
5.311378
2.943123
0.236839
-1.468541
-2.093172
-1.537866
-0.265185
0.716937
2.316772
3.888750
5.669224
5.885204
4.523211
3.119721
0.688565
-1.023427
-2.238827
-1.357987
0.025200
0.317227
1.604893
3.999046
5.701937
6.294350
5.884045
3.633840
1.144122
-1.266089
-0.989095
-0.578162
0.628380
1.037289
2.306264
4.502387
6.900793
7.348282
5.736164
3.399494
0.964307
-1.006654
-1.981607
-1.731398
-0.206038
0.771344
1.877826
4.212486
5.945908
7.027668
5.646240
3.710536
1.244597
-1.105029
-1.565608
-0.926858
0.380276
1.020149
2.072896
4.298171
6.518389
7.067762
6.397690
4.250128
1.610054
-0.540380
-1.592188
-0.887116
0.151190
0.979877
2.449467
4.297301
6.547590
7.242176
6.199734
3.550226
1.517608
-0.411028
-1.032671
-0.429449
0.829239
1.717704
2.236156
4.452909
6.529747
7.857716
6.466084
4.103129
1.236911
-0.516276
-1.415343
-0.846297
0.276474
1.213586
2.248204
4.427362
6.153360
6.944061
5.756733
4.092986
1.271679
-0.640362
-1.042339
-0.252194
1.090561
1.802135
2.314433
4.659737
6.922373
7.024780
6.049824
3.953266
1.864787
-0.229536
-1.362391
-0.449022
0.691235
1.409763
2.579087
4.862146
6.671406
7.026173
6.064198
3.859276
1.463785
-0.653273
-0.733816
-0.175074
1.287281
1.532804
2.507863
4.515141
6.039845
6.495808
5.974266
3.509757
1.079380
-0.952526
-1.847260
-0.954705
-0.229045
0.917536
2.188016
4.256603
6.045155
6.740700
5.816034
4.420589
1.338540
-0.622197
-1.062438
0.176977
1.163755
1.544543
3.093429
4.893093
6.328537
7.264946
6.224705
3.465193
1.218729
-0.951167
-1.669224
-0.990147
0.127687
1.189906
2.310497
4.023274
5.886417
6.569504
5.526501
4.067141
1.429757
-0.460464
-1.232450
-0.859555
0.506144
1.642570
2.202194
4.488602
6.316868
6.848640
5.906878
3.234662
0.938448
-0.894485
-2.016819
-1.402479
-0.228291
0.909759
2.002110
4.200265
6.398069
7.055119
5.779068
3.751896
1.000527
-1.396154
-2.332143
-1.744803
-0.308696
0.398443
1.437922
3.550673
5.676010
6.584352
5.428783
3.340360
0.581868
-0.949878
-1.691601
-1.059033
0.477236
1.058508
2.104506
4.112502
6.678759
7.442673
6.508095
4.114638
0.954273
-1.353354
-2.272181
-1.421305
0.300987
0.957901
1.966005
3.684052
5.962513
7.040442
5.800503
3.647129
0.863441
-1.564686
-2.718037
-1.876072
0.055178
0.409741
1.500160
3.318050
5.328201
6.576139
5.609882
3.164772
1.300917
-0.950723
-1.661821
-1.035826
0.042513
0.858659
2.079246
4.238896
6.544878
6.891449
5.979927
3.345189
0.444536
-1.568899
-2.017935
-1.346212
-0.083412
0.360818
1.651456
3.810452
6.104906
7.033409
5.627901
3.710225
1.102198
-1.101134
-1.665942
-0.728001
0.042950
0.978694
1.913905
4.319170
7.156612
7.405224
6.766071
4.073770
1.088526
-1.354649
-1.904677
-1.865805
-0.362822
0.819009
2.224771
3.974142
6.055939
6.692862
5.756613
3.520817
0.797560
-1.601445
-2.726584
-1.517132
-0.452720
0.978743
2.333457
4.207837
6.190905
6.505302
5.556911
3.371827
1.012575
-1.265491
-2.340783
-1.721205
-0.524295
0.765087
1.828409
3.914605
6.010227
6.852407
5.488411
3.287251
1.122553
-1.332995
-1.344367
-0.224157
0.961088
1.514386
2.693230
4.502722
6.516733
7.249474
5.576767
3.492889
0.564798
-1.248661
-1.215799
-0.404173
0.073359
1.446127
2.481765
4.335792
6.013622
6.597126
5.475883
3.408600
0.370461
-1.565929
-1.967010
-1.267010
0.359200
0.854150
2.116348
4.373021
5.831581
6.370724
5.623020
3.151786
1.031945
-0.872128
-2.028533
-0.668483
0.636339
0.951534
1.516843
3.357177
5.650597
6.185629
5.726631
3.252808
0.766065
-1.491169
-2.351061
-1.719391
-0.212055
0.660280
1.849216
4.118450
6.175241
5.956638
4.999439
3.386920
1.409282
-0.934013
-1.183937
-0.674031
0.572485
0.960296
1.753636
4.168806
6.250446
7.114803
5.907948
3.500700
0.916921
-1.061728
-1.311963
-0.215793
0.802950
1.676197
2.407157
3.818177
5.807304
7.053648
6.635111
3.718637
1.340820
-1.295742
-1.742733
-0.791187
0.183584
1.022830
2.071975
4.131319
5.962288
6.934055
6.175861
3.471224
1.530711
-1.002028
-2.005468
-1.303135
-0.107398
0.616548
1.246303
3.328127
5.586720
6.522404
4.972565
2.717841
0.300438
-1.366383
-2.154675
-1.265417
0.093311
1.195127
2.272602
4.328517
6.716208
7.355625
6.179028
4.256769
1.776309
-0.906050
-1.257111
-0.957222
0.354794
1.192660
2.854228
4.609310
6.227329
6.865116
6.152439
2.927260
0.522368
-1.007430
-1.630751
-1.031098
-0.123186
0.902410
1.687118
3.503807
5.496420
5.694601
4.700588
2.741249
0.407782
-1.275813
-1.895242
-1.167491
0.095882
0.589794
1.434059
3.115824
5.217037
5.416775
4.763130
2.851625
0.359526
-2.307946
-2.707695
-2.005702
-0.269906
0.584625
1.460030
3.816969
6.140882
7.026575
5.784180
3.426147
1.025523
-1.141570
-2.193043
-0.968077
0.814741
1.546486
2.293786
4.175827
6.621326
7.542023
6.486862
3.839901
1.107352
-0.621970
-1.850597
-1.087360
-0.006416
0.900998
1.962637
4.106493
6.195362
6.672813
5.484835
2.751264
0.156946
-2.020658
-2.507082
-1.119922
-0.009964
1.099697
1.666091
3.888659
6.053566
5.990175
5.214668
2.974577
-0.260695
-1.854536
-1.962677
-1.075417
-0.045753
0.642314
1.480775
2.956954
4.931894
5.664803
4.923752
2.711458
-0.053486
-1.868142
-2.244095
-1.350326
-0.237398
0.693709
1.793444
3.881571
5.565718
6.015144
5.075010
2.524620
0.007815
-1.963033
-1.998404
-0.956699
-0.584600
0.537193
1.561023
3.346343
5.024055
6.266607
4.579969
2.494425
0.708200
-1.708027
-2.600174
-2.014822
-0.566325
0.705674
1.768945
3.835350
5.635418
6.559525
5.321573
3.387005
0.748791
-2.000410
-2.325645
-1.942227
0.031000
0.812037
1.813600
3.497771
5.695137
6.857033
5.681656
3.443724
0.681389
-1.218896
-1.671269
-1.065175
0.452669
0.498146
1.586406
3.966176
5.855486
6.829205
5.432404
3.300488
0.457287
-1.501316
-2.643143
-2.149815
-0.745517
-0.257713
0.939579
3.380694
5.588322
6.573816
5.592196
3.565116
0.426176
-1.497134
-2.306890
-1.108964
0.316832
0.695588
1.590927
3.311695
5.258974
5.882935
5.386021
2.862531
0.794710
-1.036699
-1.849154
-0.708003
0.364197
1.639762
2.687339
4.822220
6.590752
7.009647
5.797661
3.404535
1.300215
-1.079399
-1.661117
-1.537906
-0.240782
1.116064
2.140826
4.406606
6.146608
7.412029
6.227779
3.692712
1.217702
-0.527400
-1.063662
-0.212852
0.696295
1.202080
2.377729
4.904539
6.558041
7.228951
6.279007
3.932064
1.147860
-0.571691
-1.184394
-0.180238
1.199039
1.685308
3.363010
4.971434
6.728773
6.729120
4.945631
2.949790
0.762736
-1.612841
-2.273176
-1.518583
-0.161422
0.536256
1.995319
4.194290
6.074589
6.882057
5.742203
2.844158
0.422310
-1.526009
-2.349913
-1.690409
-0.886281
0.200806
1.506499
3.211315
5.939091
6.851299
5.671364
3.309419
1.062060
-1.512035
-2.076690
-0.951691
0.479454
0.943224
2.121073
4.406593
6.695976
7.427435
7.154291
4.060090
1.314232
-1.089972
-1.734097
-1.212582
0.295860
1.408162
2.601312
4.284131
6.706364
7.246368
6.601475
4.060832
1.478557
-0.892387
-1.766952
-1.003439
0.531425
1.426692
2.021494
3.819202
6.139378
6.892029
5.344707
3.603836
1.117388
-1.298228
-1.603411
-1.077559
0.462425
1.216162
2.338870
4.054627
6.037357
5.941357
5.529819
3.406074
0.549417
-1.607150
-2.596420
-1.368788
-0.191645
0.354856
1.774381
3.743857
5.497986
6.515106
5.084839
3.182107
0.455496
-1.513331
-2.395804
-1.412824
-0.565343
0.011487
1.614023
3.767802
5.766911
5.992313
5.183964
3.261647
0.954338
-1.686645
-2.418338
-1.735454
-0.967871
0.778310
2.123151
3.570714
5.497528
6.091167
5.047874
3.109107
0.712769
-1.225204
-1.111887
-0.206110
0.191437
0.878670
2.121021
3.825406
5.770016
6.697493
5.476730
3.010386
0.495556
-1.189907
-2.248234
-1.390612
-0.601947
0.622534
1.685054
4.066625
6.608175
7.066896
5.543100
3.068638
0.239212
-1.545988
-2.227503
-1.643354
0.175774
1.354342
2.141817
4.031073
5.705675
6.542206
5.445503
3.402627
0.860461
-1.366193
-1.803658
-1.619191
-0.281500
0.701743
2.117632
3.951925
6.301739
6.771967
5.589661
3.553653
1.068955
-1.192831
-2.244138
-2.097092
-0.792281
0.699909
1.918112
3.897725
5.982117
6.358795
5.179398
2.529655
0.738612
-1.798931
-2.850882
-1.874736
0.183342
-0.008489
1.286889
3.164131
5.408379
6.530256
5.568687
3.582883
1.277610
-0.840593
-1.746330
-0.762047
0.238388
0.964308
2.143083
3.873858
5.829597
7.037285
6.106430
3.636490
0.838764
-0.834210
-1.644135
-0.562549
0.289759
0.745292
1.745171
3.118048
5.785923
6.869181
5.621756
3.136243
-0.000332
-2.426131
-3.264500
-2.328025
-1.278748
0.018757
1.275188
2.961026
5.282949
6.052429
5.054888
2.133326
-0.075526
-2.292374
-2.297532
-2.288905
-0.994113
0.123278
1.464882
2.997375
4.981829
5.876148
4.515117
2.325679
-0.306071
-2.187243
-2.380506
-1.267990
-0.126809
0.420867
1.770877
3.286375
4.987045
5.362957
4.675468
2.160206
0.039887
-2.042645
-3.078261
-2.696532
-1.145961
0.182971
1.693565
3.800703
5.882889
6.115133
5.619802
3.472658
0.839717
-1.064774
-1.446873
-1.309550
-0.213399
0.427135
1.727633
3.714898
5.848698
5.957884
5.084764
2.935220
0.331797
-2.021797
-3.004804
-1.910645
-0.511545
-0.081732
1.075712
3.745885
5.703300
6.634438
5.638416
2.991332
0.130209
-1.631985
-2.294394
-1.952148
-0.478213
0.475676
2.010590
3.395078
5.750618
6.091419
5.553303
3.542545
0.712768
-1.503808
-1.985056
-1.143567
-0.155222
0.719477
2.015785
3.692422
5.395458
5.739124
5.134216
3.272855
0.281479
-1.704760
-2.556577
-2.007681
-0.442438
0.175411
1.297894
3.242867
5.016975
6.026207
5.140148
2.945003
0.066595
-2.438619
-2.940097
-1.984576
-0.540263
0.376122
1.842866
3.477461
5.583921
6.275635
5.317490
2.940207
0.218279
-1.936296
-3.187038
-2.272263
-0.426238
0.960127
1.669575
3.053366
5.623140
6.030054
5.578594
3.258481
0.649851
-1.454596
-2.171609
-1.319562
-0.337066
0.139442
1.657400
3.808915
5.947002
6.660217
5.136501
3.266005
0.232849
-1.562792
-2.346251
-1.813551
-0.420630
1.044818
1.835629
3.750228
5.972134
6.193138
5.324593
3.413939
1.272887
-1.162523
-1.869027
-1.050876
0.389441
1.148419
2.024266
4.014035
5.484663
6.520382
6.080780
3.904164
0.880346
-1.251359
-2.342455
-1.813578
-0.462330
0.461706
1.976842
3.828409
5.744507
6.878582
5.400475
3.482726
0.723228
-1.826976
-2.614344
-2.109059
-0.641541
-0.026459
1.651640
3.671154
5.403454
6.275993
5.228809
3.074016
0.354290
-1.557280
-2.313550
-1.522500
-0.136721
1.075158
2.718852
4.553913
5.730137
6.473015
5.065525
2.690142
-0.040503
-2.522911
-2.745463
-1.717333
-0.315278
0.640866
1.818418
4.367115
6.095695
6.667870
6.253790
3.907818
1.264837
-1.242389
-2.332581
-1.557921
-0.353657
0.578780
1.369871
3.697227
5.663486
6.982958
5.710482
3.207095
0.796151
-1.223060
-1.655428
-0.773376
0.585562
1.150580
2.490439
4.242247
6.738270
7.008308
6.054203
3.491477
1.167724
-0.658113
-1.761794
-0.668227
0.172489
1.386729
2.493629
4.116275
6.254822
6.980478
5.852554
4.085868
1.901973
0.088740
0.003105
0.624582
1.334925
1.241637
2.493525
4.323466
6.660156
7.141502
6.314629
4.021284
1.330886
-1.073144
-2.051028
-1.301657
0.659204
1.038570
2.465361
4.660994
6.669617
6.772511
5.680424
3.292559
0.559661
-1.912913
-2.441043
-1.757919
-0.518438
0.315752
1.847078
3.605610
5.984238
