5.677962
4.999461
2.390620
-0.365880
-2.437217
-3.269365
-2.030845
-0.583214
-0.251178
1.166821
3.280322
5.525668
5.873900
4.676929
2.713223
0.236283
-2.027196
-2.468660
-1.893556
-0.503303
0.132408
1.359804
3.256371
5.719283
6.319196
5.144193
2.860048
0.310464
-1.706839
-2.853344
-2.194089
-0.758027
0.117957
1.465254
3.358750
5.916312
5.690639
4.859252
2.743868
0.306813
-2.255236
-2.907502
-1.878443
-0.387405
0.778647
1.642590
3.523436
5.456378
6.620364
5.314574
2.478329
-0.329019
-1.963869
-2.756575
-1.964916
-0.582219
-0.070991
1.454987
3.634744
5.359895
6.417426
5.658244
3.301470
0.652383
-1.528502
-2.417837
-1.448936
-0.226763
1.104175
2.392546
4.000998
6.168862
6.639461
5.489966
2.845272
0.534272
-1.121667
-2.229041
-1.605234
-0.357436
0.783276
1.569947
3.936990
6.052892
6.380805
5.384229
2.934292
-0.056674
-1.908439
-2.982368
-2.500337
-0.902300
0.438875
1.941867
4.100093
5.999393
6.434186
5.576957
3.199618
0.672540
-1.971166
-2.354576
-1.506274
-1.031691
-0.038079
1.195044
3.429984
5.613193
6.778800
5.935786
3.472812
0.605865
-2.035345
-2.929226
-1.706403
-0.798311
0.465875
1.905014
4.315271
6.545754
6.782733
5.992351
3.531013
0.519609
-1.602932
-2.808621
-1.990575
0.228288
0.887101
1.863444
3.470277
6.356786
7.350574
5.931586
3.287712
0.069125
-1.841901
-2.564692
-1.496142
0.396119
0.668968
1.273302
3.785991
5.826838
6.143744
4.801215
2.710855
-0.016253
-2.067762
-2.851197
-2.137175
-0.939862
-0.119551
0.999958
3.029414
4.891376
5.394961
4.138675
1.840415
-0.590797
-2.349867
-2.296188
-1.956981
-0.186728
0.887546
1.613259
2.705217
4.888747
6.181884
5.186240
3.262075
0.633222
-1.572565
-1.597651
-1.216623
0.049666
1.370531
2.391723
4.041705
6.279632
6.514512
5.515456
2.953646
0.157142
-1.727964
-2.636695
-2.056897
-0.885283
0.579384
1.652961
3.593749
5.436839
6.337792
5.239032
3.044692
0.181189
-1.587039
-1.967562
-1.535057
0.002357
0.564581
1.776863
3.307871
5.337760
6.130603
5.052300
2.289155
-0.659373
-2.363686
-3.142525
-2.183633
-0.740526
-0.363217
0.492051
2.740637
4.078515
5.168899
4.531875
2.277440
-0.784739
-3.023648
-3.844728
-2.869710
-1.403272
-0.349188
1.058001
2.527679
3.797093
4.986125
4.552573
2.322229
0.315928
-1.735835
-2.382524
-1.093942
-0.731318
0.042881
1.078513
3.287785
4.923095
5.907939
5.068076
2.450303
-0.067805
-1.960991
-2.741642
-1.858010
-0.212707
0.379094
1.423496
3.378665
5.170047
5.719697
4.714553
2.429702
-0.644568
-2.648093
-3.120826
-1.387870
-0.440637
-0.198023
1.033115
3.104005
5.128512
5.576032
4.010107
1.496708
-0.658315
-2.586569
-3.122677
-2.443884
-1.297418
-0.298475
0.929000
2.403025
4.362298
5.253423
4.636800
2.627080
-0.292747
-2.480254
-3.088111
-2.212907
-1.579573
-1.042358
0.704704
2.607161
4.977120
5.852778
5.081038
2.821507
-0.154008
-2.681264
-3.323587
-2.301917
-0.847552
0.158261
1.215591
3.424680
5.452891
5.859561
5.078357
2.237417
-0.750083
-2.821783
-3.580985
-2.436487
-1.136570
-0.202807
0.953807
2.486607
4.418023
4.894469
4.508776
1.906724
-0.723843
-2.744327
-3.661781
-2.336853
-0.549897
0.476956
1.091552
2.674088
5.288123
5.204776
3.707412
2.004795
-0.558584
-2.997676
-3.625143
-2.367894
-1.016919
0.089787
0.973475
2.473069
4.312899
4.640788
3.987095
2.305289
-0.490586
-2.396951
-2.925795
-2.707794
-1.130497
0.206475
1.180700
3.170249
5.254954
5.816028
5.183387
2.660666
-0.300166
-2.298375
-2.646308
-1.651183
-0.708723
0.313240
0.806060
2.672756
4.578017
5.716174
4.463099
1.955246
-0.509582
-2.853199
-3.631012
-2.387712
-0.939714
-0.123927
0.500518
2.614463
4.146983
5.242553
4.390894
1.843246
-0.652847
-2.589785
-2.766352
-2.229937
-0.734663
0.063054
1.197929
3.583546
5.061641
5.895068
4.880725
2.711144
0.009822
-2.435014
-3.180071
-2.132702
-1.028185
-0.510437
0.575606
2.766617
4.682879
5.081056
4.219806
1.803498
-1.039387
-3.348784
-4.227355
-3.401395
-1.407382
-0.375986
1.172733
3.153697
5.072494
5.117831
4.675796
1.772525
-0.976714
-2.978770
-3.099766
-2.228039
-1.131639
-0.024112
1.042274
2.506667
4.450410
5.335696
4.163197
1.605886
-0.708427
-3.213747
-3.756639
-2.866782
-1.239505
-0.024489
1.130272
2.912199
4.727609
5.867412
5.071982
2.497737
-0.759662
-2.467928
-3.077202
-1.564208
-0.695074
-0.010269
0.416374
3.277417
5.575927
5.440436
4.290732
2.318682
0.285851
-1.825986
-2.566940
-1.557951
-0.605952
0.195115
0.926103
3.043241
5.036746
5.618934
4.678758
2.605255
-0.077484
-2.381882
-2.851032
-1.799439
-0.697219
0.081367
2.016585
2.944977
4.765002
6.119979
4.432375
1.945068
-1.182365
-2.980029
-3.352528
-2.424169
-1.278085
-0.322367
0.965656
2.724689
4.463682
5.195170
4.539445
2.085470
-0.855773
-3.261868
-4.136676
-3.341472
-2.116057
-1.070559
-0.180264
2.176111
4.080630
4.893802
3.395642
1.130870
-1.308070
-3.384810
-4.141002
-3.301822
-1.754560
-0.975062
0.368814
1.552118
3.171669
3.955916
2.715959
0.442342
-2.234464
-4.719515
-4.409943
-3.055376
-1.889969
-1.137208
-0.251806
1.217999
3.158270
3.694542
3.261986
1.221737
-1.669174
-3.661523
-4.163258
-3.044382
-1.485486
-0.558247
0.000583
1.715654
4.107509
4.645038
3.803662
1.106956
-1.401238
-3.876754
-4.568951
-3.223549
-1.761912
-0.848250
0.361946
2.101748
3.662604
4.475542
3.227450
1.712195
-1.211641
-3.456471
-4.190172
-3.286540
-1.494672
-0.312469
0.561966
2.113266
3.500336
4.507234
2.955251
0.572345
-1.972759
-3.848722
-4.236822
-2.271714
-0.775813
-0.364684
0.738898
1.946266
3.463041
4.398597
3.562144
1.378561
-0.742608
-2.295759
-2.529022
-1.486875
-0.653869
-0.160651
1.063303
2.295141
4.137626
4.834088
3.621057
1.674573
-1.488949
-3.155873
-3.690173
-2.774478
-1.410243
-0.277936
0.715660
2.190776
4.218056
4.635528
3.814307
1.413486
-1.661106
-3.632389
-3.970150
-2.471335
-1.030091
-0.066525
0.793024
2.030766
3.142938
4.244022
3.438667
1.774613
-0.665994
-3.068860
-3.649965
-2.928677
-1.455047
-0.260905
0.298907
1.872284
3.795405
4.722491
3.268917
1.329040
-0.700679
-3.177020
-3.696489
-2.756232
-1.953105
-0.679004
-0.030981
1.919179
4.070336
4.879626
3.753162
1.181494
-1.592594
-3.205326
-3.919309
-2.631628
-1.293027
-0.626714
0.220501
2.342728
3.837040
4.258874
3.824212
1.156175
-1.126214
-2.596532
-3.019621
-1.762912
-0.569894
-0.138748
0.426417
1.812862
3.973051
4.127461
3.390650
1.356326
-0.943852
-2.436860
-2.857939
-2.406868
-1.084394
0.133864
0.720274
1.883193
3.778987
4.589290
3.767835
1.099747
-1.779011
-3.668766
-3.737144
-2.777819
-0.832311
0.321059
1.302153
2.528952
4.003817
4.763078
3.593968
0.746223
-1.829360
-3.177609
-4.071660
-3.699955
-1.936580
-0.848871
-0.180188
1.115014
2.621896
3.343274
2.693092
0.829638
-1.375482
-3.674790
-4.259625
-3.662137
-1.963260
-0.599764
-0.103271
1.128265
2.770346
3.862457
3.666145
2.031476
-0.778320
-3.155689
-3.556931
-1.927205
-0.883864
-0.382318
0.762777
2.196692
4.024864
4.884946
4.096251
1.787261
-0.716828
-2.790962
-3.507067
-2.513377
-1.284782
-0.550063
0.433245
1.901197
4.135345
4.795344
3.799112
1.170878
-1.392580
-3.420009
-4.061013
-2.887871
-1.541784
-0.817628
0.380294
2.411960
3.544492
4.368387
3.052108
1.186313
-2.042876
-4.095171
-5.108312
-3.497936
-1.768159
-0.404269
0.060914
1.136705
2.596266
3.483278
2.728873
0.803467
-1.722832
-3.652877
-4.505639
-3.577888
-1.706548
-0.784423
0.069772
1.638620
3.581416
4.368785
2.916511
1.179467
-1.179789
-2.939928
-3.813954
-3.268725
-1.663455
-0.276148
0.608781
1.773540
3.528777
4.056651
3.380266
1.390344
-1.790689
-3.693279
-3.941150
-3.130108
-1.386909
-0.242597
0.798735
2.131708
3.919555
4.708240
3.387505
0.792358
-2.040631
-4.172112
-4.381497
-3.052684
-1.595176
-0.744389
-0.434647
0.829763
2.666040
3.029264
2.632099
0.471124
-2.316912
-3.998606
-4.112245
-3.720405
-2.321480
-0.979005
-0.123492
1.444787
2.966671
4.067715
3.117198
0.512052
-1.646526
-3.488338
-3.801783
-3.312508
-2.132312
-1.204984
0.012346
1.803543
4.076519
4.551493
3.381483
0.771459
-1.641820
-3.768957
-3.891180
-3.196332
-1.297872
-0.153584
0.499407
1.985078
3.806005
4.364138
3.110883
0.820305
-2.220669
-4.031196
-4.659803
-3.320232
-2.144597
-0.820860
-0.047128
0.928575
2.244905
3.265630
2.290709
0.146626
-2.644997
-4.114326
-3.792764
-3.353790
-2.483729
-1.133330
-0.531610
0.709941
1.672566
2.423658
1.451707
0.085901
-2.614870
-4.106701
-4.844289
-4.051911
-2.183434
-0.852124
-0.074436
0.811300
2.417280
3.309296
2.011981
0.215913
-2.544084
-4.860972
-4.733969
-3.755988
-1.758094
-1.083982
-0.690450
0.626716
2.126722
2.818236
2.245342
0.515168
-2.168145
-4.078049
-4.526825
-3.904453
-2.569626
-1.239424
-0.227322
1.398518
2.645223
3.201687
2.467866
0.483287
-1.761990
-3.361704
-4.058850
-3.404294
-1.785270
-0.440293
-0.111472
0.833391
2.707007
3.134718
2.644999
0.575102
-1.529883
-3.599344
-4.248502
-2.989580
-1.407407
-0.434468
-0.069180
1.703160
3.431023
4.192479
2.681635
0.388123
-2.431945
-4.449228
-4.205759
-3.346712
-2.325574
-1.295270
-0.792006
0.701640
2.344684
3.001970
1.985017
0.081385
-2.323511
-4.681069
-5.420561
-5.029445
-3.181921
-1.399335
-0.684186
0.580844
2.014369
2.055045
1.828624
-0.522722
-2.501211
-4.778841
-4.694039
-3.502247
-2.351686
-1.147809
-0.202753
0.785430
2.470906
2.903346
3.085361
0.536154
-2.091192
-3.940061
-4.189184
-3.109373
-1.662494
-0.082871
-0.251912
1.139930
2.792781
4.008391
3.544657
1.100965
-1.899722
-3.649052
-4.456903
-3.682193
-1.870399
-0.696273
0.061627
1.385798
3.187378
3.342046
2.410106
0.426444
-2.132343
-4.062791
-4.605836
-4.018603
-1.669059
-0.670507
-0.023486
1.111664
2.530646
3.104249
2.272607
0.377719
-2.444907
-3.789947
-4.421437
-3.456077
-1.774062
-1.406908
-0.125826
2.017402
2.793115
3.197134
2.559242
0.758423
-1.829712
-3.979867
-4.336577
-3.474268
-1.835515
-1.033744
-0.086107
1.464038
2.869711
3.987480
2.971457
0.477092
-1.757468
-3.583064
-4.334069
-3.380507
-1.741578
-0.235013
0.098626
1.612253
3.113358
3.452977
2.607781
-0.305656
-2.743329
-4.458532
-5.575120
-4.252005
-2.825050
-1.321614
-0.730143
0.835900
2.242745
2.558749
2.132351
-0.369070
-2.653104
-4.724261
-4.901944
-4.163206
-2.865839
-1.713378
-0.909011
0.512789
2.078611
2.572624
1.328771
-0.188748
-2.957708
-5.016334
-5.748657
-4.789495
-3.063987
-1.606106
-1.018247
-0.031272
1.671945
1.893867
1.337881
-1.208142
-3.751598
-5.508737
-5.951832
-4.059835
-2.200835
-1.420903
-0.405183
0.398083
1.937105
2.101361
0.882269
-0.946611
-3.397224
-5.133930
-5.370677
-4.190123
-2.637235
-1.693775
-0.898669
0.262546
1.561320
2.207891
0.921252
-0.701641
-2.724705
-4.698977
-4.710397
-3.225704
-1.846215
-0.801227
-0.683944
0.197712
1.540245
2.142803
1.320905
-0.497268
-2.906027
-4.764812
-5.099048
-4.043679
-2.707881
-1.369514
-0.526848
0.528898
2.019217
2.770388
1.333228
-0.858959
-3.350599
-5.233062
-5.828537
-4.985306
-3.521057
-2.308396
-1.027452
0.466576
1.946553
2.436375
1.988412
-0.261478
-2.384778
-4.483848
-4.283446
-3.595417
-1.906508
-1.134143
-0.508283
0.970583
2.504066
2.852654
1.480708
-0.631210
-3.104916
-5.289167
-5.814933
-5.113364
-3.089680
-1.285860
-0.618409
0.464462
1.733550
2.095948
1.517660
-0.766596
-3.070473
-4.711877
-4.802319
-3.696524
-2.287694
-1.649475
-0.982173
0.125183
1.212254
1.437695
0.319871
-1.591308
-3.218453
-4.263347
-4.568816
-3.563873
-2.641425
-1.679137
-0.782692
0.433909
1.625603
2.321640
1.770813
-0.252555
-2.686229
-4.264441
-4.697841
-4.093395
-2.059552
-0.634463
0.482351
1.526489
2.642767
2.525444
1.470625
-1.006516
-3.211968
-4.966992
-5.282604
-3.536835
-1.480483
-1.214543
-1.311700
0.047396
1.994512
2.042530
1.394479
-0.567872
-3.369679
-4.995998
-5.008253
-4.144482
-2.348586
-0.973077
-0.544068
0.423170
1.433336
2.037964
1.310014
-0.656652
-3.277267
-4.325782
-4.292559
-3.491286
-1.582566
-1.007495
-0.770738
0.600401
1.498311
2.364776
1.637695
0.084579
-2.757123
-5.007507
-4.649812
-3.840247
-2.004039
-1.148664
-0.093270
1.111847
2.297063
2.690416
1.463619
-0.296276
-3.087813
-4.590613
-4.743708
-3.908937
-1.419534
-0.477277
-0.037342
1.113722
2.526932
2.681866
1.117375
-0.876318
-3.124450
-5.023412
-5.024728
-3.722721
-1.803531
-0.513743
-0.782439
0.515644
2.221854
2.393917
0.951859
-0.893934
-3.187194
-5.065517
-5.713796
-4.159334
-2.338466
-0.758269
-0.644352
0.370381
1.481015
1.820845
1.397514
-1.077401
-3.393671
-5.043400
-5.252634
-3.959646
-2.074443
-1.270829
-0.815762
0.513583
1.602113
2.201584
0.939851
-0.752380
-2.794100
-4.757904
-4.483346
-3.460134
-1.439488
-0.930688
-0.570285
0.533196
1.867275
2.036713
0.623814
-1.285235
-3.743549
-5.442732
-5.539348
-4.911901
-2.713944
-1.148646
-0.625921
0.218033
1.306041
1.654277
0.786707
-1.330737
-3.311768
-4.851094
-5.554008
-4.728345
-2.827861
-2.014703
-1.289021
0.056891
1.639592
1.691121
0.808063
-1.180614
-3.395145
-5.029796
-5.179104
-4.386356
-2.173316
-0.698617
-0.331812
0.539999
2.166447
2.343827
0.896892
-0.733100
-2.922912
-4.583422
-4.546222
-3.660151
-2.668921
-1.514489
-0.678506
0.042798
1.578136
1.972766
1.552793
-0.343910
-2.264289
-3.784699
-4.662724
-3.222430
-0.795875
-0.005713
0.186002
1.320004
2.137749
2.787970
1.721381
-0.188772
-2.808145
-4.029344
-4.420012
-2.799827
-0.599351
-0.103541
-0.050879
0.604268
2.569820
3.142188
1.898135
-0.433495
-3.035769
-4.422384
-3.949501
-2.531890
-1.307954
-1.242358
-0.476585
1.338861
2.023067
2.081807
0.782845
-0.945333
-3.032889
-4.680281
-4.796227
-3.569791
-2.486310
-1.219741
-0.542842
0.586354
1.640882
1.966281
0.755182
-1.012794
-2.836390
-4.449073
-4.818232
-3.720952
-2.030921
-0.681876
-0.567669
0.556968
1.811599
2.464846
1.215909
-0.832285
-2.856864
-4.527918
-5.224076
-4.467503
-2.721707
-1.597209
-0.398927
0.848416
2.325055
2.767488
1.531734
-1.101255
-3.839175
-5.489389
-6.004275
-4.520990
-2.860118
-1.481921
-1.261116
0.006150
1.111974
1.346437
0.546746
-1.070713
-3.446575
-5.172189
-5.350171
-4.175984
-3.108060
-1.487445
-1.291792
0.042131
1.701675
1.073121
0.491256
-1.374539
-3.490403
-5.381118
-5.446478
-4.259820
-2.855149
-1.913844
-1.009884
0.189624
1.633730
1.623223
0.534649
-1.604560
-3.884585
-5.217945
-5.651321
-4.287961
-2.479373
-1.609162
-1.043529
0.378675
1.697755
1.877903
0.309772
-1.566643
-3.713855
-5.420098
-5.581467
-5.172520
-2.987889
-1.641728
-1.445685
-0.092546
0.847199
0.870391
0.009934
-2.093610
-3.963879
-5.706124
-6.107257
-5.600820
-3.537992
-1.940106
-1.417809
-0.380526
0.762830
1.166914
0.586532
-1.242925
-3.386455
-4.643850
-4.720936
-3.774587
-2.230660
-1.378520
-0.824253
-0.036174
0.834055
0.911800
-0.455177
-2.380185
-4.529160
-6.448229
-6.506844
-5.204116
-2.804311
-1.445416
-1.022626
-0.162747
0.830331
1.412961
0.222420
-2.014573
-4.508005
-5.706639
-5.345139
-4.463206
-2.331058
-1.824449
-1.217051
0.003947
1.288359
1.114819
0.057434
-1.894054
-3.394833
-4.606271
-5.083089
-3.759629
-1.952258
-0.584561
-0.466860
0.135355
0.880044
1.176595
0.188425
-1.767924
-4.191971
-5.579658
-5.909322
-5.080700
-2.863454
-1.197387
-0.432117
1.353580
2.309702
1.764158
0.823722
-1.402385
-3.913220
-5.567519
-5.659287
-4.994709
-3.262124
-1.557830
-0.871358
0.090125
1.137460
1.050257
-0.338769
-2.124174
-4.815951
-5.911706
-6.504955
-4.756190
-2.933078
-1.734952
-1.257388
-0.626171
0.161819
0.598758
-0.212447
-1.917552
-3.861001
-5.444936
-5.765209
-4.449061
-2.863111
-1.568095
-1.098592
-0.212078
0.916736
1.016652
0.323208
-2.245190
-4.815229
-6.655467
-6.591560
-5.243638
-2.552697
-1.430053
-1.299747
-0.696225
1.348740
1.069560
-0.342139
-2.500012
-4.631418
-6.237172
-6.386081
-5.180748
-3.658240
-2.831220
-1.778019
-0.146467
0.949323
1.398154
0.573032
-1.598022
-3.650452
-5.303563
-5.960346
-5.011741
-3.015359
-1.769059
-0.914834
0.373136
1.456517
1.451160
0.486886
-1.502138
-4.118820
-5.982511
-5.825214
-4.345942
-2.974887
-1.927688
-1.210621
0.365661
1.351134
1.183239
-0.089603
-2.220767
-4.248823
-5.727119
-6.199151
-4.611411
-2.847981
-1.480128
-1.137896
-0.438532
0.470184
0.963619
-0.453710
-2.035521
-4.015101
-5.576519
-5.742890
-4.418290
-3.171729
-1.700654
-1.048531
-0.019011
0.894797
1.266674
0.604164
-1.881859
-4.268374
-6.089112
-6.773831
-5.143007
-3.038327
-1.676244
-0.742370
0.050833
1.247990
0.978577
-0.186866
-2.206274
-4.358448
-6.679986
-6.840759
-5.482936
-3.191991
-1.835874
-1.981577
-1.059091
0.068522
0.410924
-0.834142
-2.737164
-5.137611
-6.585414
-7.055081
-5.564716
-3.204898
-2.867614
-2.326574
-0.930346
-0.066497
-0.057858
-0.825008
-2.896603
-4.914124
-6.141527
-6.079440
-4.962064
-3.293195
-2.297620
-1.729771
-0.454301
-0.033714
0.133754
-0.702950
-3.271694
-5.421911
-6.513662
-7.264446
-6.211400
-3.659085
-2.079574
-1.370150
-0.758828
0.406837
0.626802
-0.524072
-3.051169
-5.319397
-7.104467
-7.215019
-5.659185
-3.981093
-2.976434
-1.322876
-0.610641
0.461990
0.637674
-0.574290
-2.827640
-5.291446
-6.399372
-6.606672
-5.493453
-3.112243
-2.294599
-1.541794
-0.566592
0.651653
0.964932
-0.278007
-2.482143
-5.123330
-6.050500
-6.113711
-4.488528
-2.697988
-1.790164
-1.076162
-0.324868
0.450477
0.369734
-0.310187
-2.799075
-5.182433
-6.763183
-6.775468
-5.551822
-3.533847
-1.796638
-1.477410
-1.204953
0.386833
0.453084
-0.647389
-2.638216
-4.822860
-6.403646
-6.116577
-4.978976
-3.442084
-2.056611
-1.437829
-0.006104
0.827698
0.713681
-0.969782
-2.867338
-5.285823
-6.986822
-7.020974
-5.870771
-3.941278
-2.482072
-2.117637
-1.047800
-0.597751
0.027763
-0.949686
-3.053912
-4.863334
-6.212029
-6.826006
-5.867388
-4.001916
-3.083919
-2.046941
-1.392841
-0.508120
-0.099959
-1.009559
-3.014616
-5.207307
-6.998296
-7.398162
-6.096452
-3.811170
-2.915061
-2.118768
-0.837228
-0.051400
-0.380930
-1.406329
-2.865622
-5.185678
-6.419550
-5.709161
-5.466441
-3.800611
-2.394183
-1.395557
-0.503222
0.834566
0.611222
-0.547856
-2.581432
-4.927556
-6.279377
-6.446097
-5.005072
-2.970048
-1.757781
-1.600040
-0.334096
0.459770
0.621834
-0.596079
-2.623191
-4.910089
-6.270581
-6.244770
-4.523562
-2.564868
-1.015769
-0.805620
0.037051
0.513079
0.650572
-0.333091
-2.748030
-4.626451
-5.863757
-5.947515
-4.307258
-3.095700
-2.416045
-1.186810
-0.134407
0.435433
0.164541
-1.132474
-2.737079
-4.907903
-6.633029
-7.060948
-5.743628
-3.559518
-2.514197
-2.338115
-0.909369
0.451397
0.362741
-0.704654
-2.510197
-5.192700
-6.742831
-6.821353
-5.402430
-3.640485
-2.549733
-1.205871
-0.452889
0.466836
0.966641
-0.009336
-2.183937
-4.547677
-5.809132
-5.868192
-4.974621
-3.242541
-1.957503
-1.800486
-0.700924
-0.091335
0.211555
-1.108030
-2.413404
-4.611469
-5.874535
-5.482010
-4.647395
-2.877406
-1.776597
-1.034814
-0.614079
-0.234921
-0.093565
-1.413415
-2.719970
-5.054771
-6.652272
-6.509001
-5.656914
-4.089641
-2.535035
-2.167836
-0.976690
0.207454
0.119206
-0.476786
-2.307437
-4.299756
-5.948627
-6.113744
-5.026663
-3.952495
-2.954127
-2.308046
-1.087466
0.003194
-0.117182
-0.851922
-2.917212
-5.185613
-6.990334
-6.681949
-4.726321
-3.364295
-2.918523
-2.052853
-1.308487
-0.255342
-0.157634
-1.105881
-3.091602
-5.138246
-6.459843
-6.720291
-5.843276
-3.993443
-2.339721
-2.423992
-1.232918
-0.100792
0.168983
-0.891793
-2.829795
-5.057549
-6.990972
-6.967754
-5.914138
-3.955726
-2.302211
-1.661257
-0.773670
0.167253
0.256459
-1.004343
-3.247174
-5.265045
-6.678179
-6.531743
-5.545985
-3.745372
-2.864329
-2.134698
-0.576579
0.458589
0.571407
-0.800135
-2.666515
-4.812933
-6.056061
-6.752346
-4.330598
-2.689599
-1.379659
-1.052484
-0.189064
0.940260
0.739696
-0.673931
-2.567124
-5.404648
-7.418838
-7.507117
-5.979303
-3.852397
-2.652093
-2.418572
-0.909565
0.473513
-0.008279
-0.737473
-2.923820
-5.666459
-7.361703
-7.131061
-6.360224
-4.601991
-3.004145
-2.259054
-1.320756
0.408717
0.184564
-0.630401
-2.313189
-4.601105
-5.902673
-5.736321
-4.562284
-3.174045
-2.205802
-1.587846
-0.550174
0.449855
0.294052
-0.930270
-3.001500
-5.045930
-7.059981
-7.218435
-6.170920
-3.624621
-2.265349
-1.866136
-0.515818
0.634045
0.600958
-0.726211
-2.891087
-5.571973
-7.609488
-7.984521
-6.838683
-5.014187
-3.626282
-2.981944
-1.930430
-0.822495
-0.622891
-1.657581
-3.757110
-6.326618
-7.883219
-7.905490
-6.913761
-5.561833
-3.783603
-2.779688
-1.529093
-0.350381
-0.116577
-1.309167
-3.078833
-5.351721
-6.510547
-7.080614
-6.016955
-3.941047
-2.300698
-1.824077
-0.914947
-0.054412
-0.167938
-1.280097
-3.090913
-5.372133
-7.067904
-7.458673
-5.527704
-3.694310
-2.751996
-2.002008
-0.725735
0.709219
0.751728
-0.702588
-3.346786
-5.632922
-7.350854
-7.966684
-6.737148
-4.397541
-3.082635
-2.389312
-1.349504
-0.715571
-0.595935
-1.847220
-3.890376
-6.171416
-7.781056
-7.664664
-6.704971
-4.381661
-3.630780
-2.800823
-2.246922
-0.950191
-0.906049
-2.206684
-4.072737
-6.409209
-8.204621
-8.555799
-6.868813
-5.355185
-3.631539
-2.555075
-1.213702
0.106238
0.059333
-1.547124
-3.863725
-6.186828
-7.986084
-7.610933
-6.697069
-5.112205
-3.709863
-3.032221
-1.784163
-1.186039
-0.986391
-2.186525
-4.284514
-6.481207
-7.598037
-7.242908
-5.750449
-4.254442
-2.855401
-2.481004
-1.074312
-0.371264
-0.578179
-1.772567
-3.769173
-5.625747
-7.045985
-6.693720
-6.023376
-3.664124
-2.381426
-1.948545
-1.014712
-0.048887
0.601376
-0.916144
-2.879503
-5.837665
-7.673520
-7.833391
-6.196775
-3.982926
-2.936571
-2.300765
-1.251317
-0.356252
-0.298873
-1.214825
-3.275941
-5.644432
-7.569140
-7.778881
-5.892312
-4.255912
-2.901060
-2.596297
-1.383972
-0.311646
0.113116
-1.253293
-2.881768
-5.135800
-6.729710
-7.144897
-5.810367
-3.859819
-2.720568
-2.814784
-1.620011
-0.547506
-0.352443
-1.502824
-3.025373
-4.847370
-6.194892
-6.320408
-5.654063
-3.404061
-2.431741
-1.399220
-0.560164
0.093087
0.332505
-0.823037
-2.901841
-5.355290
-7.216009
-7.228813
-6.206167
-3.885333
-2.866851
-1.671947
-0.714086
-0.330812
0.415512
-0.940161
-3.263424
-5.095513
-6.841530
-8.193945
-7.237984
-5.191585
-3.503201
-2.463912
-1.256369
-0.767369
-0.405915
-1.357726
-3.019582
-5.694070
-7.287897
-7.589465
-6.264566
-4.041873
-2.595370
-2.321878
-1.297131
-0.049350
0.143306
-1.005339
-3.398496
-5.614716
-7.422971
-7.802126
-7.069857
-5.334107
-3.690688
-2.888999
-1.340384
-0.042874
-0.324336
-1.313037
-3.180136
-5.580315
-6.804524
-6.606395
-5.149189
-4.045674
-2.895319
-1.825694
-0.733619
0.201961
0.219842
-0.845933
-2.516700
-4.702364
-6.938724
-7.058649
-5.397166
-4.181001
-2.740170
-1.783108
-0.883829
0.253249
0.566690
-1.011556
-3.144225
-5.855408
-7.721003
-8.147071
-7.510695
-5.769578
-3.818113
-3.212158
-1.898693
-1.321370
-1.411267
-2.262656
-4.014654
-6.147202
-7.501244
-7.660130
-7.078656
-5.281628
-3.636283
-3.810241
-2.354944
-0.949099
-0.900031
-1.923957
-3.850198
-6.011705
-7.166288
-7.288857
-6.276018
-4.837874
-3.600587
-3.164966
-1.263673
-0.740055
-0.395473
-1.809447
-3.976503
-6.060534
-7.721150
-8.018269
-6.728030
-5.404430
-4.723349
-3.358435
-1.648705
-0.265208
-0.140441
-1.509982
-3.373561
-5.897439
-7.479479
-7.400623
-6.357316
-4.370062
-3.604371
-2.599119
-0.996101
-0.371243
-0.182811
-0.930717
-2.695575
-5.171712
-6.819278
-6.896403
-5.349708
-3.755918
-2.950101
-2.057868
-0.845607
-0.333394
-0.054990
-0.938498
-3.241609
-5.490244
-7.443823
-7.701593
-6.688130
-5.480393
-3.807092
-2.516757
-1.604044
-0.514455
0.029499
-1.181816
-3.415011
-5.297457
-7.292070
-7.391729
-6.691429
-5.045293
-3.942866
-2.710116
-1.823974
-0.185342
-0.459359
-1.236386
-3.018397
-5.814903
-7.693291
-8.394943
-6.597915
-5.099436
-3.512514
-2.959236
-1.227413
-0.146997
-0.105957
-1.404212
-3.416858
-5.590399
-7.271051
-8.199176
-6.130132
-4.763354
-3.855309
-2.958173
-1.747783
0.275105
0.452193
-0.717818
-2.634210
-5.481345
-7.181401
-6.772161
-5.626590
-4.125347
-3.542056
-2.299728
-0.999166
0.149411
0.086426
-1.205672
-3.236508
-6.156761
-8.487428
-8.829349
-7.501874
-5.050591
-4.037042
-3.906876
-2.208844
-0.561051
-0.329568
-1.762469
-3.901646
-6.437458
-8.264110
-8.849196
-7.629691
-5.459260
-4.109588
-3.199478
-2.133947
-1.297005
-1.037148
-1.714574
-3.701378
-6.303392
-7.903092
-8.720078
-7.147446
-5.596350
-3.679007
-2.076041
-1.239098
0.079867
0.330664
-0.969155
-3.244977
-6.061731
-8.083958
-8.821564
-7.657657
-5.448397
-4.630936
-3.406295
-1.733308
-0.758656
-0.238349
-1.199229
-3.478222
-6.420264
-8.404646
-8.832472
-8.258608
-6.453043
-4.836955
-3.675732
-2.198096
-1.096474
-0.837669
-1.744046
-3.698334
-5.969577
-7.853991
-8.073811
-6.982414
-5.360476
-4.196814
-3.147282
-2.132230
-0.881186
-0.383193
-1.500607
-3.142269
-5.470247
-7.292328
-7.463386
-6.159357
-4.810589
-3.885615
-2.657888
-1.177665
-0.039222
0.522107
-0.123399
-2.589093
-5.425313
-7.503687
-8.195374
-6.850041
-4.693434
-3.062942
-2.235845
-1.484471
-0.596448
-0.138904
-1.539075
-3.409431
-6.111721
-8.102024
-8.358915
-7.460984
-5.405168
-4.139543
-3.174829
-2.460183
-0.920715
-0.377921
-1.299842
-3.056940
-5.387103
-7.499952
-7.122463
-5.869936
-4.336927
-3.734996
-2.904417
-2.368140
-1.035084
-0.627959
-1.626367
-3.450185
-6.143833
-7.858077
-8.316747
-7.089522
-5.824347
-4.564121
-2.963993
-1.467984
-0.633248
-0.224330
-1.142373
-3.490413
-6.181403
-8.229103
-8.210300
-7.390901
-5.590436
-4.533250
-3.718652
-2.291270
-1.210393
-0.549401
-1.559803
-3.825365
-6.590941
-8.687824
-9.302752
-8.054304
-6.361071
-5.094584
-3.861732
-2.383612
-0.828431
-0.144319
-1.043962
-3.016625
-5.561524
-7.148142
-7.771409
-6.690656
-5.017890
-3.818840
-2.860344
-1.213295
0.057559
0.870813
-0.097919
-2.288445
-5.263515
-7.183307
-7.428896
-5.925568
-4.724058
-4.100745
-2.417962
-0.888949
0.064069
0.176122
-0.452685
-2.600554
-5.739434
-7.181572
-7.421414
-6.709798
-5.176905
-3.564757
-2.606325
-1.452275
-0.075643
0.322618
-0.657094
-2.759582
-5.276571
-6.931880
-8.049784
-6.534863
-4.667079
-3.790329
-2.608132
-0.959274
0.038154
0.833037
-0.536075
-3.081750
-5.982590
-8.448071
-9.168987
-7.600729
-5.967882
-4.581991
-3.460686
-1.770338
0.023049
-0.023477
-1.112910
-3.469262
-5.867092
-7.594918
-8.235534
-6.971558
-5.431774
-4.307222
-2.948814
-1.680422
-0.169694
0.178029
-0.444617
-3.076131
-5.808614
-7.815535
-7.457428
-6.045182
-4.769875
-3.524268
-2.672228
-1.728402
-0.244315
0.305768
-1.090782
-3.036564
-5.129654
-7.034382
-7.773362
-6.886155
-5.450003
-3.662570
-3.080178
-1.443004
-0.148454
0.660152
0.301728
-1.825934
-4.364083
-6.494024
-7.096412
-5.843006
-4.451563
-3.914004
-2.858606
-1.123326
0.311709
0.858968
-0.237075
-2.303842
-5.185105
-7.402868
-8.268202
-7.357894
-5.713283
-4.119477
-2.866614
-1.917094
-0.656831
0.420209
-0.370633
-2.891280
-5.152295
-7.278774
-8.051535
-6.721794
-5.911864
-4.757663
-3.282897
-2.123009
-0.129714
1.084117
-0.350709
-2.524868
-4.785227
-6.958491
-7.480886
-6.724327
-5.094805
-3.893124
-2.675431
-1.243626
0.227926
0.943288
0.312797
-2.289592
-5.097885
-7.368556
-8.217333
-7.195692
-4.933327
-3.753042
-2.845801
-1.296294
0.103383
0.838471
0.052039
-2.315731
-4.466619
-6.488778
-7.184942
-6.259344
-4.737822
-3.786402
-2.194879
-0.271439
0.434860
0.814685
-0.534871
-2.777476
-5.257627
-7.291882
-7.864462
-6.730803
-4.814268
-3.701619
-2.856731
-1.460177
0.441583
0.709815
-0.839609
-2.423152
-5.267405
-7.653678
-8.243577
-7.491937
-5.871738
-4.221673
-2.814219
-0.900578
0.145860
0.245301
0.015563
-1.888936
-4.277036
-6.448344
-7.210625
-6.220554
-4.611421
-3.212853
-2.286002
-1.372167
0.108954
0.750901
0.087802
-1.588645
-4.672761
-6.414030
-7.191319
-6.530437
-5.172176
-3.243501
-2.374671
-0.651048
0.791354
1.076861
0.192634
-2.231912
-4.858004
-6.606008
-7.766966
-6.608480
-5.495258
-4.055636
-2.548920
-1.202788
0.799972
1.402268
0.051850
-2.008491
-4.803602
-6.986438
-7.911208
-6.717755
-4.718122
-3.326526
-3.208320
-1.784438
-0.622077
0.100343
-0.861445
-2.737096
-5.231825
-7.162068
-7.291076
-6.177594
-5.138403
-3.958288
-2.952286
-1.184163
-0.104658
-0.110124
-1.098557
-3.037557
-5.466376
-8.255592
-9.032158
-7.757177
-5.519188
-3.991283
-2.948634
-1.666639
0.641860
0.941248
-0.506699
-3.008044
-5.761900
-7.836419
-7.934002
-7.309428
-5.861120
-4.145033
-3.002015
-1.520416
-0.120084
0.763032
-0.652785
-2.306607
-5.744483
-7.860090
-8.967760
-8.374306
-5.681489
-3.826223
-3.492861
-1.774083
-0.030984
0.932786
0.437863
-1.970142
-4.575781
-6.649083
-7.112988
-6.784638
-5.070927
-3.730335
-2.495948
-1.141331
0.933124
1.359691
0.417388
-1.888977
-4.889285
-7.382138
-8.700061
-7.568664
-5.378703
-4.438720
-3.218872
-0.767584
0.730252
1.426375
0.154780
-1.968470
-4.987677
-7.201144
-8.259117
-6.769080
-5.468405
-3.637912
-3.272769
-1.646447
0.539844
1.670856
0.528440
-1.653274
-4.185586
-6.691157
-7.703956
-6.857687
-4.904987
-3.639582
-2.038136
-0.292093
0.820050
1.215597
0.966201
-0.663609
-3.483350
-5.956262
-6.356771
-5.209630
-4.015471
-2.768752
-1.846415
-0.558230
1.124692
1.325400
0.459020
-1.576768
-4.278780
-6.416690
-6.399294
-5.979267
-4.294394
-3.601333
-2.481777
-0.678053
0.983006
1.207335
0.509141
-2.036859
-4.479426
-6.579320
-7.769146
-6.921750
-5.282588
-4.117105
-2.539952
-1.156502
-0.044141
0.946217
-0.489280
-2.426267
-4.900932
-6.680122
-7.247827
-6.622701
-5.201398
-3.787117
-2.743530
-1.364244
-0.121089
0.827074
0.161368
-2.161334
-4.628428
-6.566375
-7.418100
-6.438618
-5.179509
-3.523053
-2.391719
-0.727088
0.732944
1.515983
0.470004
-1.775525
-4.402292
-6.326941
-6.834830
-6.137203
-4.576890
-3.345987
-1.899225
0.227962
1.227054
1.622872
0.162517
-2.062669
-4.936920
-6.366071
-7.342446
-6.950188
-5.174162
-3.873541
-2.225806
-0.904119
0.403172
0.642012
-0.227604
-2.546857
-5.198543
-7.157410
-8.340508
-7.260324
-5.563399
-4.678776
-2.806178
-0.967601
1.081508
1.237391
0.380727
-2.476822
-4.843958
-6.565032
-7.399253
-6.890766
-5.396364
-3.461250
-2.360117
-0.822837
1.319793
2.138858
0.938832
-0.952165
-4.212423
-6.507276
-7.322085
-6.244908
-4.225592
-2.805045
-2.105951
-0.704504
1.186948
1.941304
0.917060
-1.420736
-4.441640
-6.952343
-7.380634
-6.433517
-4.569624
-3.954078
-2.792838
-1.080973
0.933896
1.311584
0.758683
-1.272099
-3.961306
-5.943785
-6.213226
-4.864359
-3.804605
-2.522387
-1.487111
-0.110519
1.802152
2.436718
1.938710
-0.576562
-3.233624
-5.606952
-6.551639
-5.517453
-3.250560
-2.953559
-1.593617
0.008567
1.542261
2.034995
1.670827
-0.369045
-3.061856
-5.643890
-6.832379
-6.007255
-4.313704
-2.512568
-1.445016
0.045962
1.566525
2.414638
2.065536
-0.125170
-2.974097
-5.285771
-5.995905
-4.781922
-3.690914
-2.606478
-1.586902
0.165392
2.200374
3.176422
2.124021
-0.568666
-3.356698
-5.386813
-5.853388
-4.717053
-3.187658
-2.228055
-1.366545
0.376795
2.008176
2.629382
1.846533
0.161262
-2.499856
-4.896172
-5.650552
-5.071337
-3.488863
-2.316253
-1.777297
-0.386753
1.864810
2.610085
1.647019
-0.320069
-3.150924
-5.448735
-6.314342
-5.298566
-4.118666
-3.229092
-1.323049
0.794245
2.336404
2.790354
1.672770
-0.847007
-3.084920
-4.705967
-5.182060
-4.961965
-3.653927
-2.890594
-1.672876
-0.058569
1.942994
2.351033
1.388181
-0.467727
-3.162688
-5.344223
-6.066250
-5.326259
-3.652801
-2.776370
-1.565871
-0.074112
1.542400
2.251256
0.930167
-1.015437
-3.656851
-5.907230
-6.096766
-5.247123
-3.891498
-2.929144
-0.586146
0.700328
2.004366
2.845301
1.703486
-1.189633
-3.800072
-6.195320
-6.511506
-5.680105
-4.408788
-2.883380
-1.687768
-0.071324
1.532199
2.512948
1.348838
-0.654854
-3.501505
-5.788281
-6.646799
-6.074414
-4.378059
-3.093347
-1.761802
-0.657921
1.225533
2.664414
1.556447
-0.812381
-3.480792
-5.412415
-5.639266
-5.355069
-4.596599
-3.032126
-1.738647
-0.481393
1.356065
2.363193
1.275628
-0.804564
-3.460320
-5.760553
-6.777426
-5.822907
-4.405412
-2.832389
-1.654813
0.594725
2.518471
3.539121
2.040145
-0.426964
-3.528791
-6.022353
-6.961396
-6.038944
-4.664202
-2.758329
-1.909440
-0.011944
1.393020
2.260845
1.604969
-1.145957
-3.559241
-5.368164
-5.386884
-4.355871
-4.000078
-3.153330
-1.908661
-0.563163
1.146113
1.992354
1.126950
-0.786321
-3.142573
-5.414487
-6.359729
-5.911802
-4.300668
-2.931540
-1.259782
0.306018
2.281848
2.955133
1.935927
-0.322553
-3.210537
-5.483160
-6.661090
-5.790085
-3.680758
-3.361788
-2.682905
-0.374441
2.521884
3.485879
2.431563
0.259568
-3.104638
-5.229066
-6.108424
-4.510859
-3.521198
-2.968994
-1.442770
0.632792
2.402898
3.111041
1.968776
0.037035
-2.592420
-4.558686
-4.695958
-4.041759
-2.679772
-1.920974
-0.763034
0.935135
2.372127
3.304128
2.551345
0.655622
-2.025023
-4.591806
-5.485352
-4.535113
-2.990635
-1.336037
-0.076521
1.590689
3.091381
4.028916
3.320589
0.805211
-2.423760
-4.768817
-4.982905
-4.018826
-2.899301
-1.534573
-0.414573
1.624223
3.235009
4.372200
3.735803
1.228005
-1.606137
-3.641727
-4.688854
-3.942479
-2.632659
-1.487722
-0.929293
1.050193
3.190819
4.424243
3.447030
1.142581
-1.623519
-3.861382
-4.501031
-4.300841
-2.728298
-1.821914
-0.868172
1.437442
3.867629
4.647086
3.485869
1.757598
-1.267840
-3.607873
-3.890741
-3.462588
-2.649429
-1.677912
-0.613250
1.502136
3.301749
4.218865
3.697388
1.283372
-1.395373
-3.785671
-4.440969
-3.547129
-2.514613
-1.322069
-0.089790
1.710207
4.392374
5.404193
4.208046
1.968948
-0.597203
-3.284284
-4.028503
-3.353487
-2.011729
-1.228348
-0.320473
1.881082
3.992208
5.099570
4.212516
2.254623
-0.332663
-3.250081
-3.992457
-3.404171
-2.088662
-1.386073
-0.227761
1.830116
4.087218
4.528114
3.760678
1.127532
-1.646037
-4.074347
-4.557376
-3.435607
-2.796919
-1.310290
-0.201206
1.345017
3.417501
4.290561
3.572938
1.025679
-1.090520
-3.507049
-4.552798
-3.769543
-2.637470
-1.610875
-0.097510
1.759393
3.755629
4.240471
3.693593
0.951989
-1.555966
-4.010537
-4.949143
-3.770997
-2.215768
-0.904435
0.244229
2.342184
4.400078
5.030940
4.149030
1.894593
-0.976751
-3.069325
-4.062951
-3.225006
-1.553775
-0.804768
0.331454
2.233306
4.429076
5.852836
4.795794
2.195593
-0.919305
-2.665108
-3.457504
-3.050687
-1.464779
-0.664144
0.530606
2.656422
4.498675
5.260489
4.296106
2.223495
-0.644759
-3.456013
-4.056760
-3.417282
-1.569577
-0.603772
0.212272
1.291361
3.911103
4.922677
3.858650
2.029681
-1.116932
-3.060065
-4.143986
-3.091981
-1.622266
-0.807720
0.737622
2.847633
4.530843
5.416377
4.293853
1.606344
-1.203493
-3.151449
-4.356845
-3.102415
-1.122030
-0.271528
0.282231
2.090117
4.394329
5.587314
4.652144
2.178498
0.009622
-2.142971
-3.244534
-2.649657
-1.333870
-0.540952
0.331804
2.577428
4.728189
5.785262
4.822169
2.991148
0.178691
-1.664488
-2.456667
-1.557464
-1.277025
-0.083565
1.351509
3.650865
5.137504
5.817529
4.849357
2.708857
0.031075
-1.899837
-2.373083
-2.040939
-0.494625
0.604943
1.635262
3.084319
5.280025
5.936728
4.990699
2.410995
-0.195238
-1.910128
-2.133962
-0.801722
0.812118
0.814409
2.282642
3.751353
5.367898
6.578544
5.841739
3.134159
0.570523
-1.721184
-2.622903
-2.219459
-0.856738
0.389779
1.458211
3.039406
4.693080
5.836284
5.817061
2.752585
0.603442
-1.785370
-2.604611
-1.762025
-0.313500
0.253336
1.465291
3.081273
5.186229
6.000335
4.895303
3.028384
0.526825
-1.520407
-2.157933
-1.406104
-0.407586
0.050132
1.324982
3.210734
5.708722
6.769370
6.020434
3.533824
0.781388
-1.024858
-1.552746
-1.274765
-0.143714
0.747697
2.181218
4.023132
5.386256
6.477023
5.205459
3.221454
0.637303
-1.650177
-2.402562
-1.971147
-0.269790
0.755503
1.658781
3.969071
5.684327
6.269965
5.235888
3.126536
0.700590
-1.318862
-1.958156
-1.372099
0.132045
0.903038
1.928123
3.706408
6.059810
6.733462
5.773658
3.805734
1.241059
-0.852688
-1.858142
-1.960143
0.293498
0.934515
1.879786
4.217493
6.038035
6.290109
6.181399
3.759817
1.072101
-0.753172
-1.322209
-0.349275
0.226491
1.278754
2.312766
4.479829
6.005023
6.952510
6.300015
3.840901
1.483767
-0.814444
-1.239877
-0.762510
0.690221
1.410958
2.423806
4.513558
6.547736
6.546649
5.857284
3.760926
0.927828
-0.943999
-2.074477
-0.826889
0.395259
1.394633
1.937722
3.769484
5.787885
6.631083
5.717652
3.272092
0.874216
-1.355071
-1.937101
-1.316513
-0.088487
0.487871
1.528000
3.847879
5.780517
6.318278
5.253781
3.223538
1.090497
-0.943882
-0.834120
-0.180615
0.374141
0.736629
1.831650
4.105405
6.052924
6.698588
6.149276
4.219104
1.508886
-0.478084
-0.939971
-0.107369
1.225873
1.608340
2.542884
4.472706
6.737466
7.129199
6.107867
3.836208
1.068126
-0.763858
-1.110421
-0.207999
0.758304
1.046968
2.528577
4.230076
6.913482
7.256955
6.708238
4.217896
1.254549
-0.825369
-1.000078
0.149571
1.217465
1.444350
2.549213
4.248002
6.443736
7.115413
6.093101
4.185777
1.585175
-0.311744
-0.942765
-0.162757
0.756289
1.463460
2.119182
4.381463
5.820441
6.971908
6.183173
3.956684
1.172911
-1.277216
-1.626360
-0.502509
0.943685
1.588502
2.918236
4.358679
6.065278
6.729690
6.258567
3.914796
1.341948
-0.952964
-1.510532
-0.617145
0.928798
1.162147
2.244905
4.340580
6.097819
6.695424
5.919688
3.365129
0.916699
-1.236881
-1.150067
-0.494655
0.665080
1.447833
2.276277
3.868989
5.427737
6.182488
5.195884
3.311572
1.344976
-0.833157
-1.547644
-1.011352
0.422807
1.497308
2.312359
3.828702
6.082421
7.067164
6.673924
4.520020
1.838085
0.245400
0.121963
0.411485
1.004645
1.724713
2.747837
4.505407
6.769614
7.076861
6.203698
4.129402
1.160987
-0.828876
-1.731980
-0.693786
0.579728
1.257328
2.538879
4.518905
5.974965
7.296752
6.667609
4.036664
1.504854
-0.683782
-0.867966
-0.211827
0.650971
1.141171
1.890124
3.786420
5.992412
6.167075
5.643376
4.104298
1.357349
-0.825109
-1.301666
-0.692616
0.884910
1.883592
2.811427
4.617660
6.775077
7.375506
6.201934
4.482710
1.914345
-0.143954
-1.375653
-0.463550
1.014989
1.843507
2.716056
4.446912
6.422648
7.247233
6.053233
4.225977
1.106115
-0.683256
-1.029159
0.283124
1.344209
1.621428
2.385279
4.712195
7.012561
7.122729
6.273162
4.174428
1.701295
-0.496289
-1.115913
-0.359410
1.242370
1.388898
2.309557
4.703788
6.723208
7.470843
6.114554
4.083014
1.711744
-0.039269
-0.501717
-0.377262
0.421546
1.326853
2.667021
4.381776
6.299258
6.570212
5.718516
3.396922
0.767097
-0.838769
-1.848198
-1.425777
-0.076255
0.668171
2.010301
3.908850
6.175508
7.302001
5.575650
4.073480
1.628973
-0.545017
-0.851320
0.953177
1.765412
1.570220
2.780698
4.412446
5.802281
6.693957
6.157870
3.920030
1.260778
-0.674915
-1.147131
-0.285529
1.307172
1.848006
2.308352
3.979198
6.650718
7.108603
5.882266
3.616448
1.181400
-0.894492
-1.756410
-1.233168
0.329551
1.300427
1.985547
3.919615
6.572448
7.359031
5.973300
3.355151
1.293524
-0.226466
-0.550221
-0.002330
1.321160
1.756034
2.306775
4.020126
6.040748
6.741996
6.078586
4.112798
2.030680
0.112528
-0.331056
0.507863
1.629397
2.404210
2.743716
4.108133
6.044921
6.777045
5.843223
3.977583
1.295508
-0.290056
-1.616083
-0.614537
1.069207
1.588902
2.862145
4.526160
6.369573
6.724616
5.792724
3.221420
0.933410
-0.429785
-1.074191
-0.351747
0.391149
1.456046
2.282530
4.034061
6.534656
7.231509
6.049159
4.097678
2.003406
-0.098301
-0.864337
0.279880
1.405646
2.475827
3.174298
5.343768
6.981723
7.417354
6.578799
4.050842
1.307547
-0.387447
-1.439042
-0.173055
0.835019
1.710187
2.453308
4.627761
6.306645
6.968137
6.002799
3.881303
0.888701
-1.191995
-2.027849
-0.994433
1.034806
2.415277
2.719316
3.566717
5.715789
6.106524
5.201240
3.407605
1.010574
-1.028813
-1.939504
-0.893188
0.374684
1.211165
2.621685
4.231380
5.860152
6.612117
5.683570
3.558751
1.261420
-0.711709
-0.993237
-0.240438
0.334407
1.059048
2.582104
4.768495
6.320888
7.237365
6.839658
4.023238
1.548869
-0.143421
-0.322884
0.698207
1.594872
1.800012
2.715549
4.611476
6.068194
6.874328
5.961886
3.998138
1.681421
-0.011264
0.177470
0.827027
1.716699
2.398923
2.916091
4.572368
6.892409
7.022441
6.500201
3.648171
1.690079
0.391613
-0.607125
-0.167672
0.634482
1.673453
2.289267
4.931651
7.003646
7.413907
6.526458
3.960994
1.432258
-0.878465
-1.337446
-0.419950
1.124984
2.310283
3.092418
4.482497
6.193963
6.584624
5.866691
4.130414
1.949848
-0.174306
-0.710173
-0.161616
0.935798
1.519971
2.421717
4.599830
6.891463
7.331365
6.248824
4.274145
1.433513
-0.768456
-1.582851
-0.914598
0.333200
1.493745
2.756851
4.599204
6.192218
7.155860
6.726329
4.084319
1.494896
-0.509218
-1.297775
0.353332
1.188306
1.134577
2.410099
4.420360
5.982020
7.073524
5.922610
3.976295
1.998059
0.057401
-0.231360
0.556670
1.550858
1.933583
2.644385
4.165538
5.969134
7.486014
6.671409
3.960310
1.204323
-1.035151
-1.508328
-0.001414
0.930598
1.578990
2.649896
4.330701
6.063472
6.576718
5.864638
3.599704
1.221989
-0.915926
-1.107697
-0.569975
0.149417
0.999766
1.749045
3.579934
5.665618
6.469333
6.021731
3.615768
1.340653
-0.953819
-1.223654
0.141984
1.212834
1.972865
2.534886
4.486119
5.704825
7.015531
5.743972
3.731596
0.916750
-1.234808
-1.024820
-0.412440
0.706546
1.381431
2.285580
4.188432
5.535716
6.647704
5.561542
3.739737
1.859388
0.314691
-1.159900
-0.629394
0.906619
2.100345
3.397815
4.756255
6.268226
6.602977
5.824660
3.801382
0.973437
-1.356497
-1.865832
-0.907264
0.576089
1.174684
2.074576
3.712956
5.937484
6.855704
5.978404
3.966852
1.212818
-1.022317
-1.858977
-1.187445
0.202624
1.110089
2.708018
4.915219
6.681773
7.010444
6.306453
3.787660
1.215013
-0.411242
-0.885406
-0.362311
0.546456
1.296036
2.538915
4.855664
6.657796
7.368011
6.574527
4.222453
1.401763
-0.605878
-0.734807
-0.203073
1.044267
1.629365
2.606793
5.385871
7.402358
7.683190
6.865043
3.985479
1.261183
-1.105469
-1.374521
-1.105863
0.299165
1.445662
2.087237
4.082443
6.009236
6.925960
5.569688
3.727945
1.449657
-0.981463
-0.987631
-0.428395
0.849376
1.674712
2.674421
4.448397
6.008613
6.034032
5.752967
3.859246
1.623944
-0.635273
-1.081095
-0.504804
0.662951
1.621650
2.299525
3.848580
5.748874
7.010165
6.155684
4.441997
2.084845
0.281266
-0.965342
-0.205531
0.450852
1.716014
2.606117
4.540146
6.359830
7.957042
6.527997
3.547915
0.955636
-1.135257
-1.382630
-0.777886
0.180848
1.664540
3.110929
4.335928
5.846122
6.396981
5.383803
2.972512
0.590776
-1.405741
-1.307176
-0.183873
0.417006
1.358212
2.108928
3.585747
5.889106
6.732921
5.884286
3.356648
1.257766
-0.687324
-1.338028
-1.077416
0.253699
1.186167
2.776237
4.359267
6.086753
6.631925
5.651027
3.061149
0.230753
-1.655251
-1.942287
-0.635037
0.001987
0.474270
1.888291
3.112187
5.192306
6.397222
5.518119
3.263472
1.224745
-0.410613
-1.197223
-0.729918
-0.049335
0.680739
1.737420
3.804019
5.489474
6.224534
5.748080
3.619397
1.097464
-1.062325
-1.283501
-0.261350
0.131236
0.794535
1.863296
3.597240
5.539241
5.919721
4.858428
2.912299
0.665116
-1.318974
-1.420035
0.008033
0.928632
0.938412
2.240472
3.884460
5.444524
6.035453
5.546350
3.012782
0.821041
-0.630054
-1.809843
-0.996522
0.075473
1.348180
2.439596
4.160415
5.893258
6.855681
5.794747
3.450504
0.886300
-0.844524
-1.448943
-1.101906
0.335774
1.256080
2.384184
4.375896
6.546765
7.019843
6.381644
3.974363
1.005021
-1.323308
-1.885615
-1.305172
-0.012225
1.077891
2.101354
4.159314
6.359015
7.086417
6.122893
4.058270
1.261568
-0.420501
-1.150154
-0.548942
1.018474
1.487331
2.369649
4.288041
6.679305
7.495873
6.064399
3.794854
1.050865
-0.848086
-1.513032
-0.988929
0.015967
0.548189
2.195920
4.243062
5.966987
6.404021
5.565127
2.938359
0.671885
-1.061676
-2.094947
-1.305768
-0.366251
1.186442
2.540310
4.245375
5.873609
7.007949
6.299546
3.865970
0.900629
-1.251811
-1.969673
-0.891010
0.731723
1.115056
1.630969
4.275301
6.484229
7.103448
5.981353
3.646726
1.081072
-0.770553
-0.950175
-0.704338
0.354997
1.340985
2.066972
4.055829
5.984385
6.730123
5.949225
3.959406
0.980036
-0.670256
-0.893667
-0.332232
0.507169
1.279656
3.004317
4.678931
6.448323
7.624759
6.539042
4.359632
1.759027
0.030254
0.085739
0.183026
0.721086
1.478559
2.355437
4.358586
6.555490
7.196147
6.122787
3.657612
1.255120
-0.750192
-1.348573
-0.833142
0.287322
0.899373
2.313164
4.438903
7.048606
7.113936
6.034755
3.840159
1.085093
-0.444522
-1.389744
-0.404622
0.290347
0.907513
1.989324
3.797297
5.899558
6.991506
6.234389
3.642138
1.059451
-1.110589
-1.276480
-1.318899
0.290910
1.056858
2.291752
4.128620
6.046809
6.724004
5.821446
3.602955
0.865207
-1.186412
-1.383027
-0.596935
0.268733
0.466146
2.005845
4.707950
6.496903
6.808604
5.891488
3.525861
1.539487
-0.920779
-1.985293
-0.894915
0.337546
1.078369
2.273106
4.051692
5.661355
6.167193
5.448630
3.640745
0.839319
-1.435620
-2.040349
-1.650746
0.138204
1.407420
2.086397
3.804772
5.686629
6.613418
5.722669
3.081079
0.272683
-1.277312
-1.350635
-0.888977
0.554673
0.949853
2.417082
4.058590
6.158271
6.293746
5.664006
3.385224
0.862354
-1.204379
-1.938018
-1.340100
0.070317
0.879993
1.942901
4.409410
5.919894
6.314765
5.201730
3.214622
1.117273
-0.920276
-1.379493
-0.659490
0.007371
1.079385
2.040576
3.586098
5.708423
6.539714
5.559796
3.628778
0.773621
-0.892882
-1.022782
-0.930245
0.272408
1.068059
2.132837
4.373625
6.418029
7.261292
6.330955
3.591687
1.406928
-0.267859
-1.542192
-0.966461
0.631953
1.519489
2.548387
4.500878
6.296069
6.904796
5.966098
4.018733
1.613517
-0.473870
-0.879423
-0.507772
0.544003
1.607594
2.078292
4.221972
6.422187
6.908446
5.830464
4.148672
1.951859
-0.612487
-0.966933
-0.698710
0.385903
1.400604
2.789178
4.942513
7.266116
7.409112
6.376714
3.680820
2.105385
0.058854
-0.772881
-0.203992
1.268451
1.652263
2.174553
3.702359
5.807910
6.681823
5.926169
4.349290
1.487464
-0.379696
-1.228893
-1.016544
-0.072446
1.373991
2.141889
4.155820
6.208335
6.397807
5.578219
3.555094
0.805161
-1.600412
-2.279549
-1.718360
0.043145
0.740366
1.290507
3.575437
6.090354
6.788054
5.774718
3.868078
1.107444
-0.994640
-1.986203
-1.414843
-0.290025
0.827554
1.847351
4.211665
6.014037
6.553939
5.604131
3.675817
1.020327
-1.128511
-1.842608
-1.578361
-0.448879
0.584574
1.939009
3.805945
6.140374
6.874301
6.113429
3.604877
1.277323
-0.894692
-1.351170
-0.878176
0.564666
1.514585
2.717071
4.468403
6.611569
6.723041
5.850692
3.238862
1.241274
-0.922661
-1.897059
-1.197918
-0.130355
0.506993
1.687926
3.574128
5.923617
6.136386
5.879619
3.513916
1.162902
-0.418390
-0.683944
0.301486
1.602693
1.324352
1.974270
4.214782
5.893321
6.648179
6.228761
3.673594
1.163931
-1.010313
-1.426671
-0.487439
0.978383
1.778121
2.448829
4.735705
6.718299
7.043223
5.768840
3.837123
0.498755
-1.618257
-2.234943
-1.526211
0.099774
0.646731
1.857674
3.789930
5.647922
6.071235
5.615066
2.694067
0.002315
-1.777715
-2.467929
-1.631207
-0.441440
0.350603
1.227701
3.034189
4.875087
5.610862
4.581141
2.581571
0.527635
-1.900118
-2.444242
-1.061050
-0.150472
1.369463
2.543397
4.086056
6.020171
6.710341
5.461249
3.669996
1.042650
-1.108923
-1.934038
-0.855959
0.287511
1.667134
2.468534
4.424068
5.932006
6.993556
5.666934
3.607029
0.732445
-1.377521
-1.702725
-0.577762
0.531327
1.041874
2.076670
4.081802
6.157828
6.703395
6.123790
3.478269
0.923100
-0.965481
-1.634809
-0.501808
0.862075
1.549759
2.971396
4.236003
6.424033
7.062999
6.402644
3.830771
0.819917
-1.135006
-2.380288
-1.601636
-0.504094
0.421101
2.018272
4.278766
6.020879
6.601304
6.123038
3.874438
1.244001
-0.710169
-1.432190
-0.478396
0.284799
0.612694
1.541080
3.989123
5.814916
6.324924
4.902833
2.616746
0.168265
-1.704086
-1.715548
-1.039319
-0.015632
0.848786
1.678225
4.018586
6.093202
6.643771
5.046576
2.773451
0.683018
-1.224785
-1.837129
-1.090453
0.235864
1.321890
2.917373
4.797002
6.292766
6.766742
5.759635
3.677620
0.982100
-1.452303
-2.016299
-1.285727
0.265656
1.380717
2.618011
4.196231
6.618651
6.970614
6.167167
3.566594
0.586800
-1.303348
-2.228792
-1.025800
-0.023406
1.163448
2.135708
3.941737
5.834575
6.282670
5.545842
3.494669
0.725535
-1.238779
-1.689428
-0.822347
0.664067
0.993776
1.507752
3.679407
5.637385
6.203160
4.934569
2.847992
0.242450
-1.698444
-2.572477
-1.157644
-0.440916
1.008991
2.020744
3.690239
5.385844
6.457341
5.239747
3.705055
1.145821
-1.311159
-2.169330
-1.305377
-0.193478
0.440665
1.702042
3.506114
5.949145
6.483148
5.448924
3.015852
0.496611
-0.967690
-1.609158
-1.253439
0.010276
1.306324
1.891653
3.805744
6.051257
6.379153
5.726487
2.812678
0.255303
-1.843426
-2.416407
-1.387465
-0.185851
0.964903
1.753386
3.542116
5.867976
6.193191
5.388347
2.944606
0.471573
-1.580976
-2.450447
-1.839364
-0.134614
0.546404
1.725129
3.709548
5.874560
6.293399
5.315135
3.341700
1.172186
-1.280500
-1.616870
-1.025271
0.135388
0.845549
2.207102
3.965780
5.902328
6.791207
5.976516
3.591962
0.764998
-1.725098
-2.528309
-1.813547
-0.537239
0.673508
1.871147
3.955420
5.405734
6.668967
6.214583
4.062942
1.404592
-0.904829
-2.160197
-1.631706
-0.374599
0.437208
2.228085
3.872668
5.999038
5.962832
5.190940
2.845009
0.403743
-1.517398
-2.264298
-0.814572
0.242900
0.942475
2.003052
4.049902
6.085952
6.635402
5.983500
3.468674
0.902847
-0.654199
-1.540724
-1.097407
0.028079
0.427160
1.625401
4.037707
6.098788
6.712249
5.374854
2.950826
0.594579
-1.719554
-2.261821
-1.384066
0.432132
1.536121
1.922385
3.969749
6.201186
6.911113
5.519971
3.338117
0.710588
-0.840892
-1.733064
-1.083220
0.266620
0.918210
2.368255
4.102922
6.174087
6.901723
5.326303
2.899742
0.422887
-1.277123
-2.253518
-1.613018
0.298453
1.518044
2.171080
3.557270
5.629663
6.225234
4.941283
2.824297
0.588620
-1.719886
-2.107357
-1.498196
-0.161666
0.650758
1.942647
3.805253
5.403285
6.454303
5.628806
3.738733
1.238213
-0.581235
-1.398894
-0.543720
0.680169
1.107602
1.837364
4.162230
6.524217
7.015559
5.432803
3.535542
0.238439
-1.025646
-1.624753
-0.950909
0.237317
1.491537
2.854632
4.460025
6.674285
7.136807
5.620076
3.767232
1.145551
-0.497127
-1.544302
-0.640729
0.920585
1.652661
2.870644
4.337124
5.859122
6.632846
5.505198
3.223439
0.999003
-1.238532
-2.025932
-0.866128
-0.175950
1.002811
1.787839
3.777484
5.988227
6.366942
5.340438
3.490777
1.153959
-0.501985
-0.653816
-0.255687
0.676921
1.395215
2.354922
4.065048
5.943013
6.671782
5.690906
3.504285
1.087453
-0.867411
-1.366099
-0.569591
1.038194
1.371642
2.486902
4.884879
6.365617
6.844172
5.876193
3.597727
0.936934
-1.121200
-2.076089
-1.090974
-0.156749
0.901427
2.556059
4.305182
6.548205
7.370093
5.655698
3.824860
0.959896
-0.946245
-2.017902
-1.446058
-0.275331
0.921173
2.092292
4.301429
6.430556
7.104934
5.852662
4.170840
1.377119
-0.993992
-1.282198
-0.338109
0.709113
0.862509
2.376142
4.115972
5.894416
6.783463
5.608260
3.222289
0.360356
-1.001788
-1.261812
-0.498066
0.283891
1.512582
2.100836
3.557070
5.337626
5.787192
5.106982
3.083898
0.562638
-1.685295
-1.651655
-0.782274
-0.045772
0.736953
1.853222
3.410858
5.912581
6.879653
5.894000
3.517672
1.032709
-1.028393
-1.922916
-1.158628
0.266362
0.756782
2.423440
4.270081
5.972869
6.746825
6.129195
3.707186
1.021996
-1.133972
-1.668594
-0.983501
0.139132
1.054211
1.595950
3.912580
5.896571
6.663249
5.652472
3.205057
0.915247
-0.605810
-0.667473
-0.411550
0.193080
0.925489
1.521279
3.972144
6.064351
6.806762
6.076747
3.005378
0.462708
-1.525151
-1.859509
-1.144332
0.312575
1.584522
2.926721
4.267798
6.032290
6.620120
5.229262
3.389465
1.052800
-1.363919
-1.896932
-0.681571
0.319650
1.222105
2.590438
4.347352
5.927791
6.453326
5.971797
3.532798
1.151088
-0.701993
-0.939436
-0.217109
1.162532
1.158157
2.129478
4.323743
6.085681
6.965192
5.629058
3.684843
0.987863
-0.735606
-1.909037
-0.571660
0.885152
1.241711
2.819941
4.837844
6.142573
6.774055
5.624610
3.584203
0.916432
-0.794204
-1.489185
-0.848166
-0.018949
1.152511
2.029434
4.293694
6.197532
7.429427
6.474277
3.946404
1.131356
-0.844810
-1.992233
-1.496199
-0.349888
0.452091
1.836833
4.445617
6.638549
7.380849
5.895457
3.574127
0.960075
-1.087230
-2.126215
-0.606413
0.919978
1.733433
2.012947
4.443433
6.634700
6.884534
5.703860
3.849132
1.410571
-1.434975
-1.938206
-0.556662
0.497376
1.179151
2.483853
4.323071
5.894038
6.820197
5.936677
3.195470
0.777154
-1.027512
-1.286737
-0.538213
0.177482
0.886656
1.833650
3.964885
5.862422
6.562583
5.776896
3.297162
1.071266
-1.227893
-1.782682
-0.886012
0.558618
1.060478
1.767894
3.615880
6.382976
6.933825
5.752891
3.656764
1.496261
-0.854471
-1.608055
-1.221509
-0.107955
0.720848
2.268196
3.942841
5.663157
6.228240
5.712237
3.045896
0.374008
-1.626535
-1.570758
-0.836545
0.169686
1.196970
2.330905
3.981194
6.226785
6.809966
6.132112
3.492880
0.678487
-1.117268
-1.732203
-1.728861
-0.471715
0.690652
1.670677
3.929069
6.083310
6.944022
5.939967
4.063208
1.359931
-0.448096
-0.932828
-0.885083
0.428285
1.426301
2.533505
4.306146
6.038281
6.340425
5.564366
3.456224
0.904761
-1.145530
-2.734387
-1.762006
-0.146162
0.632369
1.707284
3.510250
5.883542
6.502900
5.543456
3.327518
0.543361
-1.380558
-2.431011
-1.397029
-0.323216
0.479808
1.963842
3.710720
5.753160
6.591271
5.076241
2.824503
0.526692
-1.860544
-2.290648
-1.717428
-0.472838
0.368468
1.095075
3.358118
5.447082
6.534484
5.746322
2.958620
0.615410
-1.160446
-1.556368
-0.615365
-0.339664
0.247406
1.213704
3.299925
4.864739
5.997056
5.126718
3.593800
0.917474
-1.243299
-2.024623
-1.122993
0.282767
1.144261
1.404296
3.513865
5.633998
6.503139
5.931407
3.615740
0.785233
-1.705453
-2.676673
-2.030913
-0.409831
0.542384
1.942177
4.114896
5.917134
6.836471
5.393699
3.222421
0.252783
-1.722135
-2.616963
-1.793165
-0.932691
0.152439
1.439941
3.663787
6.071361
6.927978
5.809188
3.489736
0.947748
-1.519486
-2.517189
-1.857139
-0.568161
0.757879
1.506575
3.294689
5.807765
6.468345
5.560063
2.854265
0.555380
-1.860888
-2.434994
-1.387431
-0.680156
0.393270
1.805301
3.446831
5.480044
6.618880
5.639888
3.396354
0.940388
-1.061235
-1.204300
-0.178752
0.802194
1.270265
1.981634
4.938895
6.317464
7.102191
5.328097
3.193817
0.657072
-1.351592
-1.897876
-1.072950
0.102296
0.304986
1.541240
3.703465
5.847835
6.907598
5.558515
3.293601
0.494831
-1.697012
-2.437015
-1.683022
-0.620445
0.376036
1.489167
4.056839
5.780959
6.513762
5.442422
2.812617
0.343222
-1.713236
-2.659128
-1.885780
0.223117
0.882343
1.836447
4.052016
5.445586
6.396689
5.318992
3.273005
0.683878
-1.851761
-2.364988
-1.454749
0.137799
0.803397
1.937030
3.869284
5.976211
6.618091
5.463355
3.319222
0.372364
-1.773303
-2.543606
-1.514026
-0.630743
0.449859
1.610672
3.659524
6.205443
6.671111
6.066823
3.891954
0.786933
-1.729695
-2.199250
-1.234825
-0.636477
0.478313
2.120317
3.965280
5.408633
5.741275
5.030477
2.862998
0.667758
-0.667343
-1.432042
-1.121746
0.547771
1.144951
1.862413
3.924893
6.353824
7.055839
6.254420
3.874489
1.035680
-1.283398
-1.832791
-1.658813
0.259459
0.888462
2.358645
4.797576
6.477912
6.635768
5.602159
3.208601
0.751400
-1.216566
-2.006986
-1.405611
0.029386
0.425410
1.817225
3.878048
5.493188
6.115708
5.217587
3.879769
1.427235
-0.695661
-1.080263
0.132932
0.005593
0.913909
2.072454
3.876729
6.025958
6.940721
5.532454
2.966459
-0.027320
-2.084680
-2.355372
-0.764621
0.392236
0.725435
1.467711
3.737023
5.648456
6.621558
5.488406
3.425921
0.437036
-1.665938
-2.036874
-1.040289
0.228820
0.615139
1.729087
3.325797
5.984721
6.717990
5.244285
3.061911
0.045603
-1.400946
-1.914704
-1.960508
-0.135442
0.444799
0.881372
3.028745
5.614875
6.467595
5.634753
3.245121
0.533215
-1.577413
-2.618776
-2.075250
-1.119512
0.059185
1.270593
3.316868
5.776475
5.730376
5.261104
2.994355
-0.045188
-2.267632
-3.355694
-1.774075
-0.323813
0.346560
1.290423
3.421491
5.140429
6.385394
5.227521
2.748426
0.339872
-1.480998
-2.507608
-2.168371
-0.528975
0.377205
1.643197
3.440597
5.130614
5.850596
4.961135
2.940260
0.673491
-1.588909
-2.386537
-1.062638
0.486167
0.550653
1.550934
3.985721
6.233878
7.469661
6.910020
3.671756
0.978993
-1.367201
-1.386264
-0.830387
0.018553
1.087767
2.064540
4.342417
6.338962
7.006038
5.952418
3.136711
1.008107
-1.150600
-1.953835
-1.220485
-0.050677
0.862105
1.334299
3.426049
5.750422
6.116961
5.747430
3.515879
0.764221
-1.437398
-1.594096
-0.977809
0.181262
0.964682
2.096515
4.065075
6.555987
7.257400
5.991395
3.520861
1.106607
-0.787014
-1.824865
-0.871929
0.026724
1.234071
1.588980
4.134565
6.161056
7.233047
5.844039
3.404496
0.652143
-1.515667
-2.179756
-1.793882
-0.464546
0.681234
1.677867
3.919498
6.057876
6.421311
5.526641
3.479702
0.663367
-1.669371
-2.687738
-1.977765
-0.229370
0.755879
1.591685
3.802842
5.870879
6.622830
5.393771
2.844142
0.198345
-2.217854
-2.355356
-1.579419
0.270751
0.967470
2.436496
3.709725
5.717158
6.921617
5.285071
3.548298
0.610795
-1.178089
-1.684566
-1.102564
-0.065213
0.479329
1.444438
3.466123
5.815162
6.284335
5.241172
3.041433
0.973877
-1.528763
-2.556312
-1.874442
-0.481890
0.669168
1.811224
3.619664
5.144122
6.278872
5.661340
3.076570
0.325915
-1.318244
-1.783657
-1.042532
-0.124812
0.832886
1.988960
3.906541
5.696713
6.315946
5.208583
2.892930
0.437707
-1.729573
-2.225160
-1.454925
0.000277
0.839890
1.549171
3.862020
5.632289
6.249705
5.018949
2.735500
-0.204998
-2.518120
-2.671330
-1.859224
-0.711202
0.201340
0.976667
2.910561
4.813491
5.740108
4.907577
3.443519
0.755627
-1.859158
-2.501852
-1.193933
0.348603
0.549581
1.674743
3.931707
6.100951
6.795417
5.207004
3.352364
1.157140
-1.274818
-2.365046
-1.320138
-0.028610
0.844348
1.818119
4.017236
6.294219
7.399356
5.944983
3.495952
0.834352
-1.607796
-2.416569
-0.597835
0.506509
0.999366
2.052839
4.177527
6.220321
7.108386
5.926837
3.320146
0.744472
-1.359112
-1.402610
-0.385323
0.429130
1.114649
2.015027
4.060705
5.491887
6.294639
6.092223
3.765741
1.047193
-0.704792
-1.338158
-0.837481
0.376534
0.647442
1.708662
3.872994
6.353419
6.924541
6.204707
3.599587
1.079432
-0.893832
-1.899316
-1.622936
-0.072889
0.648743
2.379194
4.293463
6.279368
6.735145
5.738860
3.289194
0.306126
-1.326962
-1.606473
-0.854568
0.293097
0.333239
1.230740
3.562739
5.304149
5.508122
4.808322
2.171798
0.107788
-2.278110
-2.948420
-2.333584
-0.612204
0.604009
1.418333
3.782945
6.127551
6.194314
4.877351
3.169392
-0.112197
-2.130806
-2.222533
-1.974584
-0.779669
0.313734
1.573093
3.431563
5.152480
5.799014
5.192584
2.618063
0.814282
-1.188074
-1.772906
-1.578799
-0.377726
0.277259
1.791832
4.210275
6.355105
6.830844
5.742507
3.403710
0.833415
-1.200282
-1.550850
-0.860022
0.395585
1.371777
2.636155
3.825914
5.619107
6.001090
5.019567
2.834248
-0.283251
-2.260288
-3.372411
-2.720440
-0.990022
0.510279
1.793793
3.635328
4.965350
