7.073537
5.413640
2.827105
0.182445
-2.147162
-2.461771
-2.085080
-0.833289
0.348341
1.618142
3.863427
5.346437
6.067033
5.146554
3.045181
0.517377
-1.541285
-2.750775
-2.245872
-0.674682
0.281664
1.221673
3.501891
6.291291
7.086289
6.192201
3.775164
0.989456
-1.586370
-2.109977
-1.463973
-0.403545
0.527675
1.584891
3.655103
5.776696
6.581372
5.571958
3.554230
0.868088
-2.075413
-2.620895
-1.751765
-0.861226
0.435126
2.259809
4.268546
6.600629
7.633931
6.352777
3.199442
0.340775
-1.518879
-2.598953
-1.188960
0.240454
0.961662
2.223289
4.293964
6.692636
7.257112
6.111146
3.544461
0.822753
-1.349032
-1.985854
-0.726513
0.071016
0.296571
1.467319
3.416611
5.497993
6.677064
5.243739
3.289187
0.877412
-1.445724
-2.144335
-1.531416
0.155966
0.830050
1.616600
4.162505
6.130551
6.395036
5.200891
2.925603
-0.204278
-2.342925
-2.776075
-1.713352
-0.533759
0.135370
1.171873
3.110158
5.089887
5.949483
4.883649
2.472394
-0.040272
-2.443946
-3.403792
-2.791013
-1.036574
0.222835
1.647763
3.600257
5.766747
6.576028
5.608518
3.027243
0.294411
-2.559013
-3.095854
-2.622601
-1.055968
0.129839
1.422173
3.437008
5.352025
5.799752
5.218884
2.145655
-0.456380
-2.550319
-3.260810
-2.342138
-1.114099
-0.194033
1.161484
3.222094
5.368295
6.202840
5.205564
3.282623
0.415449
-1.995245
-2.880626
-2.046723
-1.021607
-0.175952
1.328968
3.461721
5.327024
5.892959
4.970897
2.910459
-0.013233
-1.819968
-2.803432
-2.130304
-0.893802
-0.028322
1.776455
3.858106
5.478581
5.964953
4.876340
2.664790
-0.041716
-2.458653
-3.173247
-1.951041
-0.797088
0.243580
1.579455
4.219006
5.940167
6.421023
5.615991
3.045475
0.723510
-1.870086
-2.633190
-1.524329
-0.358549
0.498507
2.066382
3.829796
5.563058
5.914823
4.978131
2.878715
0.262841
-1.504399
-1.970952
-1.163556
-0.183100
0.555709
2.000163
3.970504
5.521008
6.267186
5.330657
3.117043
0.614054
-1.575637
-2.836516
-1.891893
0.111127
1.141266
2.346455
4.184622
6.458638
6.592767
5.568528
3.154758
0.161168
-1.605129
-2.331815
-1.553885
-0.192719
0.646570
1.950119
3.425181
5.478581
5.738442
5.059392
2.906349
0.475485
-1.697407
-2.802373
-2.395572
-0.384316
0.512673
1.555958
3.212760
5.309663
6.401925
5.030919
3.142063
-0.007751
-2.461426
-3.266547
-2.115708
-1.240229
-0.023610
1.196424
3.300822
5.567647
6.102815
4.910352
2.086492
-0.555529
-2.565406
-3.142735
-2.300395
-0.649651
0.053854
1.508464
3.486567
4.981893
4.778609
4.148618
2.149267
-0.018717
-2.303926
-3.523772
-2.774515
-1.020238
0.192459
1.252869
2.828410
4.873744
5.404950
4.650244
2.689609
0.093587
-2.260356
-2.666341
-1.844281
-0.637584
0.343880
1.829034
3.106043
5.447267
6.198976
4.813714
2.494753
0.005544
-2.310618
-2.495090
-2.265622
-0.310102
0.515196
1.567109
3.470776
5.508817
6.175057
5.084489
2.232871
-0.661413
-2.422179
-3.149817
-2.362132
-0.710845
-0.294096
0.873464
2.799717
4.759778
5.323833
4.551227
2.464989
-0.315467
-1.798354
-2.362830
-0.843364
0.894193
0.569173
1.635281
2.788574
5.087613
5.634437
5.649579
3.185623
0.190025
-1.653409
-2.739694
-1.778395
-0.418477
0.616963
1.660808
3.356998
5.527804
6.137614
4.774285
2.502625
-0.198797
-2.237221
-2.620629
-1.347761
-0.576617
0.148941
1.183587
2.887523
5.064511
6.351502
5.747430
3.394358
0.587699
-2.116541
-3.032494
-2.444372
-1.098418
0.073955
1.516504
3.455219
5.531812
6.237851
4.959680
2.547463
-0.640270
-2.974242
-3.681548
-2.676377
-0.980467
0.189498
1.083662
2.656766
4.425588
5.841924
4.618487
2.146757
-0.592020
-2.243134
-2.782365
-2.030376
-1.145818
0.490683
1.618566
2.415082
4.381752
6.126637
5.201829
2.971867
0.207792
-2.095673
-2.375640
-1.928039
-0.792755
0.327077
1.578203
3.169186
4.907186
5.173039
4.024360
1.765730
-0.979933
-3.181261
-3.955010
-3.052563
-1.572678
-0.534733
0.988909
2.722264
4.268855
4.886651
3.623766
1.170867
-1.148199
-3.181163
-3.526667
-2.577908
-1.805831
-1.115327
0.111162
2.095204
3.797793
4.458595
3.194846
1.064115
-1.322089
-3.488622
-3.665404
-2.733553
-1.014825
0.006125
0.123609
1.529400
3.594454
4.622231
3.682437
1.164748
-1.549652
-3.720833
-4.059172
-3.041890
-1.841945
-0.630053
0.580612
2.635314
4.185919
4.782556
3.963156
1.513902
-1.451936
-3.486064
-4.044424
-3.067898
-1.493941
-0.031372
0.757339
2.592232
4.394404
4.821298
3.800460
1.180842
-1.139017
-3.108523
-3.667733
-2.212459
-0.900859
0.335328
1.024616
2.315786
3.903932
4.780026
4.018478
1.889665
-0.619596
-2.510701
-3.458879
-2.768518
-0.786147
0.099092
0.809130
2.936024
4.768025
5.320405
3.959175
1.881268
-1.046715
-2.787224
-3.312818
-1.727566
-0.924743
-0.574479
0.473285
2.378830
3.964339
4.391006
3.905600
1.856448
-0.482024
-2.601810
-3.381336
-2.612748
-0.773789
0.326287
0.510890
2.641447
4.502600
5.546090
4.608976
2.059053
-0.731932
-3.194931
-3.567849
-2.662097
-0.980188
-0.539335
0.666948
2.411185
4.560992
4.890382
3.896380
1.586712
-1.231780
-3.431163
-3.611603
-3.129973
-2.263927
-0.949574
0.199543
1.474086
3.824339
4.179132
3.564825
1.708422
-0.946830
-2.160428
-2.543953
-1.975881
-0.451875
0.055059
0.872217
2.321983
4.320460
4.647226
3.821626
2.239080
-0.917118
-3.214974
-3.960271
-3.018019
-0.998283
-0.375578
0.881430
3.067544
4.387813
5.033051
3.834273
1.702040
-1.018346
-3.254107
-3.110550
-2.485085
-1.277648
-0.739345
-0.089345
1.473849
3.804371
4.602979
3.784362
1.603732
-0.747438
-3.305629
-3.693820
-3.104508
-0.884244
-0.056377
1.439525
2.918841
4.120432
4.797187
3.280478
1.277429
-1.122601
-3.133457
-3.479262
-2.460622
-0.793687
-0.046020
0.970959
2.517992
4.154122
4.811110
3.403825
0.870800
-1.486209
-3.117868
-3.552808
-2.246754
-0.738765
0.081663
0.798535
2.342094
3.840648
4.673158
3.434350
0.747414
-1.794580
-3.789920
-4.446864
-3.459798
-2.438830
-1.345438
0.191815
1.951976
3.630683
4.204901
3.350302
0.995198
-1.642413
-3.906327
-4.290342
-3.519589
-2.067589
-0.862706
-0.320614
1.364530
3.145571
4.303223
3.794473
1.476290
-1.293797
-3.440436
-3.643501
-2.264974
-0.815545
0.057674
0.801701
2.368739
3.812433
4.934699
3.685079
1.436865
-1.478958
-2.955070
-3.456941
-3.012263
-1.674555
-0.296753
0.850676
2.816107
3.964293
4.463212
3.905108
1.600643
-1.969133
-3.609994
-4.076811
-3.182270
-1.749630
-0.392943
0.552869
2.532769
3.630480
4.198634
3.251455
1.233210
-1.398798
-3.515655
-4.076470
-2.807829
-1.456460
-0.719673
0.383364
1.628879
3.705976
4.166770
3.180619
0.996318
-1.651772
-3.387585
-4.160151
-2.991114
-1.368428
-0.527563
0.283585
1.804910
3.586904
4.099166
2.982930
0.698727
-1.661512
-3.804445
-4.111174
-2.740250
-1.643687
-0.988512
-0.021336
1.482787
3.350101
3.693214
3.119642
1.500282
-1.078169
-3.133316
-3.335648
-2.821080
-1.259596
-0.511313
1.272121
2.770292
4.581573
4.696843
3.588505
1.190809
-1.396914
-3.306473
-3.402684
-2.396400
-1.157474
-0.445680
0.579117
1.746158
3.548480
4.453091
3.051976
1.296371
-1.132579
-2.972248
-3.766075
-3.016466
-1.399462
-0.283312
0.255188
1.750469
3.250908
4.153558
3.252501
0.596997
-1.757943
-4.131778
-5.116957
-4.075153
-2.069575
-1.456785
-0.243997
1.395981
3.569720
4.035180
2.960588
1.160464
-1.321079
-3.580069
-3.850525
-2.849692
-1.067801
0.217441
1.156904
2.505730
3.752535
4.231757
3.371503
1.125370
-1.830273
-3.569122
-3.581830
-2.706506
-1.480443
-0.600331
0.184917
1.864076
4.338489
4.927575
3.339282
1.452579
-0.983197
-3.408459
-4.251190
-2.893476
-1.149247
-0.406559
0.605042
2.220918
3.883097
3.814322
2.954280
1.086717
-1.570235
-3.493117
-3.834365
-2.551549
-1.575894
-0.562206
0.045241
1.645496
3.465156
4.239444
3.094007
1.149626
-1.484326
-3.411536
-4.143800
-3.496521
-1.749889
-0.487510
0.008559
1.535760
3.348350
3.837066
2.669624
0.781691
-1.414735
-3.518526
-4.086340
-2.960188
-1.596824
-0.452621
0.528618
1.758376
3.496517
5.042779
3.742217
1.370209
-1.508351
-3.200253
-3.669501
-2.290871
-0.275191
0.697339
1.361214
2.119488
4.060863
4.925349
3.275624
1.303335
-1.416120
-3.728862
-4.386422
-3.199154
-1.656217
-0.535536
0.117469
1.467384
3.477028
3.628531
2.584743
0.342186
-1.799800
-3.950594
-4.358556
-3.312146
-1.789929
-0.805196
0.785230
1.754789
3.223880
4.217907
3.114933
1.471348
-1.354683
-3.898088
-5.076116
-4.202964
-2.026950
-1.294271
-0.132375
1.457166
3.565569
4.171892
3.215050
0.597934
-1.722054
-3.778538
-3.585446
-2.953801
-1.591243
-0.842530
0.591300
1.586560
2.929426
3.522100
2.827602
0.677879
-1.513206
-3.918400
-4.314612
-3.180376
-1.531993
-0.310922
0.197970
1.213030
2.890191
3.149017
2.069757
0.646401
-1.724356
-3.359561
-4.171856
-3.105494
-1.764121
-0.508767
0.097876
1.729530
3.279957
3.709822
3.221583
1.192376
-1.535294
-3.787071
-4.265917
-3.046785
-1.697364
-0.769266
0.189618
1.793719
3.463553
4.105829
3.134439
0.542750
-1.943717
-3.980053
-4.333371
-2.983937
-1.646829
-0.694938
0.570970
1.598754
3.537082
3.758971
3.056874
0.739431
-2.075505
-4.255156
-4.360535
-3.497122
-1.560361
-0.798532
-0.365139
1.187341
2.698305
3.118001
2.212595
0.118844
-2.565453
-4.599972
-4.914087
-4.186576
-2.218278
-1.144128
-0.618746
0.790424
2.184081
2.761245
2.146071
0.178235
-2.339886
-4.246130
-5.191720
-4.020956
-1.733825
-1.299789
-0.199556
1.094793
2.306263
3.238770
2.440508
0.221376
-2.315964
-4.476522
-5.230350
-4.205133
-2.585764
-1.051432
-0.878780
0.734427
2.749368
4.024967
3.703643
1.276129
-1.446948
-3.456319
-4.295336
-3.824749
-1.700257
-0.810775
-0.127558
1.695788
3.336936
3.593687
2.598785
0.444242
-1.800458
-3.489254
-3.989117
-3.198011
-1.449801
-0.651732
-0.150828
0.674777
2.433706
3.237758
2.097872
0.044726
-2.619542
-4.710681
-5.346272
-4.040061
-2.715607
-1.667439
-0.623776
0.508510
1.960154
3.134155
1.961989
0.169630
-2.256406
-3.815996
-3.859555
-2.780116
-1.554688
-1.153445
-0.276359
1.272110
2.524331
2.362000
1.380156
-0.559239
-2.886934
-4.620801
-5.265607
-4.110276
-2.407199
-1.289017
-0.662466
0.730143
2.386227
3.207441
2.188995
-0.237165
-2.833457
-4.944431
-5.545774
-4.537665
-2.298833
-1.062105
-0.999688
0.644482
2.182511
2.630911
2.155998
-0.546897
-2.956667
-4.297434
-5.069611
-4.387710
-2.397975
-1.166888
-0.524688
0.586591
2.126241
2.862809
2.649810
0.333532
-2.227449
-4.208532
-4.559395
-3.215738
-1.076261
0.038419
0.353864
1.854021
3.218548
3.468297
2.620502
-0.272695
-2.413040
-4.058043
-4.842583
-4.140628
-2.144023
-1.326838
-0.370262
1.059608
2.313295
2.757677
2.202631
-0.300335
-3.181151
-4.755987
-4.116608
-3.219924
-1.685626
-0.789208
-0.730744
0.255486
2.034817
2.380727
1.589455
0.216571
-2.001657
-4.092563
-5.077269
-3.808271
-2.427773
-1.080585
-0.095214
1.291186
2.401796
3.493313
3.040865
0.767019
-1.360018
-3.748624
-3.885675
-2.980208
-1.925414
-0.852454
-0.108391
0.682071
2.107602
2.857693
1.975494
-0.136888
-2.618194
-4.344011
-4.274911
-3.564793
-2.348685
-1.334706
-0.327091
0.886882
2.046084
2.680325
1.713621
-0.290327
-3.156326
-5.291600
-5.691586
-5.328739
-3.128314
-1.995493
-1.304540
-0.120979
1.464434
2.733831
2.046331
0.050879
-2.864365
-4.363156
-4.242290
-3.419285
-2.160703
-1.338963
-0.153272
0.850449
2.002934
2.197014
1.619680
0.139077
-2.256914
-3.928159
-3.934653
-2.230275
-0.147618
0.709273
0.141211
1.371711
2.492154
3.041796
1.936845
-0.217274
-2.574661
-3.864035
-4.725705
-3.566929
-1.944432
-0.688706
-0.101962
1.234715
2.913939
3.227861
1.783758
-0.210606
-2.862614
-4.702005
-5.164164
-4.231341
-2.709971
-1.500926
-0.494441
0.688239
2.963180
3.169654
2.351340
0.223013
-2.126458
-4.483419
-4.632325
-3.560232
-2.210961
-0.520467
0.284574
1.314671
2.179942
2.729386
1.546005
-0.321673
-3.154416
-4.967669
-5.896747
-5.369207
-3.350791
-1.976727
-0.711098
0.650076
2.098457
2.501148
2.132168
-0.731900
-3.034178
-5.358921
-5.580044
-3.689854
-1.872809
-1.206820
-0.803036
0.208005
1.619410
2.203507
1.310928
-0.839765
-2.698593
-4.457692
-4.781520
-4.161684
-2.074252
-1.048409
-0.282498
0.987999
1.953941
2.638554
1.428166
-0.743205
-2.812240
-4.264608
-5.217503
-4.049804
-2.327209
-0.946712
0.081477
1.124797
2.199020
2.260799
1.303219
-0.712605
-3.047175
-4.694407
-5.473540
-4.735291
-2.673266
-1.842475
-1.036951
0.143953
1.605798
1.590707
0.854213
-1.437910
-3.579730
-5.672004
-5.920280
-5.309754
-3.512850
-2.258367
-1.426019
-0.212753
1.054086
1.852943
0.927080
-1.288826
-3.812201
-5.473236
-5.709216
-4.328495
-2.852496
-1.281064
-0.530457
0.453234
1.593997
1.870657
0.838229
-1.008324
-3.403431
-5.012753
-5.756158
-4.758613
-3.585566
-2.862122
-1.375914
0.148576
1.633582
2.034509
1.716535
-0.256238
-2.409543
-4.160809
-4.397381
-2.804196
-1.353093
-0.498824
-0.214969
1.043241
2.298817
2.123634
1.426916
-0.203806
-3.400791
-5.620337
-5.479841
-4.386377
-2.880343
-1.595580
-0.829385
0.170982
1.372964
2.125850
0.970929
-1.163785
-3.573000
-4.995423
-5.291199
-4.265378
-2.213256
-1.776967
-0.630886
0.450621
1.986896
2.038675
0.923296
-1.048273
-3.444207
-5.299652
-5.051379
-4.732689
-2.824695
-1.577651
-0.821377
0.139547
1.489098
1.649055
0.905109
-1.297304
-3.591830
-4.938758
-4.999991
-4.325147
-2.495975
-1.531064
-1.008312
-0.007750
1.537414
1.768286
0.603694
-1.737596
-3.803279
-5.347254
-5.463520
-4.352469
-2.786759
-1.629146
-0.913763
0.541019
1.616864
1.278293
0.544305
-1.291315
-3.205709
-5.234715
-5.639096
-4.616501
-2.642144
-1.163268
-0.343448
0.675489
2.147211
2.086179
0.803647
-1.210404
-3.692062
-4.836644
-5.097581
-4.107594
-2.790612
-1.124850
-0.766176
-0.054522
1.153935
1.769634
0.768793
-1.120848
-3.468574
-5.332324
-5.799739
-4.549141
-2.689460
-1.690303
-0.900963
0.690192
1.954751
2.900375
1.416111
-0.878454
-3.442069
-5.493145
-6.030974
-4.853211
-2.646024
-1.424443
-0.821884
0.183590
2.047006
2.545446
1.729811
-0.825579
-3.113639
-4.421300
-4.890310
-4.076589
-2.514089
-1.067048
-0.611802
0.437812
1.796345
2.536687
1.060596
-1.147788
-3.273718
-4.442681
-4.982309
-3.685464
-2.251838
-1.374991
0.052150
1.372400
2.262343
2.194909
0.942286
-1.241260
-3.360089
-5.272516
-5.292503
-3.875155
-2.294578
-0.711125
-0.369675
0.702633
1.859984
2.175680
0.806128
-0.926363
-2.796932
-3.975087
-4.444511
-3.238139
-1.495336
-0.522965
-0.580183
0.740080
1.840181
1.959069
1.237686
-1.143530
-3.277667
-4.770041
-4.466163
-3.789552
-1.200175
-0.517179
-0.496824
0.717381
1.388293
1.695827
0.613352
-1.710876
-3.882811
-5.529696
-6.133671
-5.532662
-3.310454
-2.226922
-1.464510
-0.646760
0.678528
1.525010
0.430873
-1.800612
-3.656481
-5.196133
-4.977202
-3.953853
-2.601621
-1.158866
-1.209396
0.057578
0.798135
1.356579
-0.005756
-1.806154
-4.235068
-6.131192
-6.241086
-4.958696
-3.500356
-1.649791
-1.429310
0.302223
1.278137
1.383551
0.196419
-1.801327
-4.490406
-5.756697
-5.643869
-4.138335
-2.872138
-2.492202
-1.592897
-0.678773
1.170110
1.351301
0.009858
-2.131376
-4.249033
-5.658004
-6.378188
-4.654816
-2.757937
-1.873302
-1.556112
-0.685766
0.530383
1.066443
0.420588
-1.840083
-3.939294
-5.484188
-6.309251
-4.707788
-2.669675
-1.363744
-1.372750
0.101607
0.930630
1.314667
0.430787
-1.435527
-3.763540
-5.658241
-6.068424
-5.284280
-3.496480
-1.893828
-0.949893
-0.132627
1.176424
1.590579
-0.388720
-2.148830
-4.512158
-6.048790
-6.188362
-5.216230
-3.620835
-1.833537
-0.771160
0.244549
1.230958
0.869784
-0.081812
-1.722816
-4.493225
-5.781567
-6.144003
-5.214481
-3.099578
-2.094117
-1.509231
0.124187
1.270824
1.245175
0.065557
-1.957360
-4.442532
-6.255524
-6.452891
-4.688767
-2.907968
-2.332389
-1.764401
-0.349563
0.889042
0.460682
-0.308070
-2.110061
-4.000782
-5.712366
-5.397484
-4.370671
-2.787206
-2.035794
-1.009788
-0.126724
1.076178
0.549057
-0.483765
-2.446048
-4.281139
-5.627671
-6.046378
-4.886935
-2.617072
-1.262967
-1.182773
-0.045998
0.688155
1.762765
0.089509
-1.563042
-3.923963
-5.656315
-6.163320
-5.092586
-2.985391
-1.654693
-1.471722
-0.168782
0.855887
1.407547
0.246003
-1.918159
-4.430191
-5.940123
-5.400887
-4.326154
-2.756917
-1.994426
-0.876451
0.462535
1.284714
1.659212
0.648952
-1.546411
-3.710045
-5.602991
-5.286531
-3.673028
-2.268394
-1.134002
-0.795838
0.000789
0.737652
1.075783
-0.012982
-2.097859
-4.155815
-5.495527
-5.505700
-4.274009
-2.343970
-1.975507
-1.349032
0.091413
0.227752
1.052345
0.231960
-2.311482
-4.242745
-5.680350
-6.125169
-4.902154
-3.053088
-1.130214
-1.420818
-0.387918
1.455841
1.481017
0.658760
-1.503201
-3.956826
-6.014638
-6.683477
-5.006185
-2.768420
-1.705886
-1.208960
-0.337827
0.826516
1.094565
0.193460
-1.424877
-3.761523
-5.334632
-5.624793
-5.072322
-3.743781
-2.269984
-1.677719
-0.286050
0.923580
1.343568
0.222146
-1.855783
-4.208704
-5.699888
-5.316110
-4.575414
-2.953221
-1.658237
-1.127062
-0.066276
1.213095
0.848422
0.003424
-2.330365
-4.751297
-6.926381
-7.223332
-5.657005
-3.515025
-1.444257
-0.934974
-0.568268
0.571863
0.753238
0.132598
-2.298791
-4.848227
-6.317725
-6.663630
-5.396070
-4.030833
-2.287129
-1.490407
-0.039122
0.970565
0.337646
-0.868889
-2.706941
-4.890337
-6.260559
-6.277071
-5.212462
-3.881114
-2.524802
-1.447953
-0.628559
0.178578
-0.113522
-1.295678
-3.395442
-5.490756
-6.920786
-6.672653
-5.821732
-4.143376
-2.450278
-2.093776
-1.323206
-0.025374
0.081460
-1.074073
-2.549357
-5.230016
-6.813372
-7.460319
-6.007383
-4.028304
-2.182778
-1.685098
-0.747188
0.623882
0.163280
-1.059434
-3.121337
-5.787829
-7.672861
-8.078491
-6.960823
-4.314990
-3.145521
-2.452549
-1.911453
-0.966682
-0.317451
-1.451415
-3.428049
-5.506237
-7.529763
-7.966593
-6.644191
-4.435824
-3.180196
-2.562553
-1.153953
-0.276287
-0.064647
-0.293686
-2.790126
-4.740240
-6.171577
-6.689301
-5.698327
-3.884046
-2.343638
-1.906740
-0.933642
0.107722
0.373409
-1.048223
-3.365346
-5.615185
-7.077086
-7.428641
-5.758429
-4.175929
-3.654669
-2.675016
-0.792126
0.093120
0.043339
-1.274276
-3.282175
-5.673106
-7.161239
-7.565112
-6.013409
-4.453120
-3.213299
-2.529914
-1.667840
-0.781770
-0.830386
-1.741561
-3.423398
-5.532732
-7.048925
-7.677958
-6.650384
-4.450637
-3.154377
-2.535913
-1.495051
-1.000626
-1.040682
-1.820758
-3.935308
-5.678539
-7.324842
-7.530865
-6.251926
-4.408832
-2.613872
-1.968601
-0.945103
0.155993
0.594439
-0.594125
-3.141845
-5.384047
-6.724305
-7.194799
-6.366660
-4.133882
-2.440585
-1.113062
-0.126985
0.314546
0.039549
-1.085494
-2.822053
-5.504076
-7.151440
-7.310843
-6.142280
-4.078750
-2.621264
-2.556917
-1.029439
-0.156360
-0.289351
-1.681813
-3.595100
-5.589674
-7.210690
-7.226591
-6.154770
-4.060231
-2.949140
-2.356016
-1.114581
-0.246031
-0.431508
-1.613419
-3.618554
-5.442238
-6.391397
-6.378052
-5.531651
-3.859479
-2.376809
-1.756401
-0.980559
0.177025
0.261521
-0.740657
-2.766576
-4.601346
-6.393402
-6.801178
-5.704331
-4.464698
-2.421130
-1.952082
-0.800767
0.123641
-0.064459
-0.920776
-2.755194
-5.107564
-6.658250
-6.480012
-5.830036
-3.718675
-2.229085
-1.530474
-1.241061
-0.393199
-0.295487
-1.417192
-3.238274
-5.534147
-7.204133
-6.932983
-6.452853
-4.222331
-3.007825
-2.178946
-1.171524
-0.058782
0.624529
-0.490815
-1.806354
-4.336988
-6.289490
-6.106042
-5.433401
-4.009164
-2.234059
-1.297246
-0.302096
0.766692
0.524602
-0.437892
-2.781012
-5.432738
-7.099759
-6.658665
-6.192384
-4.144216
-2.303319
-2.203550
-1.370518
-0.186065
0.047534
-0.634147
-2.779195
-5.183060
-6.995069
-7.430924
-6.792008
-4.812384
-3.033514
-2.512441
-1.108502
0.468987
0.397753
-1.016068
-3.013370
-5.124106
-6.374150
-6.485073
-5.310865
-3.285024
-1.721501
-1.037628
-0.631512
0.720751
0.542130
-0.672782
-3.006307
-5.619277
-7.706154
-7.066422
-5.516537
-3.543519
-2.552335
-2.212467
-1.703232
-0.190872
0.111974
-0.820537
-3.270534
-5.490616
-7.365389
-7.046078
-6.264024
-4.628344
-3.369528
-2.885848
-1.216600
-0.135240
0.094029
-1.065103
-3.173350
-5.326458
-6.983741
-7.316231
-6.092392
-4.382831
-4.174386
-3.079758
-1.702864
-0.856919
-0.055356
-1.245696
-3.403095
-6.208400
-7.656723
-7.620088
-6.911604
-4.968382
-3.808857
-3.105809
-1.204491
-0.400003
-0.157250
-0.933974
-2.744964
-5.077240
-6.589098
-6.580599
-6.062290
-4.122949
-2.689854
-2.177451
-1.328759
-0.200400
0.512370
-0.829741
-3.010880
-5.307806
-6.687469
-6.913493
-6.164880
-3.888234
-2.168593
-1.580854
-0.048942
0.533318
-0.019214
-1.198188
-2.912505
-5.011501
-6.297445
-6.625548
-5.093210
-3.581458
-2.327710
-1.780542
-0.522072
-0.064484
0.082007
-0.861032
-2.698499
-5.265110
-7.041054
-6.776921
-5.482977
-3.326119
-2.375735
-1.879943
-0.911702
-0.307145
-0.112931
-1.116439
-3.348129
-5.634091
-7.042722
-7.689371
-6.141894
-4.418910
-3.419667
-2.493155
-1.588304
0.060683
-0.090147
-1.665145
-3.368865
-5.959558
-7.518191
-7.698979
-6.220620
-4.149161
-2.551134
-2.565142
-1.261700
-0.247246
-0.508803
-1.676651
-3.983455
-5.817220
-7.095019
-7.499883
-5.476724
-4.397331
-3.287957
-2.377787
-1.330694
-0.300427
0.091240
-0.945165
-3.193736
-5.535374
-7.234789
-7.515587
-6.572541
-3.934084
-2.898632
-1.876675
-0.826066
0.013330
0.056011
-1.086825
-3.080310
-5.768704
-7.632054
-8.302044
-6.873866
-4.878469
-3.309384
-2.572734
-1.604239
-0.547986
-0.439374
-1.666705
-3.675808
-5.832963
-7.495430
-8.094459
-6.601875
-4.863112
-3.745732
-3.018167
-1.177502
-0.077748
0.000953
-1.283676
-3.692472
-5.933884
-7.210098
-6.901525
-5.666431
-4.702147
-4.162734
-2.926180
-1.381368
-0.256533
-0.328622
-0.859674
-3.066722
-5.019862
-6.837415
-7.110922
-6.097321
-4.025834
-2.895942
-2.138159
-0.814371
0.274471
0.403578
-0.731189
-3.203837
-5.743875
-7.198501
-7.621955
-6.325600
-4.552186
-2.636095
-1.697504
-0.714584
0.004527
-0.008759
-1.193306
-3.446632
-6.241253
-8.226088
-9.127381
-7.430664
-4.941129
-3.264251
-2.892523
-1.169241
-0.251782
-0.038922
-0.866608
-3.220326
-5.575088
-7.562703
-7.660921
-6.762158
-4.797565
-3.588126
-3.066426
-1.872698
-0.600958
-0.204068
-1.910096
-3.980644
-6.319617
-8.531512
-8.810192
-7.766353
-5.885669
-4.129128
-2.236123
-1.219049
-0.214077
-0.225947
-0.731467
-2.817690
-5.302272
-7.298979
-7.557390
-5.320255
-3.967959
-3.520410
-2.758162
-1.393780
-0.671809
-0.271075
-1.337417
-3.025850
-5.904433
-7.306841
-7.959573
-7.346158
-5.376337
-3.851465
-2.889372
-1.912047
-1.069463
-0.855856
-1.960025
-3.951551
-6.250392
-8.036039
-8.429749
-6.797837
-4.957072
-4.118227
-3.819767
-2.334713
-0.774344
-0.783402
-1.266534
-3.205424
-5.196734
-7.114040
-6.873954
-5.005513
-3.597913
-2.511714
-2.155438
-0.805845
0.348433
0.281113
-1.014694
-2.657974
-4.925992
-6.617573
-6.690885
-5.722116
-4.241151
-3.017990
-2.035066
-0.458604
0.364524
0.232944
-0.965091
-3.079541
-5.526618
-7.221617
-7.764910
-6.715384
-4.826265
-3.590235
-2.667916
-1.339908
-0.373111
-0.053573
-1.218226
-2.946334
-5.134707
-6.713703
-7.206380
-5.555621
-3.706168
-2.972013
-2.347058
-1.610471
-0.518274
-0.484948
-1.411778
-3.026818
-5.463752
-7.200435
-8.027052
-6.812546
-4.250148
-3.527371
-2.192166
-1.067959
0.281096
0.117469
-0.754708
-2.832973
-5.535974
-6.923442
-7.145006
-5.662694
-4.280703
-2.821807
-1.608945
-1.004187
0.334785
0.376166
-0.647098
-3.111367
-5.862318
-7.758358
-8.101227
-6.625828
-5.187072
-3.505076
-2.313259
-1.235276
-0.398118
-0.204446
-1.588360
-3.627850
-6.230835
-8.062550
-9.033255
-8.387605
-6.450056
-4.778781
-3.579549
-1.899412
-1.078834
-1.124894
-1.987102
-3.954381
-5.943005
-7.803530
-8.519008
-7.666233
-5.855432
-4.424047
-3.269525
-1.889009
-1.084052
-0.450057
-1.591260
-3.430248
-5.327944
-7.274988
-7.607607
-7.016150
-5.636856
-4.144884
-2.760821
-1.813091
-0.366221
0.038637
-1.371050
-3.189458
-6.277526
-8.285547
-8.930283
-7.640769
-5.797952
-3.964384
-3.002630
-1.546260
-0.377969
0.130494
-1.303184
-3.234015
-5.974827
-7.747977
-8.239129
-7.075756
-5.203574
-4.385855
-3.131739
-1.207729
0.959668
1.044293
-0.581594
-2.413167
-4.711214
-6.581310
-6.746073
-5.483871
-4.122203
-2.717160
-1.939954
-0.853309
0.349896
0.588268
-0.026704
-2.423863
-5.119805
-6.665846
-7.230205
-6.252165
-4.307338
-3.057303
-2.110223
-1.170789
-0.375909
0.201048
-0.583884
-3.186522
-5.813692
-7.794636
-8.606114
-6.961164
-5.615044
-4.532291
-2.762296
-1.150986
-0.134802
0.152553
-0.592401
-2.918540
-5.810640
-7.724865
-8.142858
-6.900208
-5.592357
-4.705902
-3.635116
-2.363236
-1.066131
-0.579673
-1.847392
-3.942402
-5.883618
-8.553402
-8.619668
-7.465413
-5.175031
-3.956162
-3.068026
-1.641156
-0.267526
-0.328794
-1.356343
-3.369288
-6.432092
-8.593279
-8.670135
-7.099722
-5.399279
-4.701345
-3.213054
-2.411657
-1.028762
-0.439733
-1.390891
-3.335484
-5.865503
-8.040775
-8.305768
-7.042549
-5.423791
-4.320147
-3.491992
-2.402471
-1.088387
-0.281098
-1.341418
-3.483013
-6.049196
-8.222868
-9.038617
-7.979730
-6.062317
-5.155102
-3.917119
-2.307694
-1.079991
-0.422763
-0.901410
-3.100826
-6.060273
-8.497718
-9.244184
-8.684809
-6.650590
-5.008267
-3.378709
-2.044561
-1.421027
-1.287757
-1.676812
-3.462878
-5.923539
-7.946884
-8.785072
-7.260720
-6.207775
-4.685596
-3.943842
-2.365108
-1.220967
-0.542253
-1.636408
-3.350672
-5.804537
-7.319361
-7.815754
-6.572736
-4.562175
-3.259655
-2.477356
-1.399976
-0.211124
0.178393
-1.087759
-3.639015
-6.228801
-7.684874
-7.541581
-6.994509
-5.180425
-3.843451
-2.949128
-1.348147
-0.252864
0.150405
-0.838869
-3.201331
-5.811767
-7.517029
-8.430002
-6.884778
-5.204044
-3.998428
-3.142751
-2.042911
-0.687350
-0.571655
-1.548627
-3.850451
-6.336481
-7.897791
-8.298846
-7.068625
-5.094075
-4.151816
-3.563343
-2.080265
-0.212203
-0.008526
-1.070865
-2.695358
-5.618233
-7.902290
-7.724289
-6.394283
-5.520476
-3.950624
-3.215463
-0.922476
0.554452
0.477875
-0.736186
-3.423315
-6.027263
-7.850047
-8.840782
-7.248533
-5.966068
-4.904161
-3.720885
-2.293067
-0.310529
-0.304809
-1.473308
-3.590549
-6.718934
-8.358500
-8.517568
-7.543762
-6.289301
-4.898693
-4.139882
-2.486056
-1.700698
-1.165646
-1.644319
-3.610258
-6.102458
-8.239542
-9.361592
-8.281439
-6.405455
-4.698525
-3.427944
-1.695448
-0.558792
-0.134274
-1.211204
-2.760436
-5.777708
-8.043180
-8.340289
-7.618806
-5.862069
-4.344098
-3.292552
-1.999387
-0.012736
1.307780
-0.058971
-2.947021
-5.743384
-7.442659
-7.751626
-7.027592
-5.391655
-4.293641
-3.044258
-1.786791
-0.670071
-0.102798
-0.860521
-2.861370
-5.172447
-7.344162
-7.842133
-6.645685
-5.338700
-4.130253
-3.098095
-1.194568
0.061245
-0.067751
-1.006518
-2.869549
-5.625046
-7.543952
-7.876471
-6.115950
-4.014517
-2.922405
-2.137281
-1.284718
0.186686
0.977817
-0.095694
-2.275182
-4.673516
-6.931659
-7.529458
-6.059153
-4.370419
-2.989155
-2.512613
-0.860372
0.451242
0.899646
-0.498866
-2.490933
-5.350505
-7.633179
-7.746652
-6.646519
-4.683353
-3.234726
-1.889860
-1.096911
-0.195901
0.271653
-0.983335
-2.238137
-4.771871
-6.876982
-7.125254
-6.743053
-5.725395
-3.836302
-2.650043
-0.660681
1.208074
1.435555
-0.022586
-2.519353
-5.279181
-7.116158
-7.945333
-6.664129
-4.887202
-3.689433
-2.337330
-0.985892
0.693868
1.239388
0.261447
-2.492900
-5.015812
-7.413322
-7.658379
-7.089720
-5.348128
-4.280442
-3.528201
-1.700075
-0.531455
0.223626
-0.481816
-2.080097
-4.569139
-6.276925
-7.158875
-6.512906
-4.818846
-4.107291
-2.970352
-1.197770
0.464253
1.455135
0.137229
-1.979616
-4.422352
-6.621652
-6.857960
-6.125260
-4.256154
-2.923882
-1.572408
-0.650476
1.065351
1.704848
0.334808
-1.682807
-4.673276
-6.790438
-7.587575
-5.980340
-4.567728
-3.849478
-3.026772
-1.549855
0.115741
0.251847
-0.262195
-2.120399
-5.089684
-7.370637
-8.151223
-6.421988
-4.960009
-3.587502
-2.315512
-0.788289
0.565773
1.063134
-0.625916
-2.849704
-5.438992
-7.572560
-8.139906
-6.886080
-5.929457
-4.299552
-2.837651
-1.813249
0.083114
1.035767
-0.200383
-2.770334
-5.374470
-7.486835
-8.150956
-6.715975
-5.245213
-4.655635
-3.793230
-1.887502
-0.464561
-0.111997
-0.763076
-3.281709
-6.066575
-8.280798
-8.961102
-7.522204
-6.149722
-4.944305
-3.733559
-1.669798
-0.254827
0.496619
0.030817
-2.385391
-5.344251
-7.797513
-7.932899
-7.124241
-5.457337
-4.601422
-3.999395
-2.037627
-0.517690
-0.187886
-0.800490
-2.966750
-5.566937
-7.631155
-8.164597
-7.098150
-5.720684
-4.652246
-3.481359
-1.687858
0.479599
0.908202
-0.551982
-2.494426
-4.902520
-7.314957
-7.864389
-6.861012
-5.831624
-3.997025
-2.460533
-0.929723
0.551782
1.002427
0.049867
-2.300759
-5.156057
-7.155213
-8.365026
-7.920565
-5.441870
-4.523464
-3.520777
-1.734824
0.049323
0.537643
-0.381039
-2.678273
-4.995309
-7.407454
-7.651635
-6.733595
-4.860116
-3.414408
-2.241362
-1.173365
0.075303
0.286354
0.061448
-2.531088
-5.500696
-7.325102
-7.611659
-6.548952
-6.153565
-4.415766
-3.551241
-2.189410
-0.249770
0.590774
-0.482469
-2.621760
-5.211554
-7.764325
-8.020584
-6.588943
-4.920420
-4.363835
-3.359111
-1.544250
0.324631
0.708753
-0.072495
-2.836829
-5.358224
-7.580137
-8.478717
-6.908109
-5.412581
-3.973976
-2.763812
-0.865417
0.377187
1.010085
-0.096910
-2.433167
-5.442782
-7.705499
-7.539085
-6.623847
-5.560815
-3.845925
-3.069524
-1.693826
0.065392
0.573203
-0.797462
-3.179374
-5.615018
-7.231421
-7.639798
-6.035202
-5.042116
-4.364271
-3.049811
-1.163964
0.318192
1.082345
-0.091901
-2.840484
-5.342030
-7.357430
-7.582245
-6.845120
-4.707832
-3.680666
-2.933346
-1.637658
0.090301
1.000915
-0.002340
-1.810067
-4.695589
-6.833479
-6.816998
-6.176825
-4.933133
-3.772074
-2.568477
-0.829335
0.648991
1.206737
-0.469304
-2.879827
-5.486479
-7.654518
-8.744878
-7.547564
-5.869721
-4.195276
-3.097539
-1.792323
-0.008626
0.625936
-0.081389
-2.343500
-5.043314
-7.005698
-7.741264
-6.921402
-5.975818
-4.477523
-3.546108
-1.828197
0.332955
1.386986
0.640243
-1.645519
-4.697040
-7.166773
-7.294847
-6.125641
-4.266253
-3.875019
-2.726665
-1.109113
0.273200
1.063207
0.136000
-2.230618
-5.520355
-7.253012
-7.977348
-7.386539
-6.018589
-4.605038
-2.983870
-1.377892
0.345610
1.464067
0.312482
-1.985686
-4.440354
-7.108969
-7.758243
-6.889457
-5.045819
-3.577741
-2.540051
-1.279937
1.423926
1.866216
0.461153
-1.897192
-4.466181
-6.474216
-6.981791
-5.544418
-4.475947
-3.700915
-2.000594
-0.462017
1.069580
1.987171
0.596112
-1.386353
-3.610961
-6.411770
-7.454532
-6.480371
-4.766509
-3.199255
-1.924275
0.422969
2.654996
3.073099
1.682432
-0.752938
-3.616270
-6.057166
-6.792133
-6.320494
-4.819934
-3.563833
-1.950187
-0.167179
1.153497
1.876649
1.154853
-0.788260
-3.586467
-5.807425
-6.261966
-4.956451
-3.913839
-3.262662
-2.447288
0.111883
2.305713
3.422523
1.731169
-0.766923
-3.567440
-6.223044
-7.017681
-6.453543
-4.549724
-3.218179
-2.087794
0.012393
1.656934
2.722289
2.010884
-0.870317
-3.684645
-5.775458
-6.728121
-5.859744
-4.564368
-3.447014
-2.094365
-0.665557
1.494884
2.667525
1.845014
-0.943479
-3.698567
-6.113513
-6.645271
-6.154125
-4.703648
-3.027172
-1.981271
-0.295569
1.566340
2.227908
0.982022
-1.154832
-3.579629
-5.500941
-6.141549
-4.964803
-3.574124
-2.959005
-1.809611
0.102762
1.202137
1.906647
0.875863
-1.173896
-3.416671
-5.598752
-6.489014
-4.943850
-3.802272
-2.775629
-1.960215
0.021723
1.273492
2.098643
1.398052
-0.328048
-3.021098
-5.670724
-5.893248
-5.496642
-3.974277
-2.428615
-0.955555
0.320586
2.306202
2.990667
2.043620
0.251754
-3.103343
-5.110549
-6.013295
-5.433361
-3.542068
-2.063122
-1.582748
0.137213
1.353740
2.686214
1.770228
-0.526639
-3.316026
-6.142919
-6.870761
-6.013679
-5.159694
-3.817801
-2.166074
0.030827
1.513967
1.893766
1.287948
-0.295518
-2.641643
-5.131955
-5.494844
-5.149117
-3.749452
-2.866961
-1.593915
-0.104638
2.079358
3.120278
1.701560
-0.021018
-2.783235
-5.765198
-6.781456
-5.312716
-3.890932
-3.375796
-1.913038
0.009118
2.069837
2.834102
1.976977
-0.107512
-3.291684
-5.793728
-7.325614
-6.647896
-5.377127
-3.651524
-1.806742
0.044250
1.514717
2.490629
1.073285
-0.713902
-3.390982
-5.866600
-6.757423
-6.313348
-4.709418
-3.847975
-2.272141
-0.313142
1.303286
1.958447
0.889329
-1.237022
-4.073714
-6.666271
-7.161821
-6.466014
-4.683422
-3.885259
-2.448610
-0.518657
1.143306
2.058552
1.286250
-1.233273
-3.718235
-5.940967
-6.633158
-6.325531
-4.438228
-2.779707
-1.266749
0.355331
1.882572
2.796113
2.091245
-0.487317
-2.780345
-5.326219
-6.307029
-5.029767
-3.471368
-2.246112
-1.183496
1.030194
3.118327
3.551648
2.858613
0.374383
-2.128434
-4.967130
-5.788028
-4.903392
-3.823801
-3.069900
-1.028325
0.870432
2.945024
3.682757
3.041614
0.865615
-2.633046
-5.024878
-6.324481
-5.392556
-4.155055
-2.859469
-1.707667
0.313727
2.256787
2.880329
2.170715
-0.183714
-3.155160
-5.605368
-6.372942
-5.845854
-3.747599
-2.545136
-1.955120
-0.107341
2.427585
2.877088
1.652194
-0.206515
-2.908738
-5.365123
-6.577185
-5.949185
-4.744123
-3.091250
-1.561451
0.233273
2.549069
2.939630
2.565722
0.290138
-2.485398
-5.006423
-6.013478
-4.945045
-3.416598
-2.338644
-0.960505
0.878057
2.768327
3.491155
2.238605
-0.177896
-2.908530
-5.463137
-6.188177
-5.131869
-4.129849
-3.174262
-1.803577
0.039704
2.334318
3.319461
2.797038
0.382850
-2.838344
-4.787242
-5.563721
-5.001718
-2.884604
-1.708256
-0.613130
1.137517
2.659358
3.205533
2.692864
0.650555
-1.652410
-4.230668
-4.666924
-3.266701
-2.761575
-1.813394
-0.829841
0.806325
3.187236
4.101910
3.174354
0.753991
-2.199157
-4.441612
-5.264323
-4.138724
-2.641148
-2.086559
-1.235930
1.417500
3.701880
4.186339
3.095768
0.364141
-2.190412
-4.338441
-5.628839
-5.011858
-3.636029
-2.331799
-0.388804
1.623329
3.567875
4.424469
3.230283
1.400635
-0.755786
-2.597227
-3.558264
-3.142710
-2.151754
-1.120419
0.077877
1.909589
3.889757
4.898187
4.025580
1.867763
-1.441248
-3.626800
-4.493945
-3.197836
-1.499852
-1.066378
0.128716
2.131004
4.315132
4.904164
3.976274
1.152408
-1.531619
-4.280558
-5.002495
-3.668117
-1.945447
-1.011081
-0.356224
1.226294
3.780946
4.561375
3.527275
1.495435
-1.447941
-3.493893
-4.171743
-3.427918
-1.775889
-1.290172
-0.494268
1.552846
3.687606
5.076615
4.041184
1.722303
-1.198554
-3.594779
-4.370986
-3.510546
-2.329306
-1.376403
-0.095677
2.453134
4.458946
4.583041
4.015603
1.080874
-1.504668
-3.276134
-3.501977
-2.945621
-1.507522
-0.837560
-0.186546
1.666895
3.540106
5.283114
4.002001
1.933595
-0.832520
-3.041519
-3.790366
-3.091627
-1.637179
-0.773549
0.508231
2.197125
4.537710
5.634469
4.716514
2.790687
0.124078
-2.036321
-2.500804
-1.420826
0.265429
0.432429
1.473518
3.240235
4.920445
6.256093
5.391168
2.469414
-0.097028
-2.108129
-3.030807
-2.845079
-1.257193
-0.402425
1.076721
2.952770
4.464918
5.095654
4.516510
1.883841
-0.945434
-2.658980
-3.437629
-2.683851
-1.510169
-0.237091
0.607038
2.108044
4.621602
5.665345
4.774552
2.331491
-0.408287
-2.684566
-3.409974
-2.969513
-1.046231
0.074773
0.511498
2.839356
4.942681
5.769639
4.611982
2.098306
-0.180951
-1.918770
-2.863788
-2.322289
-0.766489
0.011323
1.039441
2.622859
4.698453
5.315337
4.618104
2.341995
-0.120896
-2.251994
-2.791162
-1.634419
-0.124549
0.142342
0.938110
2.703038
4.793534
5.435330
5.027246
2.507071
-0.220841
-2.286685
-3.303592
-2.271608
-1.032603
0.084432
1.023352
2.700248
4.404970
5.216372
4.811770
2.569220
-0.092223
-2.109135
-2.750819
-1.586873
-0.225434
0.649818
1.318047
3.108031
5.069161
5.348969
4.688160
2.244426
-0.023007
-2.225088
-2.941198
-2.148673
-0.201066
0.497962
1.650604
3.599569
5.390889
6.170354
5.673650
2.834897
0.073556
-1.993791
-2.443985
-1.187169
0.139873
0.359655
1.562765
3.268572
5.121633
6.144765
5.391707
3.340896
1.019547
-1.228295
-1.654194
-0.673847
0.360112
1.033016
2.447894
4.284184
6.089776
6.511392
5.592887
3.644754
1.413167
-0.862523
-0.976692
-0.465844
0.675097
1.542203
2.020844
4.209867
6.433431
6.059556
5.295648
3.141381
0.594886
-1.437036
-1.710275
-0.912601
0.509507
1.298545
2.618690
3.752234
5.796174
5.712792
4.959836
2.605205
0.400377
-1.846976
-2.562062
-1.645438
-0.105783
1.041234
1.343641
3.267827
4.788836
6.010060
5.308459
3.272119
0.748578
-1.618610
-1.902538
-0.787201
-0.234374
0.727703
1.478139
3.565150
5.433295
6.561776
5.294808
3.116168
0.928558
-1.103814
-1.857148
-1.043896
-0.017566
0.886617
2.304495
4.045603
5.745641
6.212800
5.543284
3.421378
0.305000
-1.394497
-2.016186
-1.348502
0.189952
1.259324
1.994278
3.773973
5.370019
5.859788
5.572042
3.425437
0.583961
-1.094545
-1.470337
-0.757945
0.337506
0.912520
1.861324
3.797707
6.193738
6.208863
5.539098
4.040215
1.500646
-0.545813
-0.687736
0.019114
1.146878
1.959285
2.686689
4.206072
5.878160
6.294042
5.675139
3.379626
1.589956
-0.377536
-0.460852
0.152791
1.594106
2.243621
2.744344
4.453241
6.217416
6.771171
5.330102
3.730089
0.976575
-0.738707
-1.168947
-0.417796
0.472707
1.350871
2.138945
3.928790
6.087262
6.694051
5.820128
3.886225
1.237272
-0.342216
-0.734015
0.734914
1.820840
2.187768
2.556777
4.540915
6.135064
6.294196
5.286429
3.746750
1.058069
-0.667360
-1.238366
-0.654843
0.398963
0.876014
1.968355
3.971381
6.199485
6.613492
6.099296
3.994445
1.414483
-0.415242
-0.291567
0.645627
0.711255
1.201024
2.579700
4.342707
5.859035
6.442981
5.886746
3.365247
1.255332
-0.462133
-0.597720
0.415595
1.216794
2.102727
2.871946
4.181175
6.187192
7.343673
6.550756
4.123865
2.277884
0.267041
-0.241525
0.490703
1.522779
1.808064
2.736854
4.899549
6.545514
7.341828
6.164878
4.058140
1.662968
0.087285
0.078296
0.070106
1.079904
1.737445
3.002137
4.428272
6.081220
6.789039
6.186059
4.140838
1.849965
-0.276865
-0.443235
-0.149184
1.091964
1.835307
2.672122
4.587207
6.371823
7.948728
6.216481
3.989956
1.835303
-0.084402
-0.260365
0.275426
1.793048
2.623885
3.005688
4.876470
6.437440
7.607152
6.493665
4.385046
1.893372
0.249976
0.443612
1.277400
1.618953
1.734246
2.532413
4.484818
6.062303
6.376819
5.689668
4.061227
1.541055
-0.543404
-1.439966
-0.501096
0.754298
1.243218
2.575555
4.666573
6.189065
7.130841
5.820741
3.755389
1.171687
-1.145750
-1.442444
-0.659768
0.848931
1.411595
2.556305
3.852465
5.904485
6.887294
5.806994
3.980990
1.659615
-0.659343
-1.906396
-0.895007
0.479951
1.841268
2.628847
4.180719
6.470574
7.013394
6.320580
4.170793
1.647557
-0.296597
-0.417400
0.345513
1.772534
2.042138
2.871111
4.921021
6.957078
6.798413
5.911035
3.766814
1.044901
-0.577106
-0.901657
-0.347604
0.760144
1.704904
2.901962
4.194592
6.275701
6.920449
6.123467
4.033751
1.799885
-0.948953
-1.260901
-0.425170
0.592551
0.888109
2.258370
4.240826
6.414941
6.829862
5.755048
3.728333
1.156381
-1.015337
-1.483146
-0.385043
0.841878
1.461013
2.393785
4.524590
6.768275
7.367780
6.950782
4.830136
1.869872
0.095523
-1.001412
0.170886
1.328547
2.425746
2.694108
4.550934
6.941220
7.288224
6.123790
4.159022
1.723160
-0.463615
-0.543340
-0.103753
1.183599
2.486726
3.016060
4.366861
6.820014
8.154275
6.743165
4.034227
1.683357
-0.493954
-0.946205
0.367305
0.799336
1.998860
3.010514
4.455812
5.931722
6.839597
5.828221
4.331634
1.971897
0.071299
-0.173040
0.483054
1.139861
1.653836
2.967544
4.732236
6.723577
7.341657
6.545554
4.173735
1.427156
-0.312906
-0.587179
0.276820
1.111480
2.014941
2.832625
5.068963
6.747085
7.685830
6.497823
4.278173
1.669620
-0.438038
-0.944808
-0.015637
1.542377
2.177436
2.912932
4.335187
6.360255
7.187772
6.607823
4.794633
2.107311
-0.039526
-1.323462
-0.372689
1.205796
1.828959
2.749677
5.152066
7.000718
7.370496
6.221280
4.140867
1.765135
-0.081475
-0.918561
-0.247687
0.892900
1.633967
2.810069
4.592952
6.609891
7.187619
6.725572
4.270958
1.389570
-0.776109
-1.897948
-0.914178
-0.251317
0.647020
2.227228
4.478064
6.669665
7.269486
6.518655
4.224579
1.483731
0.018702
-0.028150
0.120564
1.334279
2.103318
2.519549
4.661799
6.898044
7.316136
6.250405
4.137307
1.786161
-0.652464
-1.192772
-0.514827
0.701531
1.671681
2.482717
4.298465
6.418027
7.195359
6.601411
4.301118
2.184873
-0.254177
-1.132491
0.129380
1.338460
1.685838
2.680321
4.787072
6.416276
7.385520
6.411599
4.614045
1.531897
-0.564026
-1.030110
-0.251262
1.201560
1.486682
2.264606
4.186508
5.885514
6.730264
6.134658
3.689984
1.237411
0.323597
-0.369886
0.823960
1.659522
1.989745
2.406201
4.294296
6.163018
6.746030
6.241754
3.897964
0.999468
-1.011195
-2.052086
-1.271502
0.377755
1.077054
2.161703
4.255480
6.400365
6.769952
6.002292
4.235641
1.564142
-0.058907
-0.225163
0.263780
1.545571
1.663583
2.082100
4.390604
6.856196
7.536511
5.773747
3.797435
1.180267
-0.858872
-1.580434
-0.787204
0.650373
1.387773
2.365914
4.116221
6.281980
6.278747
5.023744
3.468559
1.341818
-0.468867
-1.169430
-0.249957
1.084670
1.419975
2.186034
3.998959
6.153405
6.621917
5.916734
3.933851
1.140818
-0.080133
-0.438828
0.140813
1.089669
1.591853
2.566603
4.296372
5.990891
7.140361
6.082757
3.892565
1.171071
-0.577786
-0.710197
0.036630
0.632304
1.578399
3.030559
4.803128
6.448174
7.218144
6.269063
3.954076
1.423427
-0.975468
-1.313499
-0.817016
0.276532
1.156600
2.498363
4.522740
6.537778
6.985288
6.429391
4.317995
2.006232
-0.226967
-1.401227
-0.409419
0.974994
1.454715
2.555187
4.445368
6.397389
6.716828
6.052636
3.842798
1.079227
-0.878319
-1.860333
-0.627958
0.870822
2.059703
3.048268
5.180455
6.787774
7.219426
5.856433
3.449020
1.134817
-0.850195
-1.344685
-0.543604
0.552026
1.756125
3.310587
4.171007
6.454473
6.587474
5.773938
3.939919
1.318967
-0.830523
-1.179757
-0.699025
0.788220
1.705522
2.717384
4.517832
6.855161
6.958428
5.985509
3.759370
1.328466
-1.286677
-2.066291
-1.266916
-0.508881
0.783262
1.625498
3.735929
6.041711
6.228295
5.695458
3.896627
0.766818
-1.083547
-2.169052
-1.853415
-0.423932
0.765231
1.919570
3.836141
5.570058
6.559054
5.865533
3.469132
1.025146
-0.724585
-1.122145
0.031024
0.933146
1.466738
2.633730
3.927274
5.825675
6.274590
5.049687
3.174695
0.810352
-1.128377
-1.744608
-0.357717
1.370767
1.566070
1.599432
3.457856
5.382497
5.826604
4.866910
2.830039
0.520764
-1.389118
-1.718806
-1.402681
-0.094869
1.057161
2.173398
3.853178
5.261542
6.078832
5.500928
3.507379
1.026482
-0.881017
-1.124988
-0.056600
1.161626
1.571477
2.682097
4.709470
6.497411
7.357308
6.339501
4.086333
1.341683
-0.182805
-0.388996
0.054448
1.265065
1.862588
2.382650
4.582065
6.424550
6.935037
6.395637
4.019168
1.885160
-0.082599
-1.135131
-0.445686
0.738881
1.793923
3.064104
4.857011
6.985934
7.017911
6.320294
3.277737
0.676056
-0.963584
-1.940084
-1.482690
0.021239
0.785810
2.035682
3.796301
5.898452
6.186404
5.750405
3.447063
1.271913
-1.140208
-1.560863
-0.465275
0.989583
1.318481
2.122194
4.550350
6.585977
6.793656
5.891793
3.840233
1.472188
-0.902212
-1.188680
-0.509948
0.156783
1.257383
2.293250
4.567992
6.722987
7.699281
6.912232
4.511579
1.219929
-1.115240
-1.314341
-0.824263
0.490729
1.447405
2.424571
4.200480
6.824431
7.411115
6.987872
4.393508
1.442410
-0.266236
-0.120449
0.497216
1.646045
1.615743
2.751852
4.143162
5.844853
6.750314
5.470307
3.114175
0.472346
-1.178498
-1.895760
-1.132783
0.562623
0.636038
1.766398
3.615138
5.554933
5.905053
5.243098
3.087601
0.810745
-0.943728
-1.568121
-0.235118
0.691150
1.535865
2.590504
4.271556
6.280831
6.742848
5.739270
3.544153
0.949093
-0.959883
-1.397498
-0.782302
0.257375
1.117102
2.259061
4.170670
6.516006
7.471021
5.703059
3.534664
0.796791
-1.224215
-2.041594
-0.911328
0.660405
1.482589
2.299579
4.662539
6.373780
6.915704
5.803514
3.703487
1.358259
-0.861665
-1.579973
-0.957611
0.112590
0.938955
1.948599
3.885732
6.385165
6.642861
5.966729
3.652495
1.061350
-0.263532
-0.641209
-0.087066
0.866469
1.467080
2.402541
4.409893
6.409602
6.945065
6.325315
3.948773
1.693986
-0.055058
-1.157511
-0.181325
0.861135
1.639618
2.633767
5.085189
7.275277
7.778905
6.619830
4.031209
1.392498
-0.461543
-1.280864
-0.481010
0.489327
1.638721
2.185685
4.717160
7.093478
7.281777
6.261994
4.113282
1.608584
-0.487427
-0.715549
0.002936
1.154170
0.960258
1.881594
4.319802
6.448495
6.852521
5.379079
3.727382
1.480071
-0.371358
-1.003842
-0.111455
1.532460
2.015912
3.541262
4.731435
6.779214
7.026380
6.253325
4.441401
2.053444
-0.203152
-0.951161
0.020175
0.436614
1.720044
2.928612
4.712907
6.744569
7.182759
6.601331
4.414579
1.652179
-0.481614
-1.412839
-0.709230
0.337405
1.197242
2.857533
4.298711
6.380122
8.262095
6.463359
3.653443
1.034356
-1.021745
-2.307944
-1.420275
0.046159
1.082300
1.669256
4.009139
6.106904
7.009091
6.086957
3.790198
1.366550
-1.152853
-1.809842
-1.261405
0.188306
1.475513
2.574443
4.161756
6.405526
7.023011
5.984086
3.815001
1.341308
-0.882890
-1.756948
-0.574648
0.400010
1.250150
2.038819
3.920362
6.175488
7.349595
6.536935
3.769837
1.376678
-0.506906
-0.942314
-0.668468
0.941905
1.321342
2.756973
4.990434
7.024976
7.800654
6.904393
3.986055
1.713007
-0.404908
-1.315121
-0.863031
0.376748
0.722634
1.973160
4.396180
6.633471
7.456105
7.003810
4.500669
1.900271
0.274924
-0.722039
0.008632
0.881810
1.685676
2.376333
4.537035
6.738593
7.630723
6.428960
4.226089
1.674026
-1.031772
-1.695650
-0.925804
0.466321
1.356374
2.248660
4.377793
6.302087
6.846448
5.867345
3.555586
1.046335
-1.129300
-1.994611
-1.170367
0.120196
1.276822
2.157252
3.985417
5.492421
6.614074
5.784314
3.460598
1.289094
-0.689219
-1.462797
-0.149924
1.076213
1.529677
1.976277
3.967111
6.112058
6.564988
5.929112
4.099426
1.630712
-0.455381
-1.138825
-0.501261
0.622319
1.347809
2.538227
4.391460
6.480153
7.183623
6.401971
4.046814
1.204093
-0.977804
-2.241529
-1.254537
0.060023
1.052026
2.328374
4.466612
6.767531
7.395617
5.938235
3.224184
0.363664
-1.563666
-2.553920
-1.578848
-0.271900
1.234252
2.192329
4.334042
6.594903
6.930673
6.297645
3.777757
0.884881
-1.502500
-2.433705
-1.415496
-0.181094
0.916328
2.271737
4.076427
5.891145
6.538877
5.476781
3.467480
0.794661
-1.299344
-2.105774
-1.834931
-0.453995
0.804085
2.067828
3.704924
5.943334
7.106217
5.647233
3.192186
0.296784
-1.090108
-1.561580
-0.634737
0.717931
1.029268
2.196325
4.109647
5.959054
6.733651
5.261769
3.130071
1.214039
-0.943675
-1.645669
-0.947929
0.878798
1.125616
2.080911
3.620450
5.777066
6.130771
5.501630
3.637320
1.033206
-1.365310
-2.029787
-1.515690
-0.375975
0.258900
1.705033
4.030589
5.650067
6.349065
5.965669
3.608206
0.898349
-1.068210
-1.916391
-0.367975
1.145646
1.455921
2.245714
4.341520
6.247052
7.141696
5.877315
3.864004
1.008582
-1.086773
-1.754024
-1.090328
-0.241838
0.234305
1.937512
4.165955
6.372674
6.998883
5.600556
3.564986
1.171536
-0.977248
-1.062684
-0.193064
0.872712
1.622396
2.506845
4.282733
6.018914
6.733521
5.589044
3.595715
1.016726
-1.021037
-2.302257
-1.225667
0.711532
1.235118
2.377495
3.739908
5.384004
5.897195
5.473901
3.272951
0.981559
-0.679246
-1.369699
-0.301332
0.838679
1.896440
2.760562
4.336474
6.110230
6.839658
6.319722
3.496713
0.647406
-1.276711
-1.718628
-0.130486
0.746278
0.891209
1.654373
3.942793
6.026397
6.655618
5.362012
3.192922
0.706785
-1.056308
-1.612839
-0.900451
0.516595
0.611739
1.748247
4.240698
6.133222
6.377030
5.346061
3.146292
0.588304
-0.877415
-1.085305
-0.895962
0.717896
1.144799
2.140407
3.754974
5.891152
6.969895
5.645349
3.658833
1.329251
-1.175335
-1.594660
-0.936161
0.315967
1.296326
2.516046
4.449495
6.055232
7.005395
6.126018
3.588444
0.938602
-0.917842
-1.911894
-0.864424
0.666741
1.346921
2.313198
4.397411
7.149793
7.838666
6.417567
3.691263
1.203156
-0.393602
-1.249430
-1.008482
0.855506
1.699853
2.535538
3.896490
5.947793
6.341752
5.631619
3.129478
0.924243
-1.472498
-2.059968
-0.731774
0.915526
1.476203
2.174476
4.116847
6.072104
6.557744
5.665349
3.302273
0.740558
-1.214277
-1.499688
-0.796009
-0.037745
0.807219
2.063422
4.154161
5.763337
6.558545
5.677979
3.891426
1.338823
-1.195695
-1.878138
-1.069441
0.004169
0.807942
1.895261
4.686305
6.634114
6.772712
6.226838
4.100692
1.424863
-0.665863
-1.219045
-0.182579
0.955241
1.072048
2.466297
4.928102
6.807631
6.414117
5.152844
3.902977
1.706656
-0.764985
-1.854304
-1.108558
0.537478
1.037418
2.196244
4.262949
6.792607
7.254540
6.810388
4.440143
1.880435
0.045724
-0.852811
-0.231239
0.147618
1.262184
2.354821
4.227990
6.101773
7.006551
5.651261
3.784680
1.221220
-1.189836
-1.636445
-1.162293
0.186376
1.288463
2.505053
4.244637
5.948453
6.429671
5.308244
3.626199
1.264544
-0.551766
-1.139123
-0.488572
0.734406
1.200801
2.049728
4.364710
5.913690
6.425908
5.508128
3.584949
1.163509
-0.795588
-1.588069
-1.246911
0.496909
1.471849
3.086335
4.451227
6.529744
7.405065
6.127288
4.102656
1.095363
-1.448786
-1.973400
-0.659699
0.367835
1.223186
2.468757
4.664312
6.441163
6.882146
5.672393
3.458008
0.958242
-0.931362
-1.775142
-1.271436
-0.097362
0.946415
2.397824
4.505755
6.799113
7.457395
6.950078
4.750562
1.842738
-0.762381
-1.406845
-0.867348
0.487710
0.991238
2.125798
4.603564
6.003377
7.210771
5.903089
3.379333
0.414439
-1.554911
-2.453027
-1.689196
-0.004762
1.505175
1.873993
4.475680
6.390737
6.946139
5.622365
3.432886
1.236901
-1.234666
-2.086841
-0.778753
0.728063
1.241824
2.409419
4.598516
6.366940
7.288026
6.488461
3.620532
0.834848
-1.388404
-1.780457
-1.217800
0.195882
0.781572
2.078540
4.332843
6.035640
6.568608
5.701039
3.656961
1.281218
-0.688848
-1.310577
-0.156453
0.963363
1.639153
3.076876
5.064797
6.850575
7.494950
6.283719
3.970677
1.277535
-0.513355
-1.202108
-0.350185
0.557633
1.556371
2.574811
4.294695
5.964116
6.859038
6.115544
3.613941
0.787557
-1.490039
-1.527493
-0.864753
0.203122
0.448837
1.986520
4.012281
6.979890
7.400561
5.946208
3.875813
1.206119
-1.675873
-2.414085
-2.162706
-0.404563
0.701475
2.350592
4.358244
6.043881
6.683713
5.543563
3.519397
1.061599
-1.055314
-1.926371
-0.913511
0.594594
1.643496
2.448233
4.065013
6.028924
7.174474
6.022973
3.569890
0.835128
-1.041442
-1.731977
-1.107855
0.705207
1.185041
2.602413
4.392086
6.073487
6.798776
5.723460
3.169736
0.968407
-1.166386
-1.664840
-1.176478
0.226857
1.594464
2.494599
4.236604
5.744611
6.116891
5.826161
3.889636
1.280571
-1.030973
-1.603830
-0.727489
0.924739
2.128922
3.425973
4.429212
6.450322
6.917863
5.930057
3.247749
0.495636
-0.926577
-1.475667
-0.199136
1.196445
1.551034
2.291024
4.376735
6.116212
6.515008
5.763757
3.475828
0.844998
-1.322960
-2.157718
-1.632565
0.232669
0.983809
1.959575
4.143208
6.215360
7.040448
6.043414
3.950778
1.253781
-1.033364
-1.866648
-0.753134
0.214265
0.750633
1.556809
4.195964
6.517388
7.277860
6.098950
4.418730
1.041325
-0.723876
-1.320672
-0.695539
0.723079
1.400420
1.972721
4.284846
6.182672
6.396352
5.299863
2.791587
0.591285
-1.410134
-1.454609
-1.394219
0.020623
1.253252
2.397177
4.038615
5.705270
6.158452
6.171166
4.009768
1.158729
-1.199979
-2.340817
-1.672132
-0.236130
0.551600
1.982030
4.524657
6.505794
6.660676
6.170236
3.225965
0.516819
-1.891450
-2.284829
-1.454995
-0.173230
0.819092
1.818966
3.537914
5.200635
6.423936
5.266843
2.998366
0.351327
-1.768402
-2.470798
-1.245777
-0.053237
0.570539
1.910529
3.750786
6.177331
6.325902
5.407731
3.487334
0.963230
-1.064648
-1.379918
-0.991454
-0.381390
0.691499
1.564285
3.574099
5.536092
6.442725
5.716897
4.159557
1.411795
-1.189717
-1.294446
-0.722233
-0.017062
1.022958
1.845848
3.610350
6.438924
6.779929
5.779374
4.001287
1.431722
-0.732321
-1.574937
-1.136366
0.341947
1.215286
2.419766
4.553277
6.854287
7.141564
6.631501
4.090100
1.156867
-1.092720
-1.560294
-0.564830
0.949447
1.503213
2.440500
4.489940
6.245233
6.971631
6.482591
3.454767
0.724278
-0.696469
-1.116462
-0.520390
0.558373
1.265772
1.905608
4.340441
6.441072
6.834893
5.252736
3.102866
0.872066
-1.713001
-2.326889
-1.982382
-0.286613
0.672177
1.604629
3.741785
5.598916
6.448106
5.596784
2.952281
0.933916
-1.105744
-1.684078
-1.037058
0.470105
1.202080
2.408368
4.458446
6.109834
6.872970
6.243535
4.083450
1.214453
-1.276736
-2.174097
-1.017229
0.405810
1.542603
2.938294
4.851674
6.280721
6.371346
5.574059
3.248181
1.250857
-1.035009
-1.265310
-0.311786
0.531487
1.340999
2.481400
4.337852
6.228461
6.372560
5.171048
3.327490
0.889474
-0.797153
-1.575654
-1.057277
0.001828
1.320877
1.950113
3.454237
5.379218
6.593640
5.846631
3.523601
1.040926
-1.447404
-1.924173
-1.643376
-0.469155
0.917418
1.867746
4.165306
6.041244
6.940061
6.139525
3.467264
0.763425
-0.675166
-1.200100
-0.058053
0.802575
2.252923
2.308130
4.188434
6.055156
7.180356
6.374120
3.064190
0.591258
-1.416633
-1.957656
-0.847044
-0.067402
0.546786
1.696324
3.384929
5.422418
6.354070
6.168714
3.443686
1.276346
-0.978442
-2.144740
-1.286175
0.543727
1.748808
2.842294
4.553325
6.162942
7.075830
6.641366
4.443426
1.802602
-0.700714
-1.943054
-1.224989
0.325320
1.281225
2.411547
4.173304
6.521741
6.985110
5.727448
3.465034
0.718520
-1.336992
-2.121521
-1.472535
-0.011065
0.714367
2.051303
3.686214
5.997148
6.259700
5.308619
3.013100
0.390471
-1.172520
-1.882681
-1.169223
0.438779
0.934585
1.693999
3.488179
5.367787
6.366666
5.277226
3.135774
1.116768
-0.516835
-0.265435
0.232045
0.745139
1.128222
2.209234
4.382877
5.849509
6.670979
5.659822
3.483267
0.606344
-1.139553
-1.375369
-0.556335
-0.257580
0.256788
1.730306
3.672257
6.165353
7.188260
6.395257
3.886971
1.227376
-0.938692
-2.100278
-1.536942
0.065600
0.749177
1.749874
3.951864
5.750161
6.889071
6.062663
3.300546
0.925134
-1.433628
-2.180020
-1.591493
-0.107838
1.340300
1.944736
3.916924
5.878222
6.794335
6.162290
3.463413
0.618745
-1.125207
-2.330441
-1.366456
-0.151303
0.814483
1.907925
3.895897
5.790179
6.767262
5.882070
3.641146
1.309821
-1.118744
-1.641706
-0.707859
0.917834
1.322305
1.436732
3.948282
6.141097
6.751706
6.031304
3.829577
1.207957
-0.724022
-1.138496
0.333501
1.279763
1.626043
2.299908
3.869779
6.100987
6.517724
5.419553
3.391803
0.553508
-1.469409
-2.291635
-1.449641
0.374310
0.773210
1.662988
3.842028
5.441140
6.556523
5.027463
2.866177
0.291286
-1.905254
-2.278223
-1.610019
-0.736989
0.455424
1.765944
3.798628
6.039903
6.780681
5.839652
3.611243
1.034469
-1.103486
-1.567147
-0.636560
0.458987
0.938089
2.018606
4.151188
5.546763
6.316623
6.253911
3.603427
1.047717
-1.432806
-1.954681
-0.934739
0.392636
1.400982
1.889802
3.706360
6.344022
7.574666
6.141759
4.117224
1.154657
-1.270311
-2.060754
-1.762744
0.116127
0.999523
2.145225
4.341331
6.579019
7.906163
6.537154
4.230043
1.334014
-0.493661
-1.619752
-0.871153
0.171000
0.897279
2.425079
4.189387
5.985206
6.539643
5.681432
3.167718
0.448083
-1.686670
-2.472119
-1.881368
-0.689260
0.785770
1.517332
3.595912
5.681905
5.877217
5.389993
3.403001
0.390976
-1.689238
-1.315611
-1.042493
-0.116290
0.975396
1.648611
3.094556
5.952401
6.696448
5.452008
3.418710
0.185217
-1.497350
-1.692549
-1.453257
-0.863348
0.275774
1.309392
3.811011
6.011804
6.670386
5.332471
2.892774
0.522562
-1.257945
-2.207520
-1.372443
-0.029181
1.245822
2.169446
3.916757
5.993997
6.871369
5.795194
3.402833
0.537278
-1.494496
-2.526473
-1.630246
-0.445488
0.641124
1.536813
3.706046
6.290364
6.951240
5.806977
3.177678
0.444813
-1.748526
-2.001979
-1.256916
-0.460913
0.183700
1.018312
3.206231
5.499169
6.439855
5.195436
3.427335
1.011816
-1.482569
-1.755111
-1.342125
-0.832050
0.509601
1.473870
3.869493
6.370486
7.695027
6.679021
4.188624
1.360359
-1.370785
-2.597048
-1.548917
0.218252
1.201459
2.126963
4.515275
6.828612
7.655545
6.568099
3.786869
1.176380
-1.231377
-1.912219
-0.928122
0.361821
1.938952
2.360441
4.193503
5.936746
6.384385
5.176688
3.323049
0.525001
-1.737739
-2.659798
-2.082340
-0.436379
0.063704
1.102881
3.623960
5.476846
6.422105
5.445971
2.901875
0.552029
-1.552472
-2.270614
-0.995259
-0.365963
0.673847
2.156912
3.965312
5.995236
6.403520
5.095424
3.307536
0.664495
-1.959618
-2.613905
-1.593397
-0.757030
0.630618
1.425286
3.663833
6.122926
6.820403
5.846822
3.183271
0.627219
-1.770699
-3.071866
-1.711541
-0.052383
0.630923
1.471325
4.063715
6.426959
6.786614
5.766763
3.132659
0.279790
-2.064569
-2.642755
-2.410672
-0.846484
0.418169
1.655602
3.541163
5.781928
6.499063
5.206845
3.261171
0.675591
-1.681145
-2.061016
-1.620758
-0.781507
0.380374
1.279668
3.309983
5.658143
6.259580
5.199674
2.621477
0.142864
-1.805200
-2.633737
-2.069576
-0.501774
0.256366
0.723166
3.426287
5.660050
5.707498
4.976897
2.875482
0.091374
-1.609902
-2.464705
-1.461814
-0.127543
0.688595
1.872499
3.647923
5.739793
6.304627
5.288484
3.477398
0.896763
-1.254112
-1.606882
-1.008412
0.389905
1.082680
1.904739
4.002823
5.949040
6.240087
5.319745
2.933558
0.920253
-1.148003
-2.069973
-1.324075
0.258432
1.298264
2.339781
4.344143
5.871408
6.589547
5.416085
3.301160
0.646036
-1.568950
-2.445254
-1.491638
0.320495
1.075365
1.997846
4.007344
6.228160
6.648362
5.207950
3.364952
0.469096
-1.719355
-2.515792
-1.862140
0.150434
1.010474
1.953804
3.602637
5.908933
6.750299
5.266709
3.508219
0.581028
-1.742004
-2.322310
-1.796214
-0.408399
0.398589
1.432506
3.438782
5.324952
6.158780
4.577528
2.152239
-0.219267
-2.701222
-2.872299
-2.155488
-0.941263
-0.152719
1.283125
3.851796
5.645581
6.259318
4.442451
2.107336
-0.079563
-1.935390
-2.692827
-1.509127
-0.509867
0.709116
1.175374
3.158508
5.872575
6.887727
5.665959
3.512525
0.728877
-1.160077
-2.331246
-1.697312
-0.184258
0.541466
1.936167
3.993901
6.222848
7.192399
5.963544
3.467383
0.423854
-1.841686
-2.543388
-1.693061
-0.404395
0.605511
2.176617
3.977787
6.018193
6.641389
5.502992
3.372210
0.769303
-0.916026
-1.970941
-1.814960
-0.645897
0.136992
1.569904
3.905743
5.696694
6.428937
5.124578
3.095967
0.222474
-2.001217
-2.961702
-2.134009
-1.015675
0.086346
1.208876
3.591537
5.612832
6.259931
5.142320
2.174652
0.130072
-1.694524
-2.385766
-1.766002
-0.150980
0.441589
1.114059
3.384970
5.264596
6.190022
5.452647
3.728663
0.891648
-1.398208
-1.449286
-1.011364
-0.396385
0.222732
1.395648
3.662675
6.203843
6.207036
5.192525
2.797503
0.845561
-1.608609
-2.223113
-1.158219
-0.061200
0.945673
2.125902
3.796225
6.632260
7.302957
5.862170
4.213253
1.091102
-1.043180
-1.286230
-0.589795
0.510909
1.105316
2.247171
4.512455
6.958673
7.654887
6.472205
3.777261
0.912871
-1.110394
-1.921041
-0.937668
0.206250
0.955695
1.804131
3.911968
6.214269
6.424634
5.505010
3.048263
1.076238
-0.699356
-1.660618
-0.715347
0.856591
1.228284
2.493305
4.336378
6.297315
6.589053
5.566655
3.753088
1.013817
-0.740465
-1.567689
-1.350996
-0.074263
0.802928
1.997066
4.301329
6.241368
6.684987
6.135205
3.554530
0.676270
-0.893924
-1.524898
-1.207918
0.634294
1.342872
2.280813
4.097586
6.062863
