6.527809
5.661280
3.838964
1.227322
-1.733136
-2.518738
-1.762422
-0.403193
1.061042
2.273091
4.062128
6.719828
7.411280
6.614649
4.015559
1.614963
-0.877112
-1.865279
-1.064726
0.284869
0.807989
1.667803
4.176764
6.352453
7.272532
5.575586
3.606601
0.706038
-1.836756
-2.497058
-2.102067
-0.775949
0.164702
1.591840
3.979574
6.188736
6.726385
5.540979
3.249496
0.750623
-1.409635
-1.844473
-0.790864
0.560192
1.072153
1.783967
4.253422
6.217527
6.654268
5.767721
3.339763
0.186142
-1.566090
-1.726686
-1.213778
-0.088067
0.700536
2.013199
3.450102
5.657663
6.045977
4.459296
2.877309
0.295173
-2.017993
-2.697605
-1.826408
-1.500154
-0.341398
1.556961
3.982991
5.596628
5.952658
5.146189
2.208724
-0.118200
-2.642593
-3.130191
-1.993695
-0.555615
0.574246
1.755461
3.918222
5.555079
6.478712
5.691599
3.145045
0.086208
-2.257781
-2.531755
-1.956504
-1.053963
-0.493158
1.090741
3.397442
5.242933
6.022202
5.161211
2.518951
-0.002788
-1.942118
-2.842139
-1.913802
-0.376837
0.354297
1.487294
3.651889
5.586496
5.723886
4.696187
2.532089
0.113466
-1.807807
-2.926644
-2.226008
-0.187290
0.902051
1.700984
3.831141
5.722963
6.625513
5.533073
3.343576
0.144398
-2.056932
-2.796132
-1.695364
-0.819203
0.101243
1.093765
3.603234
5.081938
5.720053
5.239115
2.899406
0.478647
-1.338661
-2.400812
-1.957170
-0.932151
0.154925
1.222919
3.386367
5.607611
6.541876
5.533869
3.078076
0.755508
-1.235849
-1.994288
-1.152168
0.379192
1.555765
2.000681
3.872422
6.047529
6.449911
5.596891
3.139377
0.096233
-1.752340
-2.376946
-1.884331
0.268356
1.059366
1.631639
3.996956
6.106199
6.332319
5.342009
2.888972
-0.013441
-1.751477
-2.303905
-2.195798
-0.434888
0.655656
1.738505
3.347831
5.641273
5.934082
5.173801
2.569582
-0.512429
-1.818991
-2.066422
-1.330976
0.028651
0.741124
1.257859
4.138518
5.533014
6.215727
5.792011
3.522299
1.186691
-1.146414
-1.790112
-1.635582
-0.122130
0.839797
1.900746
4.038145
5.954062
6.671692
5.861956
3.238810
0.175175
-1.961633
-2.788978
-1.817402
-0.376197
0.459483
1.448684
3.756525
6.246630
6.423918
5.723059
3.182171
0.110970
-2.192910
-2.708660
-1.994858
-0.687086
1.224756
2.156252
3.949549
5.618320
5.906525
5.263266
2.636117
-0.005744
-1.828196
-2.364661
-1.926523
-0.606496
0.607294
2.031510
3.902904
5.854727
5.877052
5.387484
3.034306
0.470685
-1.350776
-2.476260
-2.160957
-0.299617
0.841534
1.894050
3.686554
5.604158
6.809710
5.680693
3.300128
0.790771
-1.564716
-1.555766
-1.015669
0.306171
1.039520
1.994611
3.894244
6.186403
6.113802
5.036623
2.643408
0.046881
-2.017330
-3.054546
-2.124814
-0.734488
0.075125
1.623206
3.259364
4.921186
5.683369
4.886233
2.577667
-0.346161
-2.282786
-2.680609
-1.831006
-0.675200
0.454839
1.800315
3.427526
5.225500
6.173765
4.697554
3.018879
0.744224
-1.556407
-2.510272
-1.748169
-0.506333
0.618094
1.763616
3.577013
5.710835
6.389347
5.319048
2.876476
0.149241
-2.119852
-3.207599
-2.043779
-0.928464
0.605990
2.186522
3.674233
5.377752
5.987833
5.125769
3.066134
0.424661
-1.739896
-2.968000
-1.671371
-0.405758
0.490858
1.249779
3.268223
5.605883
6.432802
5.129322
2.306837
0.316793
-1.659461
-2.515474
-1.850090
-0.570227
0.993069
1.613950
3.348429
5.735132
6.140581
5.082146
2.886916
-0.105408
-2.194456
-3.193031
-2.787827
-0.754149
0.042349
1.412674
3.063617
5.152769
5.564770
5.055319
2.975338
0.418329
-1.746428
-2.526739
-0.950862
0.380045
1.155432
1.687390
3.315043
6.229612
6.929783
5.808386
3.147697
0.166352
-1.531537
-2.156577
-1.368580
-0.079123
0.787186
1.678364
3.529818
5.464376
6.335758
5.005266
2.789358
0.043645
-1.687895
-2.400285
-1.657351
-0.693907
0.159478
0.919640
2.559812
4.459449
5.845917
5.010012
2.020259
-0.802545
-2.765448
-3.753516
-3.488706
-2.113110
-0.808218
0.690621
3.198820
5.142584
6.133451
4.494939
3.040984
0.024113
-2.514681
-3.295909
-1.826709
-0.280624
0.546393
1.349103
3.065519
5.337698
6.007364
4.970751
2.610944
-0.224303
-2.191353
-3.149568
-2.072553
-0.646724
0.912965
1.962366
3.597919
5.166773
5.875208
4.661186
2.255793
-0.311844
-2.212396
-3.051831
-1.928956
-0.729704
0.305580
1.182838
2.935210
4.849569
5.642843
4.464514
1.941051
-0.855450
-3.106668
-3.667123
-2.896503
-1.170580
-0.073411
0.772765
2.790128
4.600631
5.090048
4.036608
1.999994
-0.481325
-2.549547
-3.484535
-3.101639
-1.475110
-0.354026
1.176803
2.363208
4.618011
4.731147
3.753395
2.176789
-0.575885
-3.137518
-3.428039
-2.380178
-0.936362
0.078012
1.446664
3.156899
5.181133
6.290033
4.877310
2.475204
-0.315788
-2.055971
-2.807409
-2.215346
-1.069063
0.425129
1.396229
2.966537
4.998974
5.985846
4.898508
2.720425
-0.306341
-2.606338
-3.198787
-2.576277
-1.186842
-0.697219
0.230928
2.046579
4.009706
4.680977
3.529607
1.263968
-1.043373
-3.322467
-4.238365
-3.252863
-1.128960
-0.154473
0.546153
2.024320
3.733320
4.721633
4.024865
2.285478
-0.306278
-2.128966
-3.017962
-1.617513
-0.259537
0.141809
0.769459
2.745275
4.444347
5.454346
5.036478
2.241110
-0.747788
-2.606667
-3.241237
-2.800117
-1.351760
0.108143
1.191080
2.824293
4.729407
5.499193
4.506742
2.113141
-0.614722
-2.794656
-3.457641
-2.771020
-1.497389
-0.049774
0.723992
2.593211
4.551179
5.442354
4.543552
2.361465
-0.374661
-2.721933
-3.350135
-2.100578
-1.165294
-0.158697
1.471069
2.789851
4.630050
5.378298
4.409301
2.158632
-0.417344
-2.823886
-3.898242
-3.281023
-2.045257
-0.639713
1.310277
2.722471
4.338357
5.215860
4.119478
1.724407
-0.834773
-2.758475
-3.856539
-3.016788
-1.744038
-0.694870
0.488302
2.579472
4.792521
5.429583
4.390133
2.016361
-0.474873
-2.705143
-3.750551
-3.171772
-1.298636
-1.145239
0.192918
1.822851
3.688100
4.607979
3.661935
1.409883
-1.329542
-3.357555
-3.941699
-2.337849
-0.905158
-0.906043
0.244681
1.705313
3.103370
3.710185
2.639380
1.132336
-1.249304
-3.909194
-4.468674
-4.111210
-2.389264
-1.507534
-0.157882
1.594016
3.785743
4.514850
4.027598
1.868609
-0.890406
-3.287377
-3.318720
-2.235235
-1.552773
-0.350059
0.218616
2.016994
4.074688
4.827654
3.782297
1.320140
-1.782143
-3.960385
-4.251191
-3.636889
-2.063851
-0.883764
0.334492
2.169915
4.434999
4.797582
4.021503
1.466460
-1.420609
-2.810352
-3.632983
-2.158195
-0.529552
0.107674
0.940483
2.189956
3.948686
4.587884
2.965538
0.649774
-1.784257
-3.704418
-4.299666
-3.254909
-1.913036
-0.755712
0.142001
1.624011
3.246284
3.973186
3.049414
0.748461
-1.532555
-3.211325
-4.068233
-2.809778
-1.173401
-0.264215
0.529698
2.147712
4.207587
3.838272
3.336604
1.057010
-1.561756
-3.821828
-3.876781
-3.120982
-1.954879
-1.265859
-0.363998
1.506793
3.039741
3.819911
2.943160
0.526514
-1.952177
-4.027501
-4.566080
-3.404478
-1.772637
-0.836062
0.035786
1.522943
2.508597
3.703947
2.890711
0.341866
-2.197821
-3.974951
-4.538171
-3.264090
-1.859322
-0.498858
-0.078387
0.916086
2.532963
3.223413
3.288972
1.326623
-1.333523
-3.675541
-4.133638
-2.994312
-1.235769
-0.174908
1.029876
2.432404
4.581999
4.260707
3.389559
1.342130
-0.969390
-2.769451
-3.563403
-2.141623
-1.330417
-0.570256
0.018675
1.696710
3.406058
4.130259
3.315000
1.498579
-1.320113
-3.764284
-4.807157
-3.705786
-1.691769
-0.935474
0.224758
2.194980
4.155734
4.922792
4.251079
1.888127
-0.651348
-2.716648
-3.267710
-2.340570
-0.596775
-0.146106
0.709084
1.898015
4.365463
4.960073
4.041251
1.733975
-0.975589
-2.645374
-3.379033
-3.248552
-1.529315
-0.449832
0.552029
1.862187
3.553763
4.296392
3.837111
1.061359
-1.283019
-3.503619
-3.551394
-2.612908
-1.179956
-0.221900
0.851585
2.361676
4.250683
5.040770
4.170152
1.444544
-1.270567
-3.468188
-4.277420
-4.044827
-2.463702
-1.500655
-0.364779
0.966477
3.013961
4.212583
3.529617
0.839869
-1.437457
-3.394903
-4.222028
-2.963833
-1.469200
-0.771309
-0.075774
1.492198
3.465151
4.261947
3.866030
0.893361
-1.887174
-4.129635
-4.442390
-3.531673
-1.727972
-0.300546
0.654108
1.587837
2.853950
3.512905
2.711387
0.261491
-2.147022
-3.855368
-4.268281
-3.112848
-1.579460
-0.489502
-0.192060
0.856064
2.656749
3.004496
2.324157
0.154060
-2.411086
-4.649959
-4.630034
-3.958953
-2.744463
-1.305316
-0.539550
0.785619
2.606215
3.007459
2.744951
0.079204
-2.236013
-3.556654
-4.554039
-3.083364
-1.635124
-0.145471
0.912113
1.769293
3.347074
4.062594
2.876209
0.711421
-1.754354
-3.804612
-4.391850
-3.153733
-1.268385
-0.250538
0.450904
1.374733
3.131093
3.784115
2.726871
0.734113
-1.683939
-3.138985
-3.591748
-2.335101
-0.693901
-0.057984
0.027481
1.377972
2.571259
3.683715
3.353000
1.320065
-1.201437
-3.340901
-3.245081
-2.142865
-0.779301
0.332579
0.650334
1.892740
3.683455
4.326878
3.072388
1.028961
-1.690202
-3.407767
-3.973614
-3.273692
-1.806824
-0.844551
0.013646
2.101357
3.440553
4.090333
3.417389
0.928501
-2.033803
-4.168130
-5.139655
-4.014452
-2.156183
-0.766421
0.220905
1.576517
3.036609
3.863484
2.711674
0.754181
-1.355947
-3.043988
-2.973073
-2.398018
-1.313761
-0.169939
0.328705
1.688513
3.165621
4.366930
2.962995
0.212548
-2.061719
-3.952975
-4.657113
-3.157607
-2.076210
-0.438117
0.280027
1.050948
2.898657
3.745074
2.299985
0.025765
-2.530978
-4.440249
-5.506780
-4.180918
-2.789822
-1.550405
-0.752683
1.221316
2.627751
3.355652
2.658924
0.246824
-2.373900
-4.004026
-4.400032
-3.362059
-1.908552
-0.515800
0.224093
1.372417
2.717994
3.550533
2.456359
0.127102
-2.398435
-4.316870
-4.693966
-3.340189
-2.584999
-1.368771
0.131256
1.256387
2.649316
3.085041
2.824889
0.597474
-2.685346
-4.724960
-4.435832
-3.244150
-1.902508
-0.638998
-0.135820
1.211578
2.779732
2.961675
2.484906
0.111170
-2.239099
-3.933373
-4.372239
-3.314180
-1.641983
-0.575020
0.516009
1.920996
3.037388
3.271557
1.756423
-0.329353
-2.641049
-4.382816
-4.696538
-3.610381
-2.090982
-1.803171
-0.799252
0.975373
2.100591
2.985883
2.028290
-0.081421
-2.202562
-3.877063
-4.347011
-3.414794
-1.845201
-1.177376
-0.371261
1.461906
2.786767
3.339025
2.631736
0.789622
-2.308094
-3.917212
-4.659968
-4.039455
-1.769695
-0.839023
-0.279825
0.761456
2.728856
3.432423
2.673460
0.739069
-2.301677
-3.779712
-4.384290
-3.520864
-1.622902
-0.730495
0.041554
1.462337
3.168201
3.509675
2.625516
0.703074
-1.801350
-3.559897
-4.196469
-3.361813
-1.523706
-0.326054
0.634237
1.563684
3.172670
4.515429
3.353431
1.272143
-0.795356
-2.748756
-3.571598
-2.938475
-1.995968
-0.535233
0.347206
1.682490
3.335711
3.612729
3.220175
1.442212
-1.428650
-3.636345
-3.994704
-2.499729
-0.788649
-0.563314
0.106068
1.492414
3.255601
4.180514
2.978771
0.953158
-1.184495
-2.857039
-3.359192
-2.106218
-1.038839
-0.124281
0.038041
1.399841
2.911495
3.615392
2.623504
0.711157
-2.373116
-4.065084
-4.607660
-3.419065
-1.105007
-0.641834
0.297623
1.286410
2.908175
3.381803
2.245940
0.005424
-2.708464
-4.461747
-4.982409
-3.882093
-2.148952
-0.471367
0.142580
1.630662
3.204251
2.870440
2.121797
0.071933
-2.538869
-4.447514
-5.014778
-3.747758
-1.825144
-1.557184
-1.050524
0.235039
1.902438
1.839453
1.068529
-0.820317
-3.074091
-4.486120
-4.481284
-3.229404
-1.714685
-1.198143
-0.077426
0.841113
1.924763
2.294444
1.745249
0.151158
-2.501837
-4.063025
-4.559768
-3.932967
-1.698532
-1.210164
-0.426079
1.528165
2.621292
2.574284
1.328436
-0.589102
-2.943481
-4.903319
-5.217116
-3.838342
-2.505535
-1.374766
-0.692284
0.584546
2.485422
3.232021
2.389572
0.345782
-1.914660
-3.784918
-4.078100
-3.342479
-1.715313
0.080408
0.584527
1.662993
2.918083
3.537412
3.083972
0.896263
-1.952091
-4.044483
-5.005527
-3.525568
-1.902143
-0.540443
-0.282827
0.843551
2.185246
3.310644
2.009642
0.181714
-2.624973
-4.346478
-4.506590
-3.624731
-2.667894
-1.634209
-0.742753
0.455047
1.931952
2.396438
1.418462
-0.559308
-3.061530
-5.131911
-4.964322
-4.874952
-3.062018
-1.569428
-1.311346
0.178580
1.273488
1.677156
1.174757
-0.680446
-3.182824
-5.068377
-5.520992
-4.172446
-2.618294
-1.341813
-0.887463
0.508545
1.681956
2.186121
1.189382
-0.700809
-3.149885
-5.168799
-6.043411
-4.523147
-2.727211
-1.491323
-0.566949
0.621066
1.741266
1.667569
1.119841
-1.154076
-3.591262
-5.218577
-5.378076
-4.170913
-2.356302
-1.086826
-0.587749
0.099944
1.527512
1.826181
1.126642
-0.623106
-3.209723
-5.048483
-5.600564
-4.891351
-2.979212
-1.407307
-0.641452
0.057199
1.305939
2.041226
0.853796
-1.047451
-3.689991
-5.331607
-5.070915
-4.138127
-2.732651
-1.577297
-1.001410
-0.028126
0.839565
1.698515
1.783158
-0.401175
-2.397445
-3.857973
-4.458732
-3.638577
-2.257269
-1.240547
-0.256637
1.889524
2.784491
2.676039
1.339610
-0.311953
-2.650826
-4.307135
-4.535564
-3.242857
-1.313829
-0.191780
0.049415
0.933244
2.715002
3.272041
1.756644
-0.213423
-2.313415
-4.304400
-5.305076
-4.262397
-2.393837
-1.150230
-0.575514
1.025760
2.014163
2.290565
1.493922
-0.870002
-3.204843
-5.015640
-5.157049
-4.569731
-2.294437
-1.142956
-0.515429
0.790980
1.957480
1.995797
1.038017
-0.752848
-3.457935
-5.506800
-6.091219
-4.952265
-3.462587
-1.552742
-0.930448
-0.019427
1.256947
1.548388
0.767637
-1.028710
-3.897758
-5.776264
-5.900525
-4.868024
-3.157768
-2.212675
-1.146220
-0.161094
1.473689
1.782548
0.878818
-0.959345
-3.037977
-4.767106
-5.555881
-4.240776
-1.651573
-0.745073
-0.430415
0.573236
1.691937
2.054102
1.322970
-0.559376
-2.571381
-4.611472
-5.081696
-4.360592
-2.105782
-1.324469
-0.734901
0.708372
1.837408
2.037708
0.557262
-1.289528
-3.714954
-5.867833
-6.448238
-5.233363
-3.494429
-2.222354
-1.551835
-0.090472
1.029293
1.462525
0.350525
-1.909293
-3.435493
-5.621238
-6.269040
-5.053509
-3.050293
-1.430742
-0.677073
0.099289
1.555240
2.161248
1.442318
-0.475062
-2.622121
-4.363022
-4.423183
-2.680218
-1.356329
0.099432
0.279700
0.878966
2.598533
2.770472
1.876107
-0.861126
-3.314468
-5.203739
-5.657640
-4.201253
-3.079912
-1.684736
-1.106300
0.294007
1.460223
1.614179
0.903603
-1.630990
-4.110908
-5.356263
-5.120844
-4.048929
-1.953461
-1.262854
-0.885184
0.066450
1.235035
1.076569
0.313331
-1.850997
-4.017754
-5.403005
-5.497238
-4.494067
-2.750046
-1.227507
-0.821862
-0.150973
0.871064
1.394879
0.571496
-1.506249
-3.753258
-4.717613
-4.932808
-4.401752
-2.552521
-1.447979
-0.747309
0.034636
1.268888
1.446124
0.153121
-1.242102
-3.335637
-4.331199
-4.167539
-3.722212
-2.238052
-1.200785
-0.409708
0.485927
1.830342
1.778073
0.713211
-1.315628
-3.916754
-5.305779
-5.712763
-4.114576
-1.898630
-1.592018
-1.007599
0.478330
1.695428
1.829104
0.939557
-1.673719
-4.041067
-5.832138
-6.207863
-5.301140
-3.091627
-1.545675
-1.055222
-0.501996
0.716111
0.856378
-0.053569
-2.342444
-4.720550
-6.228298
-6.510755
-4.901918
-3.401485
-1.828245
-0.893086
-0.355750
1.439245
1.761369
0.576716
-1.574975
-3.846796
-5.200379
-5.230353
-4.364904
-3.168230
-1.742851
-0.868457
0.207722
0.699071
1.069244
-0.336429
-2.321733
-4.053576
-5.989152
-6.492384
-5.015059
-2.926043
-1.406244
-1.087422
-0.077506
1.024597
1.457582
0.378412
-1.297828
-3.887541
-5.560111
-6.022535
-4.856897
-2.731312
-1.040478
-0.529099
0.619615
1.543021
1.567559
0.540939
-1.703734
-4.104329
-5.658318
-6.329283
-5.531138
-3.085333
-2.070709
-0.520855
0.210842
1.221351
1.769771
0.198248
-1.594090
-3.609406
-5.131699
-5.199852
-4.831252
-3.014223
-2.038647
-1.353425
-0.593980
0.528526
1.205477
-0.149062
-1.777617
-3.730459
-4.937841
-5.220887
-4.120607
-2.229515
-0.967876
-0.779448
0.154744
1.564141
1.530594
0.998723
-1.203272
-3.825171
-5.062602
-5.951461
-4.827119
-2.423058
-1.156271
-0.179281
0.568803
1.661207
1.623172
0.216144
-1.763311
-4.451458
-6.089658
-6.559254
-5.636524
-3.573299
-1.675642
-1.171555
-0.219273
0.795484
0.774801
-0.164064
-2.411847
-4.837103
-6.391784
-6.730117
-4.809818
-2.983509
-1.663668
-1.135893
-0.145457
1.286475
0.775681
0.024575
-2.155624
-3.957436
-5.342939
-5.240117
-3.993492
-2.356443
-1.474869
-0.568306
-0.175665
0.768962
0.890678
-0.372576
-2.651589
-5.016483
-6.506984
-6.431824
-4.954412
-2.964540
-1.865681
-0.385526
-0.729299
-0.022257
-0.082964
-1.196351
-3.525661
-5.569242
-7.108393
-6.938522
-6.111757
-4.264772
-3.361625
-2.345776
-0.968747
-0.079720
-0.320995
-1.076654
-2.668413
-4.681707
-6.204783
-6.611853
-5.508870
-3.242342
-1.646120
-1.609900
-0.743932
0.427019
0.732212
-0.588478
-2.333102
-5.058045
-6.562464
-6.899984
-5.292957
-3.379274
-1.885437
-1.716857
-1.384045
-0.380304
0.368133
-0.647918
-2.450043
-4.906308
-6.429328
-6.498860
-5.197057
-3.260075
-2.528130
-1.879918
-0.863237
0.336183
0.716114
-0.512712
-2.576900
-5.026875
-6.784434
-7.337474
-6.224385
-3.431564
-2.057426
-1.306813
-0.154576
0.412619
0.372182
-0.375294
-2.315359
-4.321482
-6.080620
-6.521126
-5.481181
-3.303795
-1.901627
-1.565136
-0.141554
1.065933
0.837839
-0.513697
-2.503239
-4.691797
-6.243228
-6.923830
-5.822997
-3.719238
-2.263575
-1.724771
-0.542612
0.328247
0.583377
-0.503298
-2.630773
-4.517770
-5.806408
-6.137231
-4.744518
-2.898464
-1.705378
-1.583380
-0.163377
0.679420
0.790481
-0.344108
-2.006885
-4.598723
-6.009176
-5.683310
-4.064564
-2.756062
-1.440903
-1.436980
-0.618730
1.006802
1.198799
-0.209916
-2.171678
-4.725196
-6.301483
-6.663756
-5.426684
-2.599237
-1.264229
-1.394489
-0.522990
0.461187
0.772968
-0.214293
-2.391765
-5.550402
-6.959200
-6.567492
-5.281511
-2.895485
-2.154131
-1.848097
-0.543795
0.879837
0.488367
-0.880949
-2.924488
-4.931270
-5.981619
-6.190289
-3.900303
-2.565872
-2.002546
-1.817401
-1.014062
-0.114974
-0.456658
-1.432093
-3.571166
-5.255539
-5.891455
-5.665399
-4.965791
-3.174511
-1.884270
-1.895317
-1.275753
0.261256
0.571115
-0.851044
-2.719489
-4.898968
-6.542323
-6.824982
-5.789112
-4.028973
-2.771130
-1.857330
-1.095553
0.498228
0.334526
-0.404735
-2.335258
-4.818015
-6.605024
-6.495555
-4.057419
-2.642315
-1.465424
-1.627828
-1.108539
-0.144673
0.324441
-0.881463
-2.865628
-4.695024
-5.870269
-5.801950
-4.486536
-3.623266
-2.095274
-1.345112
-0.696366
0.193179
0.284542
-0.828712
-3.083119
-5.068662
-6.767766
-7.358782
-6.009136
-3.624983
-2.357983
-1.721793
-0.381208
0.883014
0.745883
-0.097205
-1.982065
-4.555533
-6.083735
-6.008524
-4.890237
-3.228584
-1.953163
-1.300956
-0.518815
0.550979
0.703002
-0.733968
-2.500925
-4.681725
-6.155076
-6.864019
-5.338306
-3.253925
-2.483181
-2.022926
-0.313352
0.306809
1.031219
0.208510
-2.303235
-4.381769
-6.262482
-6.014605
-5.308825
-2.869455
-1.861919
-1.105994
-0.038082
1.122808
0.597141
-0.442252
-2.828920
-4.436127
-6.693905
-6.390372
-4.623774
-3.210629
-2.195696
-1.581610
-0.519288
1.143637
1.869597
-0.420240
-2.359919
-4.769273
-6.318561
-6.489773
-4.840174
-3.295757
-1.950239
-1.640679
-0.328980
1.007504
0.852462
-0.201241
-1.856078
-4.176204
-5.880786
-5.659517
-4.706169
-2.620472
-1.611202
-1.745352
-0.596858
0.402685
0.880215
-0.182973
-2.684541
-5.207807
-7.058475
-7.369371
-6.261928
-4.345863
-2.602296
-2.266059
-1.408674
-0.546474
-0.180227
-1.513453
-3.862115
-5.938905
-7.444838
-7.194885
-5.608242
-3.796429
-2.782154
-2.468109
-1.455973
-0.529618
-0.346087
-1.425661
-3.338926
-5.206600
-6.475110
-6.837028
-4.612007
-2.896311
-2.114588
-1.824081
-1.416249
-0.211318
-0.287753
-0.961016
-2.817253
-5.596953
-7.352760
-7.762459
-6.092938
-3.880457
-2.368909
-1.411510
-0.874396
0.003146
0.216566
-0.696134
-2.504992
-5.058190
-6.892100
-7.392930
-6.608569
-4.528062
-2.959183
-1.601124
0.042202
0.720202
0.654289
-0.638478
-3.132905
-5.441088
-7.108914
-7.190546
-6.031178
-4.216806
-2.555315
-1.988509
-0.651370
0.546554
-0.135807
-1.321856
-3.417001
-5.837548
-7.839312
-7.750628
-5.909482
-3.950396
-2.675877
-1.852029
-1.485394
-0.370521
-0.398160
-1.503034
-3.394763
-5.302352
-6.817188
-6.986715
-5.480819
-3.181303
-1.946701
-1.735352
-1.106637
0.047531
0.044914
-1.394789
-3.223562
-5.540696
-7.459895
-7.975062
-6.866571
-4.402874
-2.873170
-2.145542
-1.386197
-0.252907
-0.099649
-1.247469
-3.343999
-5.550764
-7.262336
-6.952394
-5.852379
-4.801278
-3.314627
-2.691820
-1.631134
-0.394961
-0.422852
-0.874157
-3.230945
-5.901296
-7.117082
-7.655569
-6.506332
-4.366796
-2.797173
-2.289890
-1.366327
-0.729456
-0.545734
-1.783984
-3.742418
-5.632573
-6.780835
-7.007703
-5.636139
-4.411580
-3.348941
-1.864005
-1.205185
0.534286
0.217878
-1.315951
-3.406939
-5.794254
-6.957885
-7.083172
-5.727964
-4.180106
-3.211963
-2.239729
-0.625989
-0.142632
-0.453447
-1.695097
-3.205757
-5.070059
-6.695747
-7.451263
-5.606383
-4.002346
-2.895137
-2.230961
-1.218509
-0.385866
-0.259703
-1.056147
-3.116612
-5.349709
-7.028956
-6.899714
-6.154496
-3.851358
-2.717355
-2.171292
-0.980426
0.068048
0.020897
-1.270213
-3.540108
-5.787217
-7.305721
-7.343395
-6.375420
-4.294928
-2.874892
-2.305049
-0.895006
0.244598
0.297004
-0.298325
-2.429919
-4.665505
-5.972954
-5.765051
-5.074391
-3.988231
-2.522099
-1.777453
-0.417058
0.317943
0.622970
-0.127615
-2.683383
-5.252525
-6.796949
-7.180908
-6.100107
-3.861012
-2.799278
-1.808449
-0.531368
0.865689
0.743291
-0.016628
-2.603412
-5.081479
-6.567167
-6.617743
-5.480663
-3.666154
-2.172500
-1.432361
-0.462828
0.654743
0.549433
-0.524143
-2.666195
-4.576114
-6.539828
-7.001251
-5.686974
-3.976403
-3.216958
-2.364564
-1.274656
-0.347459
-0.084001
-0.656546
-3.391012
-5.514841
-6.937925
-7.715131
-6.373800
-4.361823
-3.475730
-2.442729
-0.896551
0.692687
0.206047
-1.045018
-3.115583
-4.992151
-6.532967
-6.774278
-5.507063
-3.875133
-2.677445
-2.312003
-1.221494
0.356125
0.067516
-0.877974
-2.687582
-5.342085
-7.408970
-6.992286
-6.042099
-4.354388
-2.442263
-2.006412
-0.840749
0.656603
1.016901
0.199894
-2.496550
-4.675745
-6.005195
-6.598377
-5.571738
-3.972676
-2.684356
-1.586303
-0.720659
0.888052
1.353795
0.231054
-2.360590
-4.409090
-6.313820
-5.742510
-3.940989
-2.028950
-1.667109
-1.525191
-0.775956
0.151994
0.187312
-1.033375
-3.453619
-5.449931
-7.146919
-6.645450
-5.453224
-3.724136
-2.800558
-2.080739
-1.463959
-0.456399
0.020069
-1.511600
-2.996247
-4.836081
-5.849318
-6.462190
-5.824062
-3.851878
-3.135347
-2.238326
-0.964937
-0.004642
0.155201
-1.201950
-3.266906
-5.536089
-7.523504
-7.767247
-6.546052
-4.604313
-3.123234
-2.350860
-1.034188
0.365910
0.240408
-1.141100
-2.862637
-5.374173
-7.292575
-7.256720
-6.341358
-4.303609
-2.545108
-2.452298
-1.543399
-0.410041
-0.555368
-1.874628
-3.605886
-5.960290
-7.341255
-7.244047
-6.669298
-4.508481
-3.285047
-2.483621
-1.132326
-1.018066
-0.805258
-1.465204
-3.489313
-5.361733
-7.022164
-7.211968
-6.699243
-5.058694
-3.844083
-2.901700
-1.182036
-0.319193
0.243878
-0.719879
-2.971458
-5.384733
-7.273837
-7.762593
-7.028813
-4.820522
-3.204229
-2.061293
-1.104824
0.171196
0.076731
-0.881266
-2.839457
-5.480682
-7.277999
-7.349665
-6.274940
-4.157598
-3.405961
-2.657129
-1.012365
-0.277718
0.005789
-0.518970
-2.427500
-4.608990
-6.697575
-6.870143
-5.406075
-3.543749
-3.036972
-2.090373
-0.998773
-0.292317
0.091084
-0.791166
-2.798847
-5.424187
-7.478379
-7.869656
-6.706005
-4.471431
-3.378483
-2.384307
-1.621099
-0.385021
-0.398199
-1.698753
-3.788584
-5.796177
-7.347217
-7.881253
-6.552982
-5.118618
-3.699837
-2.995214
-1.891183
-0.802960
-0.889965
-1.897678
-3.379609
-5.251792
-6.739128
-8.291650
-7.604661
-5.762907
-4.236203
-2.793705
-0.820974
-0.120816
0.005049
-0.784050
-2.788654
-5.545691
-7.485041
-7.812466
-6.828959
-5.061367
-3.923174
-2.128337
-1.297014
0.127569
0.672512
-0.200518
-2.538654
-5.262684
-7.712976
-9.014033
-7.760399
-5.682885
-4.112298
-3.312330
-2.135379
-0.634173
-0.632216
-1.768890
-3.467859
-5.906837
-7.678155
-7.615442
-6.870223
-5.544476
-4.358219
-3.329494
-2.057856
-0.748385
0.440964
-0.737226
-2.528746
-4.328351
-6.326642
-6.251432
-4.551047
-3.096126
-2.257236
-1.538073
-0.348859
0.683262
0.729845
-0.735125
-2.886990
-5.836551
-7.669725
-7.782533
-7.184529
-5.267132
-3.992247
-3.332118
-1.940240
-0.519564
-0.073515
-1.569387
-3.515597
-6.045657
-7.743115
-8.216221
-7.135384
-5.548131
-4.416745
-3.213230
-1.219738
0.079855
0.204634
-1.081112
-3.561008
-5.667683
-7.443277
-7.114972
-6.238664
-4.693871
-3.696042
-2.592752
-0.994716
-0.187515
0.049463
-1.244616
-3.070331
-6.029059
-7.865222
-7.898875
-7.061938
-5.002444
-3.405641
-3.217212
-1.951969
-0.569341
-0.261999
-1.163832
-3.280632
-5.987630
-8.199152
-8.565631
-7.649602
-5.251456
-3.880667
-2.937733
-1.750532
-0.697752
-0.302805
-1.013256
-2.569794
-5.160746
-6.714982
-6.938559
-6.298820
-4.948321
-3.746606
-2.250849
-1.226439
-0.080321
0.622295
-0.635616
-2.728403
-5.788823
-7.677617
-8.123157
-7.025910
-5.227564
-4.027640
-3.063954
-1.635425
-0.410139
0.161283
-0.918336
-3.068541
-5.665111
-8.020605
-8.635296
-7.382404
-5.563625
-3.747707
-2.556157
-1.360032
-0.508638
0.304182
-0.952045
-2.890783
-5.225427
-7.107266
-7.570401
-6.395928
-4.763206
-3.467755
-3.098104
-1.219809
0.454582
0.595362
-1.095710
-3.037531
-5.846641
-7.462850
-8.035545
-6.500258
-4.745604
-3.707202
-2.759774
-1.348153
-0.244259
0.092855
-0.980023
-3.366134
-6.104987
-8.024641
-8.653124
-6.756709
-5.138152
-4.000671
-3.090935
-1.672913
-0.289049
0.373492
-0.115880
-2.290375
-5.586765
-7.706767
-8.033648
-6.741432
-5.299858
-4.159544
-3.012729
-1.642955
-0.143925
0.419201
-1.209378
-2.857071
-5.436121
-7.387914
-8.388343
-7.231254
-5.684937
-3.961881
-3.197098
-1.701015
0.035174
0.695886
-0.453543
-2.769467
-5.756927
-8.216423
-9.109917
-8.094874
-6.043578
-4.422020
-3.596880
-2.221531
-0.910604
-0.938730
-1.635485
-3.575203
-6.187704
-7.676113
-7.902514
-7.667574
-5.775384
-4.364064
-3.273625
-2.146040
-0.859562
-0.044510
-0.947506
-2.810298
-5.304190
-6.812462
-6.588910
-5.738418
-4.398918
-3.859821
-2.604616
-1.322865
0.144517
0.504662
-0.466084
-2.673996
-5.326367
-7.245343
-7.761293
-6.417071
-5.018932
-3.725025
-2.793854
-1.288721
0.135376
1.110062
-0.189839
-2.799297
-5.279072
-6.974991
-7.301021
-6.697469
-4.446350
-4.139752
-2.967561
-1.911039
-0.642077
-0.311056
-1.165724
-3.728257
-6.179822
-8.012497
-8.295493
-7.104948
-5.567419
-4.628866
-3.644553
-2.009241
-0.473005
0.429991
-0.637356
-2.816683
-5.443927
-6.850080
-7.512094
-5.825256
-3.696754
-2.896020
-1.845166
-0.401112
1.079840
1.902390
0.497765
-1.845718
-4.817763
-6.474783
-7.227107
-6.404983
-4.964747
-3.627969
-2.365597
-0.692384
0.806065
1.255704
0.295284
-2.231045
-5.270398
-7.734933
-7.960077
-7.173067
-5.408643
-4.001257
-2.619991
-1.386796
0.548270
1.123816
-0.618612
-3.118667
-5.544693
-7.746047
-8.281267
-7.065272
-5.140710
-4.017707
-2.617148
-1.268885
0.572321
0.954134
0.021558
-1.813705
-5.105667
-7.132336
-7.601672
-6.497590
-4.906103
-3.728677
-2.634634
-1.486997
-0.096870
1.068377
0.224895
-2.338621
-5.654290
-7.829004
-8.463360
-7.121226
-5.104680
-3.643425
-3.180985
-1.255436
0.000220
0.894030
-0.189857
-2.601827
-5.209094
-7.201900
-7.862617
-7.153766
-4.463949
-3.615481
-2.420739
-0.718305
0.177990
0.822571
-0.463073
-2.966804
-5.431235
-7.200453
-7.367928
-6.839225
-4.896771
-4.129362
-3.390527
-1.845348
-0.169338
0.213739
-0.182606
-3.338939
-5.612719
-7.834802
-8.887554
-7.128004
-5.468020
-4.310576
-2.873363
-1.576969
-0.241470
0.237566
-0.601639
-2.878103
-5.638716
-7.959953
-8.029354
-7.684648
-5.724339
-4.579941
-3.328664
-1.923618
0.050282
0.472800
-0.717543
-2.528795
-5.179715
-7.324174
-7.608074
-6.256635
-4.697370
-4.418283
-2.711176
-1.290274
0.079204
0.238250
-0.561879
-2.765871
-5.506295
-7.797679
-8.147379
-6.633711
-4.880943
-3.906835
-2.941781
-1.267499
0.572472
0.603999
-0.634428
-2.695835
-5.681705
-8.294548
-9.152963
-7.819497
-5.689463
-4.969172
-3.373521
-1.939837
-0.044747
0.406477
-0.802361
-3.470553
-6.113987
-8.288790
-9.040825
-8.292297
-6.181755
-4.964426
-3.511414
-2.158358
-0.272018
0.173053
-1.122667
-3.435210
-6.101247
-8.052837
-8.902716
-7.838064
-5.909091
-4.869761
-3.611951
-2.095737
-0.176012
0.067908
-0.500590
-3.318579
-5.795515
-8.278976
-8.787749
-7.938886
-6.340882
-4.808746
-3.550246
-2.021450
-0.176180
0.505457
-0.485096
-2.669785
-5.675104
-8.044451
-9.284822
-8.067529
-6.645916
-5.078746
-3.841272
-1.936333
-0.381523
0.356979
-0.588140
-2.468902
-5.353264
-7.562525
-7.760189
-6.608052
-4.822476
-3.753983
-2.416265
-1.411146
0.089830
0.616653
-0.617949
-3.126657
-5.745790
-8.104788
-8.403278
-7.703302
-5.527050
-4.438094
-3.496600
-1.747984
0.165184
1.247045
-0.446985
-2.889788
-5.334267
-7.536587
-8.419911
-7.310776
-5.151122
-3.715011
-1.925082
-0.714735
0.305910
0.689329
-0.675312
-2.734423
-5.606952
-7.395654
-7.987062
-6.531365
-5.400118
-4.425254
-3.107571
-1.529253
-0.024836
1.131575
-0.331493
-2.253094
-4.758038
-7.105143
-7.125400
-6.285769
-5.304296
-4.197434
-2.632645
-0.969992
0.895157
0.990133
0.079443
-1.776472
-4.795132
-6.948540
-7.006957
-6.706899
-5.339452
-3.817381
-2.850090
-1.111509
0.220656
1.007980
0.467410
-2.592871
-4.849451
-6.989910
-7.775249
-6.833725
-5.674392
-4.301294
-2.859784
-1.098079
-0.060384
0.311192
-0.249859
-2.614326
-4.890924
-6.857480
-7.848552
-6.546891
-5.082175
-3.580295
-2.460261
-0.684939
1.083453
1.075754
-0.676861
-3.338933
-5.736540
-7.724345
-8.205765
-7.270024
-5.829910
-4.325053
-3.500605
-1.643093
0.442503
0.889074
-0.491828
-2.955263
-5.562890
-8.165040
-8.195457
-7.108723
-5.846095
-4.785938
-3.637972
-1.881550
-0.248898
0.310144
-1.165717
-3.010405
-5.699379
-8.211489
-8.341015
-6.517887
-5.386941
-3.976712
-3.157915
-1.363939
0.259802
0.886605
-0.440970
-2.328991
-5.673648
-8.145802
-8.855905
-7.338765
-6.012757
-4.640004
-3.065382
-1.503507
-0.118475
0.612825
-0.397403
-2.740685
-5.192606
-7.704679
-8.598942
-7.915091
-6.083949
-4.554110
-2.865601
-1.549902
0.211203
0.507401
-0.148054
-2.594906
-5.120252
-7.180017
-8.174784
-7.073836
-5.442183
-3.991157
-2.781350
-1.250692
0.370077
0.710973
-0.313498
-2.501109
-5.016741
-6.688833
-7.468530
-6.474137
-5.006517
-3.773657
-2.756927
-1.248517
0.793110
1.990479
0.972490
-1.522087
-4.424372
-6.829004
-7.759187
-6.827048
-4.821634
-3.793212
-2.367345
0.128601
1.849237
2.213968
0.820652
-1.203751
-4.058335
-6.426614
-7.288967
-5.928908
-3.995507
-3.318165
-2.115823
-0.182796
1.841193
2.276960
0.446353
-1.045467
-4.158632
-6.322860
-7.205402
-6.648265
-5.102903
-3.698538
-2.323572
0.005610
1.753895
2.070655
0.990013
-1.185280
-4.040763
-5.889647
-6.160845
-5.628472
-3.412560
-1.918804
-1.577360
0.188454
1.708486
2.138546
0.633785
-1.793997
-4.349515
-6.519435
-7.162358
-5.845425
-3.792711
-2.492870
-2.102202
-0.444487
1.330275
1.917665
0.641026
-1.665358
-4.460418
-6.798651
-7.529110
-6.811525
-4.516526
-3.722046
-2.037610
-0.441660
0.862024
1.078241
0.405147
-1.995260
-4.498547
-6.899822
-6.970430
-6.279018
-5.300899
-3.875274
-2.857396
-0.900041
0.689283
1.383324
0.462612
-1.832559
-4.725001
-6.696465
-7.925286
-6.248767
-4.990537
-3.823932
-2.338968
-0.078283
1.698310
1.775406
0.054611
-1.862576
-4.940393
-6.244588
-7.149599
-6.004205
-4.960315
-4.145096
-3.054192
-1.488977
-0.266315
0.689280
-0.209961
-2.300642
-5.082083
-7.656513
-8.369980
-7.638238
-6.002050
-4.526116
-3.663430
-1.125116
0.927252
1.078657
0.288720
-1.830854
-4.301653
-7.106788
-7.926192
-6.979513
-5.483824
-3.950577
-2.833806
-0.505658
1.227350
1.600169
0.771399
-1.778837
-4.758055
-7.128991
-7.229152
-6.431400
-5.508165
-3.854191
-2.998030
-1.325462
0.888102
1.182793
-0.112853
-1.977861
-4.896981
-7.092231
-7.814166
-6.450818
-4.809430
-4.127942
-2.540064
-0.890951
0.480074
1.031160
-0.093830
-1.859053
-4.272061
-6.420874
-7.050626
-6.699077
-4.716183
-3.652357
-2.053444
-0.181916
1.360220
1.831984
1.127687
-1.190512
-3.904595
-6.335699
-7.217662
-6.342425
-5.573652
-4.118142
-2.421744
-0.512836
1.204874
1.902321
0.672935
-0.973283
-2.870471
-5.251980
-5.995592
-5.613788
-4.094736
-2.719114
-1.653997
-0.181673
1.883798
2.372871
0.807608
-0.965904
-3.742911
-6.232918
-6.775262
-6.142362
-4.876092
-3.024138
-1.263695
0.346615
2.203295
2.505854
1.616904
-0.792999
-3.739285
-6.010891
-6.734653
-5.501559
-4.201293
-2.547506
-0.870789
0.090439
1.778155
2.145563
1.180693
-0.545893
-3.176270
-5.559058
-6.078340
-5.403255
-4.152459
-3.281352
-1.973563
-0.362466
1.935822
2.541672
2.131752
-0.464714
-3.102909
-5.477366
-6.354105
-5.389930
-3.859879
-3.037928
-1.553185
0.401714
2.048717
2.996777
1.594709
-0.916937
-3.724514
-5.927033
-6.848886
-6.218610
-4.403742
-3.204954
-1.952375
-0.101342
2.229853
2.574232
0.958139
-1.479389
-4.207251
-6.746674
-7.825387
-6.322498
-4.709231
-3.141465
-1.811346
-0.194464
1.272496
1.283487
0.764175
-1.466645
-4.250338
-6.792344
-7.928095
-6.999169
-5.451159
-4.297311
-2.665462
-1.071609
1.143263
2.632339
1.341536
-1.502575
-4.511064
-6.794308
-7.798238
-7.182048
-5.715245
-4.000827
-2.559703
-0.909741
1.168858
1.939104
0.870029
-1.294436
-4.223117
-6.569726
-7.532659
-6.358231
-3.867416
-2.854002
-1.837178
-0.454689
1.436045
1.555916
0.894348
-1.358012
-4.190503
-6.681361
-6.933016
-6.071499
-4.583413
-3.167460
-2.430568
-0.454859
1.852277
2.396414
1.209494
-1.018988
-4.240572
-6.302014
-7.309493
-6.416242
-4.592968
-3.185793
-1.578697
0.462675
1.968428
2.460619
0.629820
-1.341883
-4.038209
-6.333421
-6.640693
-5.491677
-4.062208
-2.883496
-1.827630
0.340843
2.374748
2.373047
1.907959
-0.665706
-3.722635
-5.666038
-6.602281
-6.082159
-4.807546
-3.041309
-1.534152
0.011209
1.843311
2.408766
1.491335
-0.832065
-3.871008
-6.510888
-7.455355
-6.346158
-4.803587
-3.762406
-2.011044
0.141438
2.210548
2.694131
1.515771
-1.139351
-3.837379
-6.448268
-6.967490
-6.322474
-5.064130
-3.508655
-2.104770
-0.347757
2.156910
2.622986
1.739258
-0.874914
-3.568653
-6.146270
-6.961257
-6.362967
-4.828352
-4.022143
-2.351144
-0.636073
1.192395
1.897102
0.982386
-1.410294
-3.830476
-6.453228
-7.064724
-5.691770
-4.906402
-3.513207
-1.567670
0.297649
2.428037
3.109383
1.669302
-0.695855
-3.857010
-6.184854
-6.663176
-6.615967
-5.068638
-3.418363
-1.882338
-0.301087
1.854358
2.307308
1.405537
-0.854118
-3.455275
-6.060967
-6.963498
-5.990897
-5.077325
-3.850554
-1.769915
0.031427
1.711258
2.303696
1.187840
-0.717299
-3.307326
-5.651043
-6.333640
-5.029938
-4.036789
-3.120910
-1.788836
-0.072701
2.250671
3.171124
2.274910
-0.497497
-3.185395
-5.244955
-5.702608
-4.847046
-3.365581
-2.347164
-0.999983
1.065548
3.328307
4.164711
3.539705
1.214434
-1.767799
-4.252489
-5.307539
-4.728671
-3.281234
-2.200511
-1.084420
1.284492
3.500885
3.984846
3.065874
0.750186
-2.367966
-4.702132
-6.242784
-5.487587
-3.934861
-2.364283
-0.782261
0.710401
2.693539
3.418463
3.161728
1.294867
-1.527260
-4.045598
-4.522346
-4.017007
-3.244144
-2.049859
-0.732438
1.372007
3.238801
3.474920
2.854298
0.575992
-2.034490
-3.963954
-4.347505
-3.989934
-2.191574
-1.480106
-0.574562
1.586288
3.542064
4.282656
3.710579
0.916710
-1.768344
-4.262068
-4.934808
-4.546818
-3.603721
-2.767480
-0.676419
1.264019
3.226344
4.416082
3.363144
1.094775
-1.851878
-4.720500
-5.168493
-4.934829
-3.095278
-1.948873
-0.785804
1.930299
3.853556
4.713879
3.672339
1.153684
-1.993961
-4.313042
-4.696301
-3.514303
-2.349407
-1.727009
-0.641681
1.414705
3.334005
4.174940
3.657112
1.469407
-1.249231
-3.572591
-4.032923
-3.613343
-2.133521
-0.961945
0.142619
2.151841
4.201976
4.959883
4.178838
1.783679
-1.089788
-3.155509
-3.871647
-3.276521
-2.370429
-1.111203
-0.142572
1.905579
4.088712
5.147219
4.301244
2.408778
-0.641691
-2.692636
-3.687599
-3.375007
-1.747049
-0.741829
1.114680
2.555883
4.805090
5.499586
4.328469
1.907207
-0.596878
-2.846503
-3.451621
-2.538663
-1.324214
-0.098992
0.563154
2.132357
4.296443
5.482363
4.312168
1.775396
-0.876853
-3.327516
-4.083325
-3.231254
-1.364577
-0.237224
0.964776
2.369045
4.370007
5.290030
4.347325
1.822712
-0.848821
-3.281219
-3.723567
-2.890560
-0.956652
0.066988
0.558475
2.697380
4.634822
5.428982
4.133926
1.985784
-0.408714
-2.572082
-3.370937
-2.941363
-1.312859
-0.684357
0.154643
2.382978
4.434580
5.230009
4.317978
1.576550
-0.871398
-3.104474
-3.503779
-2.700721
-1.282414
-0.235228
1.279623
3.384690
5.332968
5.590921
4.695327
2.134263
-0.568629
-2.742435
-3.109616
-1.923180
-0.418996
-0.084949
0.472699
2.472655
4.607252
5.578854
5.126875
3.014828
0.120667
-2.188686
-2.872772
-2.115985
-1.315282
-0.437549
1.377256
3.381122
5.146353
6.476126
4.538226
2.531424
0.224970
-2.491466
-3.425593
-2.062927
-0.504328
0.252262
1.653915
3.440056
5.501308
6.067642
5.032982
3.044097
0.052430
-1.767110
-2.496909
-1.339806
0.420664
1.418446
1.647426
3.649844
5.251617
5.838465
4.879199
2.666782
-0.181855
-1.727745
-2.555469
-1.347440
-0.364973
0.488461
1.403831
3.036667
4.905123
5.359449
4.916986
2.631710
0.109153
-1.847704
-2.477997
-1.271194
-0.422915
0.816429
1.683284
3.358268
5.531546
6.365664
4.960466
2.708343
0.047770
-1.875742
-2.280244
-1.758957
-0.189369
0.731433
1.607711
3.174427
5.586086
6.291330
5.433283
3.398802
0.338490
-2.213910
-3.165947
-2.701229
-0.955621
-0.655145
1.116867
3.257873
5.348513
6.116404
5.037256
3.203165
0.800116
-1.150670
-1.548374
-1.401208
0.254297
1.108880
2.127114
3.908249
5.958899
6.746613
5.654165
3.450733
0.701311
-1.125142
-2.230176
-1.705924
-0.092033
0.607342
1.861711
4.273936
5.975332
6.457323
5.554960
3.213865
0.315029
-1.287189
-2.042390
-1.045342
0.048101
1.606031
2.260014
3.855964
6.113623
6.528345
5.787241
3.789528
1.318941
-0.659695
-1.161942
-0.637766
0.496752
1.407283
1.992470
4.183468
6.604513
6.854639
5.965757
3.587100
0.793794
-0.878051
-1.200045
0.091623
1.236631
1.798595
2.297437
4.233056
6.503450
7.118097
5.968834
3.705832
1.357495
-0.626938
-1.089085
-0.929458
0.211699
0.906289
1.905354
3.514417
5.537233
6.395670
5.661716
3.672160
1.165165
-0.658117
-1.158799
-0.266838
1.243931
1.576544
2.547608
4.081111
5.652395
6.749310
6.029196
3.371621
0.840127
-0.873024
-1.320340
-0.032267
1.310844
1.909937
2.271894
4.522767
6.303625
6.781191
5.133562
2.886371
1.153647
-0.535477
-0.984100
-0.850371
0.133661
1.002023
2.875214
4.533361
5.903803
6.463886
5.544073
4.001713
1.469353
-0.821712
-1.407709
-0.700930
0.703602
1.249012
2.426006
4.205075
6.235498
7.118830
5.989090
4.265375
1.719300
-0.171792
-0.777396
-0.408231
0.859619
1.619058
2.866579
4.795808
6.918247
8.192659
6.535889
4.015347
1.194732
-0.486810
-0.900738
0.042728
1.218197
2.188833
3.188836
4.522274
6.389509
6.636850
5.759911
3.396823
0.974732
-0.902459
-1.828343
-0.914161
0.189571
0.801066
2.248841
3.715759
5.807226
6.764071
5.511026
3.371502
1.213991
-0.776551
-0.932477
-0.942506
0.197754
1.218050
2.087892
3.951471
6.398500
6.631971
5.506092
3.348935
1.349156
-0.420393
-0.735168
0.347977
1.554388
1.868189
2.725662
4.532272
6.261137
6.954279
6.418602
4.155840
1.449999
-0.192855
-0.523514
0.898451
1.954782
2.494505
3.238727
4.828608
6.432245
7.007038
5.749933
3.381371
1.015063
-1.235996
-1.887164
-1.155186
0.251177
0.716367
2.035596
3.732348
6.517696
7.292265
6.179340
4.220618
1.663709
-0.651980
-1.024364
-0.710001
0.403769
1.519285
2.709905
4.046493
6.410271
6.693914
6.303850
3.575419
0.303586
-1.154472
-1.592727
-0.517237
0.921829
1.568436
2.370114
4.036177
6.265394
6.716524
5.808168
3.484463
1.293143
-0.617956
-1.158895
0.347828
1.701017
2.218115
3.016720
4.710332
6.472834
7.144505
5.882515
3.887611
1.848646
-0.067212
-0.295516
0.911001
2.155218
2.245443
2.815198
4.835911
5.908470
7.113646
6.257992
4.590815
1.923351
-0.157817
-0.245144
1.053505
1.880388
2.676210
2.959612
4.725696
6.511261
7.344128
6.478811
4.089354
1.391092
-0.653225
-0.378667
1.100599
1.829306
2.243210
2.969781
4.600786
6.694897
6.954203
6.373503
3.574181
1.109074
-0.355011
-0.464661
-0.387861
0.754665
1.557356
2.939727
5.016806
6.565920
7.299940
6.764254
4.628073
2.504524
0.840163
-0.363229
0.961727
1.885971
2.202118
3.261038
5.350739
7.363802
7.397715
6.616690
4.324984
2.404272
0.266229
-0.506189
0.408398
2.239979
2.190384
3.225654
5.023516
7.139444
7.700327
6.308846
4.427222
1.806944
0.222315
-0.389102
0.406734
1.197046
1.356531
2.437270
4.367722
6.235346
7.588221
6.082033
4.003334
1.616219
-0.668224
-0.882976
0.400547
1.728113
1.504587
2.346858
4.026404
5.494379
6.104172
5.747770
3.910898
1.689969
-0.072333
-0.924047
-0.591512
0.631266
1.884359
2.781931
4.290185
6.026676
6.541422
5.445417
3.672802
1.850061
-0.025657
-0.954531
0.813278
1.600073
2.355284
3.197521
4.940825
7.146992
7.577291
6.910395
4.163227
2.285348
0.327744
-0.129288
-0.089756
0.937904
1.861355
3.172722
5.105658
7.311312
7.717203
6.382441
4.272378
1.433587
0.188847
-0.675880
0.166388
1.363327
2.416449
2.998945
4.501331
6.332586
7.399271
6.589128
5.008604
2.530945
0.409334
-0.182467
0.256859
1.310785
1.653318
2.706823
4.528765
6.830639
7.451567
7.039461
4.695772
2.466203
0.458394
0.311307
1.021330
2.285536
2.564436
3.505061
5.206213
7.480967
8.170240
7.430279
4.958197
2.252228
0.018040
-0.863710
-0.265828
1.112595
1.914682
3.238868
5.001589
6.929029
8.232225
7.353481
5.116865
2.374374
0.149008
-1.001812
0.089060
1.318007
2.287882
3.239381
4.595582
6.739313
7.676813
6.907364
5.406179
2.668379
0.117860
-0.978554
-0.249464
0.931688
1.909662
2.677152
4.792054
6.877056
7.711645
7.175875
4.709924
2.149320
0.454567
-0.018676
0.896435
1.944777
2.337791
3.217947
5.247992
7.884752
7.619799
6.923700
4.728160
1.721352
-0.433076
-1.060845
-0.714413
0.943857
1.690351
2.828724
4.991644
6.891319
7.279684
6.467339
4.420910
1.890817
0.097831
-0.890627
-0.328898
1.145342
1.749920
2.903518
4.606334
6.776197
7.104769
6.156946
4.160212
1.441715
-0.169460
-0.999674
-0.297238
0.964890
1.404893
2.469062
4.188781
5.964766
6.672794
5.743807
3.228234
1.184984
-0.382778
-0.821281
0.137873
1.002644
2.033365
2.581119
3.877969
5.860544
6.955362
6.460764
4.321830
1.491499
-0.843986
-1.057132
-0.383684
0.832874
1.608416
2.601960
4.413620
6.202129
6.773943
5.368296
3.461475
1.739285
0.290311
-0.544370
-0.006121
1.353209
1.800550
2.367990
4.391032
6.197666
7.263828
6.058495
4.129440
1.809860
-0.169616
-0.837541
-0.034550
1.628841
2.750696
3.464729
4.912254
6.404905
6.811029
5.635206
3.667740
0.871800
-0.983574
-1.632087
-0.756968
0.438396
1.301302
1.892879
3.892636
5.932121
6.460011
5.604151
3.755323
1.678162
-0.300492
-0.596834
-0.387357
1.014217
1.747168
3.307852
4.549232
6.607822
6.954233
6.197227
4.011319
1.484089
-0.120305
0.305654
1.306431
2.140726
2.512798
3.119095
5.234594
6.646051
7.238085
6.022495
3.755880
1.079210
-0.784307
-1.423847
-0.331924
1.125246
2.003363
2.554393
4.425442
6.777067
7.098948
6.033169
4.005509
1.702403
-0.308656
-1.248163
-0.712399
0.311926
1.509585
2.841200
5.041733
6.683462
7.446386
5.985928
4.002046
1.160335
-0.571732
-1.050549
-0.599223
0.789547
2.004404
2.868911
4.511060
6.291849
7.029093
6.255964
3.684654
1.671580
-0.652218
-1.159193
0.121414
1.445391
1.807173
2.445065
4.681657
6.567490
7.111265
6.719885
4.239261
1.476645
-0.432738
-0.757905
0.007584
1.145531
2.186306
3.176432
4.841679
6.332806
7.387625
6.957632
4.230954
1.609138
-0.769873
-1.059040
-0.142969
0.729940
1.756836
2.978211
4.312178
6.165224
7.585211
6.855515
4.711594
1.801480
0.082191
-0.370378
0.318548
1.275232
1.977146
3.191050
5.004591
7.069860
7.502188
6.293280
3.847275
1.227535
-0.500030
-0.958594
-0.491183
1.316460
1.628574
2.542096
4.451059
5.726988
7.049753
6.281176
4.615803
1.752977
-0.425811
-1.176444
-0.280684
0.755394
1.447075
2.457335
4.268239
6.702066
6.891527
5.795982
3.735942
1.468915
-0.754505
-1.173312
-0.559626
0.418255
1.480753
2.509665
4.286477
6.085741
7.146235
6.051180
3.650311
1.288230
-0.732532
-1.529708
-0.762294
0.587162
1.517154
2.330176
4.403934
6.332651
7.033724
5.576813
4.127926
1.834087
-0.641490
-0.877740
0.230869
1.831615
1.865957
3.495491
5.104534
6.554567
7.379074
5.706194
3.495139
1.039203
-1.370359
-2.214520
-0.897151
1.084133
1.758942
2.896484
4.299102
6.189638
7.134470
6.273645
3.786057
1.356755
-0.532707
-1.274509
-0.442701
0.814219
1.354851
2.240479
4.011964
5.979467
6.962505
5.797441
3.902491
1.073805
-0.409105
-0.864625
-0.724826
0.735697
1.586772
2.343880
3.832911
6.527674
7.501783
6.739534
3.863829
0.832561
-1.200283
-1.467378
-1.006617
0.086449
1.501181
2.763785
5.124067
6.769911
6.943537
6.497545
4.289217
2.036070
-0.267415
-0.713388
-0.269994
0.782345
1.433783
2.681898
4.429461
6.768166
7.322235
6.106840
3.772725
1.182079
-0.899746
-1.073114
-0.621409
0.383707
1.479195
3.057353
4.987123
6.341709
6.707243
5.494808
3.800357
1.396068
-0.836843
-0.969130
-0.528249
0.893034
1.070340
2.034349
4.452235
6.526541
7.321825
6.000956
4.511031
1.963005
-0.211699
-1.086957
-0.405313
1.096222
1.270768
2.615316
4.537919
6.654402
7.405725
6.180323
3.995995
1.568696
0.120632
-1.025510
-0.302910
0.868645
1.568645
1.976818
4.027477
6.821074
7.456713
6.523195
4.131625
1.438446
-0.622622
-1.502254
-0.791341
0.362808
1.476596
2.670234
4.381290
6.461119
7.455709
6.356924
4.182292
1.621604
-0.629147
-0.551711
0.105095
0.679354
1.111038
2.754395
5.383341
6.758642
7.581903
7.057169
4.080367
1.466932
-0.855968
-1.935172
-0.813095
0.041922
1.606544
2.736570
4.743473
6.857201
7.183199
6.232107
3.403205
0.588550
-1.351353
-1.749597
-1.066183
0.169874
1.217126
2.281060
3.497097
5.298161
6.586208
5.785730
3.977164
1.159073
-0.642358
-1.004458
-0.108013
0.907673
1.727312
2.266024
4.540595
6.917002
6.739164
6.242304
3.691079
1.265518
-0.233567
-0.876027
0.203524
1.560640
1.373147
1.877344
4.131969
6.513079
7.142170
6.082441
3.909633
1.384236
-0.455039
-1.699799
-0.875161
0.511091
1.119819
2.432204
4.453870
6.353851
6.675695
5.634007
3.532032
1.335770
-0.961441
-1.682683
-1.274240
0.118956
0.874091
1.752448
4.050362
6.040537
6.776558
6.404917
3.849531
1.657724
-0.379511
-0.767201
-0.437928
0.289820
1.113642
2.067380
3.993811
5.847559
5.970572
5.990269
4.277642
1.520266
-0.975594
-1.929986
-1.312390
-0.200590
1.465999
2.610617
4.317361
6.398237
7.176764
6.148237
3.428598
0.991193
-1.100561
-1.566269
0.329599
1.450180
1.673771
2.803185
4.673959
6.587374
7.086679
5.914875
3.439417
1.139348
-0.514689
-1.552670
-0.290960
0.594013
1.776697
2.741033
4.378916
6.342413
6.854509
5.679304
3.726934
1.199174
-1.149185
-1.621880
0.041349
0.836519
1.264714
2.336691
3.953274
6.172649
6.429146
5.750221
3.414499
1.033111
-1.497343
-1.814871
-1.235522
-0.017237
1.061767
2.359139
4.116825
6.221310
7.024321
5.309793
3.332131
0.971229
-1.119271
-1.725657
-0.981768
0.667227
1.190302
2.353664
4.724215
6.443722
7.069077
6.219172
4.036458
1.509454
-1.005052
-1.452412
-1.032160
0.183168
0.840313
2.365455
4.028116
5.682926
6.683651
5.721552
3.853614
1.245480
-0.422943
-0.745529
0.461391
1.664417
1.182166
2.425954
4.658256
6.777334
7.859610
6.628187
4.236506
1.901046
-0.062734
-0.941161
-0.107087
1.029224
1.412684
2.528088
4.928431
7.040857
8.112797
6.838192
3.859876
1.280588
-0.679934
-0.786489
-0.178698
1.183365
1.747271
2.476930
4.423774
6.326563
7.320372
6.457167
4.076583
1.830390
-0.383276
-1.370558
-0.161550
0.915363
1.630198
2.368566
4.339332
6.220528
6.996035
5.841238
3.430926
0.733346
-1.142095
-1.689744
-0.649122
0.465061
1.460566
2.562767
4.022696
5.855581
6.536650
5.798967
3.663921
1.194204
-0.498718
-1.312965
-0.642280
0.926855
2.193476
3.083214
4.363385
6.820713
7.276487
6.361330
3.900054
0.858560
-0.732327
-1.847980
-0.980824
0.563053
1.312726
2.500033
4.850934
6.874155
7.331846
5.903191
4.163853
1.325301
-0.953375
-1.454341
-0.689809
0.636642
1.784956
2.940873
4.753734
6.517580
7.137999
6.391991
3.914165
1.348363
-0.565125
-1.332428
-0.729357
0.037228
1.572400
2.665570
4.115777
5.787039
5.960382
5.274784
3.450070
1.315191
-0.723052
-1.152248
-0.586279
0.136078
1.048648
2.451400
4.483855
6.249926
6.313562
6.067997
4.274580
2.063890
0.380671
-0.459592
0.248024
1.546469
2.201830
3.030410
4.891588
6.323458
7.277596
6.845974
4.015627
1.286702
-0.590103
-1.618350
-0.233324
0.853201
1.635626
2.630721
4.537340
6.704861
8.029566
6.957579
4.487183
1.707735
-0.569911
-0.876478
-0.266260
0.793526
1.624697
2.383329
4.348417
6.497528
7.057608
6.297533
3.999900
1.591210
-0.342280
-0.577690
-0.472885
0.359543
1.313903
2.168927
4.278144
6.277617
6.895102
6.041094
3.710438
0.788141
-1.515936
-1.838024
-1.237679
0.168190
1.391817
2.693779
4.898712
7.117239
7.454588
6.371447
4.116376
1.182858
-0.852509
-0.885034
-0.609439
0.409628
1.431677
3.163796
4.685301
6.531969
7.458820
6.463844
4.319137
1.742594
-0.587064
-1.586653
-1.266952
0.549757
1.255080
2.736814
4.547585
5.887835
6.987295
6.633890
4.563530
1.595316
-0.441596
-1.391399
-0.365391
0.561672
1.744826
2.616960
4.528281
6.824642
7.470737
7.272024
4.696034
2.450333
0.196215
-0.763134
0.169613
0.581444
1.548678
2.723804
4.969763
6.800222
7.753139
6.793320
4.391891
1.831100
-0.313477
-1.217483
-0.094332
1.142267
1.414587
2.960443
4.494911
6.825123
7.283945
6.753950
4.240833
1.611681
-0.565736
-1.086329
0.342505
1.644018
1.481642
2.240910
4.252259
6.525187
7.068083
6.390249
4.555904
1.585341
-0.301860
-1.374370
-0.549358
0.774450
2.094690
2.854190
4.726076
7.059505
7.529234
6.664909
4.150454
1.299429
-1.061728
-1.336285
-0.725448
-0.016417
1.295139
2.725948
4.670960
6.955336
7.454844
6.221952
3.680690
0.943250
-1.304652
-1.463073
-1.061437
0.373251
0.693208
2.278759
4.129958
6.174156
7.357397
6.250664
3.796873
1.372733
-1.223687
-2.699822
-1.653275
-0.195675
0.635040
1.495337
3.770323
6.129026
6.808405
5.414116
3.446027
0.914440
-1.345415
-1.120612
-0.808597
-0.167987
0.679759
2.264390
4.009332
6.219175
6.625978
5.668625
3.612534
1.617218
-0.656632
-1.428440
-0.501633
0.166310
1.068206
2.235765
4.381541
6.615047
7.360275
6.121000
3.748968
0.929039
-1.054135
-1.833806
-1.017892
0.396175
0.938339
1.926450
4.055391
6.415173
7.189840
6.125418
3.539428
0.879746
-0.864058
-1.912953
-0.478749
0.436577
1.236267
1.713361
3.605167
5.528574
6.211775
5.628912
3.103341
-0.143441
-1.970517
-2.779823
-1.490303
-0.165254
0.657681
1.790805
3.696353
5.635237
6.336676
4.811300
2.488848
0.418207
-1.105422
-1.596913
-0.821976
0.392962
1.232352
1.869226
3.910045
5.718878
6.218752
5.349337
3.277123
0.960970
-1.421367
-2.897770
-1.399697
0.230337
0.831442
1.540420
3.867155
6.022251
6.636919
5.718380
3.440167
1.187458
-1.086287
-1.109828
-0.575994
1.018421
2.052452
3.437304
5.181295
6.237787
7.134600
6.354160
4.011407
1.344409
-0.001000
-0.708726
-0.264318
1.636354
2.105114
2.668356
4.623559
7.207106
7.802969
6.644003
4.133517
1.459812
-0.099175
-0.662498
-0.308368
0.667456
1.600894
2.488342
4.474618
6.682390
7.347155
6.418932
3.983677
1.367566
-0.951823
-1.192503
-0.339691
0.458069
0.814737
2.156494
4.007000
6.139975
6.974558
5.466219
3.762663
1.062792
-0.985821
-1.630548
-1.432782
-0.508631
1.096893
2.120982
4.211163
5.904823
6.244690
5.367064
3.381133
0.798094
-1.433673
-1.939798
-1.266071
0.342838
1.525543
2.458757
3.984556
6.068029
6.657053
5.636185
3.262195
0.932931
-1.113530
-1.236369
-0.417747
0.996939
1.731537
2.213894
4.225733
6.592951
7.363390
6.222719
4.002355
1.227361
-0.722734
-1.688217
-0.729335
0.486357
1.047674
1.783378
4.020527
6.693338
7.535246
6.737713
4.198427
1.398273
-0.729593
-1.720768
-0.970915
0.472595
1.349647
2.832708
5.069870
7.353228
8.364843
6.991072
5.026432
1.919867
-0.773410
-0.929935
-0.079653
1.507320
1.873714
2.309876
4.486349
6.761221
7.271372
6.068007
3.826297
1.252395
-0.700875
-1.601257
-1.169435
0.154097
1.120143
2.367661
4.371972
6.498369
7.132101
6.350531
3.796951
0.814946
-1.403145
-2.016148
-0.711477
0.691622
1.019769
2.370815
4.412457
6.280886
7.216076
5.870100
3.726358
0.915764
-1.586905
-2.162586
-1.479577
-0.047997
0.376989
1.832771
3.631957
5.622355
6.266876
5.252876
3.254390
0.511945
-1.172812
-1.758808
-0.892789
0.062887
0.536669
2.425144
4.236138
6.520147
7.202669
5.209791
2.807209
0.507977
-1.500069
-2.008577
-1.191984
0.301027
0.695614
1.851647
4.050808
6.069231
6.523697
5.394556
3.419584
0.744960
-0.807281
-1.553862
-0.630751
0.446684
1.298713
2.545959
4.462666
6.548038
6.994520
6.314859
3.614404
0.946560
-1.033604
-1.948738
-1.222461
0.733860
1.406541
2.261907
4.263904
6.198244
6.322773
5.499626
2.927481
0.083407
-1.621444
-2.104948
-1.511434
-0.347716
0.484398
1.614261
3.670407
5.928537
6.940607
5.135225
3.729173
0.456261
-1.828751
-2.692017
-1.761779
0.161843
0.985256
2.174432
4.295151
6.105383
6.787521
6.068464
3.408045
1.003798
-1.016500
-1.949884
-1.091838
0.048536
0.988362
1.925539
3.654675
5.587729
7.101133
6.732428
4.331740
1.409889
-0.722170
-1.205257
-0.491829
1.078671
1.167970
2.285868
4.480534
6.649881
6.747759
5.618071
3.623832
1.111411
-0.798685
-1.591517
-0.640444
0.271248
1.196134
2.152732
4.550494
6.340677
6.842850
5.647593
2.941101
0.175791
-1.647428
-2.065742
-1.148123
0.669003
1.332519
2.283790
4.676148
5.648317
6.261429
5.009069
2.701771
0.387283
-1.604669
-2.323631
-1.090906
0.300331
1.409564
2.670332
5.188200
6.683126
6.897345
5.863836
3.241715
0.763084
-1.445631
-2.457144
-1.715479
-0.237062
0.865556
1.900377
3.899431
6.032228
6.855335
6.040634
3.927378
1.552817
-0.921966
-1.817430
-0.867385
0.076963
1.040065
2.385270
4.758677
7.009398
7.852293
6.096552
3.457220
1.096947
-1.285670
-1.946130
-0.875144
0.377256
1.301437
2.345348
4.131605
5.943325
7.116358
6.044432
3.587486
1.206143
-0.708031
-0.980210
-0.002961
1.107838
1.229040
2.533488
4.489756
5.922003
6.613405
5.676310
3.866465
0.912750
-0.835738
-1.394960
-0.291350
0.928959
1.547592
2.426788
3.603802
5.576620
6.708511
6.024351
3.621341
1.045619
-1.403642
-2.042307
-0.762817
0.222054
0.871484
2.098256
4.203908
6.509359
7.210081
5.719614
3.432442
1.093919
-1.257134
-1.752601
-0.970355
0.486319
1.172836
2.193833
4.566659
6.609552
6.845358
5.831957
3.701999
1.529379
-0.241590
-0.944852
-0.468333
1.263693
2.009464
3.246220
5.009512
6.438925
6.891659
6.018866
3.579104
1.211049
-0.668338
-1.050825
0.065725
0.862003
1.631882
2.490419
4.335208
6.806622
7.214689
5.278448
3.133596
0.253459
-1.852401
-1.873593
-1.010353
0.465742
1.390546
2.412693
4.961721
7.317083
7.513256
6.370588
4.137245
1.182593
-1.021014
-1.627186
-0.927095
0.888491
1.328114
2.163074
4.403250
6.343855
7.115763
5.574663
3.400056
1.073863
-0.911095
-1.773458
-1.157847
0.278305
1.120942
2.464112
4.368954
6.409916
6.814884
6.165480
4.110271
1.488640
-0.814796
-0.745394
-0.561567
0.189386
0.661903
2.575866
4.870387
6.569654
7.333124
6.157934
3.834599
1.029339
-1.179112
-1.888083
-1.268899
0.569178
1.459386
2.741035
4.410545
6.341408
7.114738
5.660875
3.651917
0.669249
-1.389790
-1.759325
-1.522608
-0.175398
0.729465
2.177088
3.973227
5.925880
6.335718
4.741996
2.756250
0.293975
-1.633800
-1.921272
-1.435664
-0.227386
0.835457
1.794079
3.303726
5.376520
6.376482
5.743179
3.477771
0.867517
-1.033545
-1.848409
-1.351983
0.310551
0.749339
1.582433
4.361556
6.035580
6.608450
5.301451
3.485906
0.715594
-1.134320
-2.037751
-1.140547
-0.360500
0.855127
2.201822
4.583050
6.697876
6.515623
5.471788
3.194612
0.467738
-0.896218
-1.316697
-1.211172
-0.252733
1.039780
1.840077
3.728165
5.375196
6.152212
5.249523
2.858024
-0.016850
-2.334137
-2.934642
-1.387417
-0.267902
0.499893
1.227926
3.366450
5.478155
5.782511
4.977423
3.275078
0.861511
-1.502973
-1.691504
-0.637082
0.104821
1.321384
2.310022
4.047573
5.746477
6.422789
5.542797
3.454729
0.635125
-1.629693
-2.076258
-0.787189
0.525412
1.288287
2.129760
3.787457
5.716509
6.933466
6.402922
4.125711
0.909807
-1.066547
-1.652426
-0.835546
1.199768
2.301105
2.829302
4.449989
6.562563
6.646864
6.272131
4.175767
1.367507
-0.364593
-1.287996
-1.025808
0.394121
1.141558
2.598856
4.699013
6.257311
7.136534
6.079645
4.232244
1.554846
-0.875453
-2.059011
-0.929140
0.411486
1.587585
2.580358
4.196140
6.573507
6.511805
5.567263
3.223980
0.843113
-1.470718
-2.455103
-1.737616
-0.443063
0.633340
2.133708
4.637398
7.053881
7.303114
6.355608
4.016733
1.140317
-1.247699
-2.091731
-1.461539
-0.147643
0.930841
2.199433
4.310389
6.352015
7.027510
6.506224
4.009672
1.117303
-0.645000
-1.499955
-0.716360
0.174718
1.660248
3.007792
4.689577
6.746872
7.501699
6.187088
3.496153
0.890716
-1.199939
-1.988993
-1.491671
-0.174460
0.952984
2.138517
4.148129
6.599720
7.320812
6.060087
3.964112
1.752036
0.394037
-0.153781
-0.045050
0.775129
1.499821
2.923592
5.086245
7.412699
7.603024
6.164248
3.889549
1.039010
-0.754766
-1.576784
-1.595760
-0.375580
1.078351
2.117105
4.143759
5.908886
6.949881
5.730551
3.530380
0.583884
-1.630697
-2.202667
-0.995166
0.647875
1.291613
2.280116
3.880001
5.390955
6.401846
5.781954
3.511786
0.861223
-1.547656
-2.119706
-1.424148
-0.625779
0.421517
2.121469
3.661075
5.939444
7.600426
6.703157
4.338140
1.382934
-1.192698
-2.084831
-0.762388
0.110738
1.719254
3.008456
5.019148
6.710337
7.554773
6.391783
4.163507
1.250555
-0.723220
-1.886217
-0.916275
0.495825
1.690192
2.566651
5.070665
6.809441
7.559671
6.206799
3.972339
1.331717
-0.865143
-1.824112
-0.734541
0.786026
1.234611
2.040466
4.444832
6.665361
7.029318
5.416374
3.812695
1.181741
-1.165291
-1.719054
-1.079685
0.169183
0.528777
2.170665
4.188613
6.248590
7.200384
5.917639
4.002360
1.380478
-1.127634
-1.869425
-1.411727
0.055001
1.080931
2.237772
4.279743
6.614162
7.637142
6.485687
4.188526
1.142255
-0.976192
-1.473423
-0.633781
0.265184
0.696419
1.781749
3.972264
6.321180
7.060343
6.088339
3.814005
0.585055
-1.327325
-1.440397
-1.229389
0.514509
1.448562
2.127297
3.944315
6.268015
7.622467
6.037184
3.718457
1.214933
-0.782638
-1.889597
-0.876046
0.445471
1.159396
2.446415
3.939225
6.205923
7.015398
6.529325
4.045721
1.548065
-1.081953
-1.087884
-0.733255
1.094872
1.829917
2.881293
5.038805
6.852495
7.577471
6.443546
4.015229
1.034498
-0.831113
-1.893974
-0.590367
0.553070
1.958880
2.815170
4.351560
6.181458
6.623835
5.616472
3.385543
1.241935
-0.797109
-1.777584
-1.169835
0.075879
1.662854
3.034998
4.227509
5.965111
6.240263
5.150726
3.369304
0.931443
-1.118731
-1.895962
-1.237444
0.498215
1.128000
2.317758
4.383144
6.372503
6.695940
5.620802
3.335694
1.098083
-0.558883
-1.737485
-0.157647
0.614830
1.332239
2.684690
4.199037
6.032837
6.633623
5.703739
3.041396
0.207397
-1.136467
-1.785296
-0.713163
0.025491
1.220392
2.194091
3.930773
5.744619
