-0.821974
-0.635427
-1.245703
-0.702527
-0.309922
1.796614
3.735767
4.571338
3.550151
2.377410
1.258370
-0.683794
-0.450334
-0.588518
-0.683947
-0.969468
-0.624493
0.914177
1.612288
2.372812
2.595540
1.759333
0.518440
-0.944870
-1.553227
-1.650938
-1.838884
-1.532888
-0.760065
0.639177
1.793834
2.671887
2.596880
1.405252
0.160761
-0.348721
-0.919638
-1.408007
-1.908667
-2.108241
-1.399196
0.625532
2.212811
3.034485
2.440886
1.079760
0.008382
-1.270646
-1.739228
-2.386684
-1.839008
-1.385262
-0.557567
0.253942
1.314563
2.083907
1.677694
1.002867
-0.339397
-1.093011
-0.669650
-1.755227
-1.835498
-1.389213
-0.877454
0.155311
1.888571
3.205315
2.519472
1.484306
0.319408
-0.714290
-0.808440
-0.426579
-0.646734
-0.796926
0.035731
1.660803
3.093522
3.940481
3.033104
1.617107
0.572589
-0.358332
-0.716854
-1.356174
-1.013762
-0.538957
0.301598
1.471643
2.772194
4.000523
3.341327
2.665819
1.105786
0.610961
0.488788
0.660047
-0.414090
-0.664368
0.461808
1.804823
2.928542
3.639954
3.152843
2.355768
1.286082
0.627482
-0.223424
-0.784886
-0.693826
-1.030072
-0.433201
0.641102
2.590230
3.521083
3.332155
2.244434
1.672266
0.627896
-0.432157
-0.783892
-1.093273
-1.174537
-0.688328
0.988374
2.357464
3.585023
3.326564
2.272952
1.330003
0.031808
-1.057773
-0.923041
-1.177171
-0.534771
0.040830
1.010916
2.701682
3.705762
2.430837
0.996095
0.206335
-0.485546
-0.769703
-1.515140
-0.400290
-0.153890
0.100060
0.975323
2.566931
3.662151
2.743773
1.643652
1.438644
0.899388
0.836479
0.105418
-1.095667
-0.966602
-0.002032
1.300188
2.801078
4.093919
3.790354
2.283339
1.130001
0.485008
-0.362027
-1.218702
-1.519444
-1.171751
-0.724718
0.402681
1.832224
2.673070
2.839141
1.847344
0.840205
0.079841
0.199441
-0.820650
-1.095200
-0.954191
-0.416813
1.084496
2.653951
3.184505
2.517317
1.265058
-0.165222
-0.567941
-0.748634
-0.866516
-0.687085
-0.645333
0.036687
0.767740
2.003922
3.476007
2.968792
1.345530
0.626959
-0.422004
-0.940678
-0.797785
-0.981448
-1.422272
-0.792875
0.587755
2.091740
2.686285
2.675141
1.694992
0.905106
-0.289624
-1.494280
-1.211480
-0.529235
-0.843179
-0.009207
0.992929
3.283987
3.816898
3.079031
1.760913
0.194223
-0.738153
-1.253172
-1.141677
-1.454018
-0.682146
-0.125610
1.185605
2.368135
3.743214
3.193666
1.757284
-0.011114
0.796650
-0.181746
-0.975536
-0.935962
-0.811860
-0.473738
0.663957
2.127248
2.688121
2.076569
0.620489
-0.196164
-1.228565
-1.361314
-1.489813
-1.766318
-2.287391
-1.188072
-0.122768
1.431674
2.566708
2.344769
1.235976
0.035749
-0.651241
-0.068007
-0.711626
-1.529668
-1.113975
-0.328345
0.721924
2.690864
3.861797
3.493118
2.364679
0.962206
0.613972
-1.042008
-2.131577
-2.217250
-1.952101
-1.135662
0.227621
1.402165
2.009401
1.937389
0.593082
-0.399044
-0.893224
-0.835596
-1.522492
-2.162485
-1.891880
-1.477704
-0.502541
1.736258
2.597418
1.649645
0.559825
-0.749982
-1.294394
-1.800117
-1.267208
-1.760128
-1.193629
-0.964651
0.196401
1.481786
2.216072
1.806664
1.484634
-0.045632
-1.019839
-0.834790
-1.341198
-2.014076
-1.622317
-0.829210
0.659492
2.100739
2.342765
1.968409
0.728298
0.198355
-0.931132
-1.083184
-1.397429
-2.092918
-1.618017
-0.562050
0.746302
2.441603
2.976866
2.817536
1.100861
0.150591
-0.573400
-1.083035
-1.073298
-1.106114
-1.610681
-0.685602
0.777517
2.684311
3.798395
2.874731
1.277073
0.668984
-0.362122
-0.730113
-1.437183
-1.018533
-1.041750
-0.253659
1.036233
2.628193
3.775478
3.619270
2.009963
0.710481
0.272487
-1.162597
-1.283803
-1.489002
-0.951253
-0.181706
1.247118
2.529108
3.398265
3.313098
1.632370
1.040520
0.409747
-0.357505
-0.808668
-1.061511
-1.155126
-0.820437
0.528116
2.722572
3.356732
2.987853
1.722354
-0.173792
-0.772457
-1.372758
-1.739335
-1.714187
-1.795472
-0.975097
0.450903
1.832751
2.853028
2.775633
1.476953
0.126110
-0.688710
-1.546234
-1.670040
-1.980713
-1.849760
-1.050587
0.070507
2.034887
3.173890
2.656692
1.046309
-0.703011
-1.312577
-1.823505
-2.413624
-2.163135
-1.970043
-1.291978
0.433908
1.467960
2.241264
2.125561
1.040048
-0.054770
-1.575098
-1.573353
-2.038045
-1.409681
-1.255615
-0.258195
1.413688
2.874980
3.775278
3.507246
2.020397
0.743628
-0.140262
-1.269949
-1.849568
-1.460578
-1.165076
-0.253550
1.850765
3.180731
3.875061
3.754342
2.196380
0.445066
0.507784
-0.580444
-0.558908
-0.537359
-0.244555
0.772228
1.183468
3.063357
3.712566
2.805071
1.779010
0.561684
0.883853
-0.010815
-0.621675
-1.150707
-0.749245
-0.832732
0.073244
1.828129
2.510959
1.824261
0.552016
-0.076894
-0.323208
-1.374657
-1.285559
-1.494048
-1.220497
-0.369083
0.704480
2.803707
3.953041
2.935869
1.754344
1.351935
0.002934
-1.466091
-1.711870
-2.162936
-1.918176
-0.805057
0.359071
1.592293
2.693560
2.226783
1.242304
-0.041029
-0.486416
-1.969772
-1.874429
-2.637849
-2.050304
-1.255325
0.602300
2.021408
2.609406
2.063485
1.121725
0.120770
-0.604676
-1.259094
-0.925144
-2.085674
-1.863741
-1.082703
-0.009581
1.112097
2.433253
2.364701
1.176930
0.402180
-0.607366
-1.120186
-1.203045
-1.740426
-1.307547
-0.092961
1.131025
2.593565
2.802966
2.235927
1.007718
0.012609
-0.410480
-1.141180
-1.098988
-1.393790
-0.968174
-0.454592
0.888779
2.144281
3.310853
2.616601
1.701633
0.128329
-0.564181
-1.262875
-1.643876
-1.573636
-1.518660
-0.785087
0.429661
1.986994
2.711374
2.517033
1.697810
0.125130
-0.641320
-1.651772
-1.753477
-2.158877
-1.525694
-0.299955
0.675457
2.354673
2.801965
2.231472
1.368345
-0.200665
-0.094017
-0.646040
-1.335278
-1.109141
-1.155467
-0.308174
1.092023
2.459004
3.302068
2.423420
1.338845
0.070530
-0.325590
-1.710779
-2.167684
-1.802114
-1.438388
-0.063013
1.419238
2.444122
3.216968
2.465748
1.404755
-0.010947
-0.767357
-0.583353
-0.666819
-1.138072
-0.759640
-0.549331
0.631390
2.405671
3.637532
2.709425
1.287056
-0.110600
-0.785259
-2.222362
-1.979283
-2.151042
-1.346394
-0.567655
0.423574
2.004839
2.760197
2.732807
1.241966
-0.016944
-0.826530
-1.192108
-1.287753
-1.456260
-0.999926
-0.347641
0.904052
2.273929
3.375875
3.542067
1.814918
0.088420
-0.754496
-1.495034
-0.831924
-1.059375
-1.124942
0.006571
1.517190
2.794098
4.365165
3.624712
2.240472
1.063127
-0.065072
-0.935057
-0.730829
-1.003932
-0.834415
-0.099231
1.420350
2.735784
3.653082
3.284445
2.346935
1.334905
0.518585
-0.788752
-1.685811
-1.438350
-1.123281
-0.936950
0.976274
2.854059
3.386765
2.326567
1.177670
0.445035
-0.357933
-0.285116
-1.773187
-1.376538
-0.749400
0.351337
0.842994
2.081680
3.515570
2.689412
1.174656
0.364697
-0.128678
-0.735428
-0.455150
-0.841393
-0.805451
-0.350365
1.591920
2.771618
3.989774
3.494561
2.044027
0.081284
-0.683403
-1.596658
-1.870008
-1.351725
-1.366526
-0.931185
1.055758
2.616289
3.181909
2.268806
1.004520
0.180243
-0.194281
-1.309170
-1.534762
-1.945610
-1.198855
-0.200743
0.950993
2.218949
3.207622
3.234945
1.287991
-0.079091
-0.934323
-1.261072
-1.436110
-1.311910
-1.437249
-0.595426
0.903666
2.666922
3.492966
3.184466
1.876227
0.166424
-1.164581
-0.945581
-0.925744
-1.379290
-1.405553
-0.726131
0.630249
2.767462
3.898952
3.432737
1.239369
-0.179213
-0.152950
-0.646756
-1.435828
-0.909843
-0.662942
0.073239
1.205078
2.211157
3.458398
3.647892
2.080359
0.845358
-0.450057
-1.381091
-1.014649
-1.132107
-1.188982
-0.314841
0.884966
2.671351
3.603504
2.793285
1.212881
0.059395
-0.593453
-0.860796
-1.805735
-1.600986
-1.853374
-1.304477
0.225324
1.831740
2.804274
2.114017
0.870173
-0.194716
-1.006191
-1.718790
-1.875519
-1.773838
-1.085711
-0.240071
0.949518
2.659452
3.588483
2.988229
1.703242
0.750846
-0.329624
-0.925185
-0.578168
-1.220835
-1.374175
-0.166572
1.118978
2.738491
3.510444
2.788502
1.423067
0.116170
-0.593793
-1.966441
-1.916206
-1.832549
-2.019483
-0.735210
0.267282
1.678535
2.563341
2.253685
1.245857
-0.184828
-0.812922
-1.772936
-1.887800
-2.083196
-2.256420
-1.655680
-0.259788
0.928310
2.076235
1.366843
0.444318
-0.351015
-0.775995
-1.732495
-1.810957
-1.791983
-2.025357
-1.481566
-0.092333
2.291249
3.118665
2.524697
1.069534
-0.237942
-0.895905
-2.079798
-2.157994
-2.133995
-1.831391
-1.032742
0.390860
1.819675
2.534153
2.159977
0.651321
-0.694613
-1.238793
-1.454113
-1.968634
-2.361381
-1.752395
-0.496168
0.652810
2.089934
2.605865
2.012300
0.793297
0.199915
-0.759703
-1.254037
-1.397263
-1.640090
-1.437311
-0.419930
1.251982
2.729002
3.167446
2.006916
0.954063
-0.183649
-1.448174
-2.071530
-2.242184
-1.860413
-1.919065
-0.913569
1.144258
2.745064
4.219616
3.865323
2.040811
0.697623
-0.029403
-1.151364
-1.808996
-1.685349
-1.582368
-0.570736
0.841297
2.407309
2.678185
2.237279
0.684914
-0.410417
-1.263171
-1.333289
-1.792178
-1.624898
-1.700625
-0.539490
1.027855
3.060434
3.635563
2.671268
0.845179
-0.698886
-0.892051
-1.640767
-1.176353
-0.910421
-0.854662
-0.449059
0.880734
2.513720
3.202444
2.443717
1.105704
0.863647
-0.054608
-0.973316
-0.960436
-1.088680
-0.577206
-0.385851
0.668407
2.424179
3.633537
3.085911
1.746781
0.527661
-0.759358
-1.537448
-2.030265
-1.761558
-1.328878
-0.837189
0.513400
2.362591
3.576721
3.020576
1.496480
-0.252297
-1.250452
-2.189328
-1.687582
-1.388988
-1.092579
-0.556921
0.951632
2.604704
3.413632
2.744967
0.949273
0.045946
-1.022094
-1.468032
-1.899701
-2.426621
-1.873774
-0.632921
0.267862
1.959884
3.138138
2.512221
0.753229
-0.602392
-1.519074
-1.803330
-2.281577
-1.415649
-1.537588
-0.821839
0.186085
2.048326
3.382317
2.454070
1.268881
-0.102455
-1.546443
-2.015297
-2.522207
-2.349687
-1.750383
-0.657775
0.506954
2.214154
3.015489
1.923619
0.371025
-0.350396
-0.694828
-1.869597
-2.375100
-2.199843
-1.866404
-0.744450
0.400820
2.083920
2.594458
2.011458
0.751625
-0.354682
-0.864810
-1.244537
-2.108806
-1.638595
-1.636272
-0.978405
0.230122
1.508581
2.151981
1.671618
0.298160
-0.873771
-1.019071
-1.365018
-1.548277
-1.304551
-1.359560
-0.939945
0.774281
2.141126
3.072517
2.698613
1.160987
0.195221
-0.541972
-1.310017
-1.109244
-1.313440
-0.898294
-0.469291
0.765192
2.460440
3.084674
2.642518
1.024784
-0.239005
-0.772788
-1.035588
-1.399295
-1.461935
-1.052338
-0.943130
0.118275
2.252980
3.728296
2.768751
1.445095
0.192154
-0.622340
-0.899071
-1.362913
-2.281199
-1.351292
-0.928623
0.384072
1.682865
2.556346
2.201901
0.153940
-0.595492
-0.960929
-1.148405
-1.641022
-2.449325
-2.072735
-1.072509
-0.147304
1.616560
2.746523
1.829582
0.521286
-0.251846
-1.123311
-1.371735
-1.495526
-1.598348
-1.996494
-1.291483
0.093504
1.359459
2.109505
2.020974
0.412028
-0.957306
-1.413659
-1.469277
-2.267698
-1.870722
-1.596950
-1.223949
-0.223143
1.272345
2.577117
1.792105
0.668515
-0.745147
-1.026742
-1.574389
-2.048138
-1.806036
-1.671876
-0.969641
0.604986
2.316317
2.956320
2.197881
1.022885
-0.366981
-1.016530
-1.618290
-1.972874
-2.622116
-1.955194
-1.433100
-0.324272
1.095564
2.266771
2.285829
0.658485
-0.649509
-1.990483
-2.687746
-3.096447
-3.048535
-2.274356
-1.198536
0.034171
1.572518
2.356399
2.056438
1.012258
-0.446856
-1.133331
-2.081784
-2.335966
-2.850235
-2.494419
-1.664945
-0.176350
1.504047
2.459753
1.408868
0.721555
-0.533727
-1.359716
-2.627783
-2.808977
-2.717001
-2.000892
-1.173099
0.317017
2.031441
2.953768
2.286092
0.847851
-0.288496
-0.989761
-1.764635
-2.091859
-2.142460
-2.167467
-1.401396
-0.339187
1.176470
2.513598
2.354379
0.673739
-0.789148
-1.594835
-2.089893
-2.533284
-2.499761
-2.219075
-1.158705
0.555652
2.247713
3.241733
1.979534
0.744139
-0.778584
-1.334471
-2.308259
-1.899689
-2.040239
-1.837979
-1.122014
-0.026773
1.931502
2.746118
2.262286
0.998585
-0.702521
-1.400177
-1.703005
-1.396303
-2.191387
-1.457154
-0.754401
0.378272
2.016094
2.705397
2.086488
0.461767
-1.003146
-2.174798
-2.117455
-2.654595
-2.277569
-1.857608
-1.054522
0.501395
1.960961
2.633409
1.932245
0.183058
-0.733479
-1.124803
-2.532951
-2.550862
-2.591639
-1.922841
-1.106094
0.047631
1.900190
3.054819
2.450675
0.656454
-0.563761
-1.170316
-1.174050
-2.205129
-2.253287
-2.239531
-1.347469
-0.105002
1.612685
2.602855
1.691465
0.057602
-0.978230
-2.179965
-3.131475
-2.675260
-2.785707
-2.344705
-1.429663
-0.046447
2.017185
2.921397
1.550476
0.371852
-0.872889
-1.112934
-2.351926
-2.415813
-2.577157
-2.058923
-1.194406
0.126471
2.041689
3.057598
2.570042
0.400525
-1.038141
-1.606804
-2.362565
-2.128634
-2.440904
-2.272286
-1.413727
0.007990
1.419580
1.783610
1.403864
0.063143
-0.990699
-1.795631
-2.674328
-2.758936
-2.914711
-2.731014
-2.137060
-0.499882
1.519364
2.376993
2.589959
0.436466
-1.372657
-2.391777
-2.491959
-2.873766
-2.314469
-2.086301
-1.435929
0.788671
2.332485
3.616592
1.918922
0.152559
-0.786386
-1.710388
-2.582921
-2.748799
-2.477377
-2.219697
-1.441219
0.137045
1.480649
1.953845
1.862969
0.554214
-0.131671
-1.264779
-1.921466
-2.719559
-3.204676
-2.733515
-1.757634
-0.253004
1.410600
2.271623
1.654845
0.316914
-1.150311
-1.826442
-2.858319
-3.270583
-3.993291
-3.328567
-2.038237
-0.782870
0.729736
1.703440
1.459057
0.060951
-0.976068
-1.674863
-3.060328
-3.352772
-2.906348
-2.798822
-1.476920
-0.365972
1.155532
1.939404
1.582306
-0.071927
-1.084293
-1.706160
-2.218350
-2.516834
-2.895507
-2.688566
-1.944036
-0.280083
1.391672
1.568840
1.069362
0.528705
-0.687645
-2.045124
-2.766205
-3.019586
-2.985579
-2.647262
-1.933386
-0.602897
1.527446
2.758457
2.304140
0.709189
-0.465243
-2.083689
-2.621965
-2.535183
-3.090512
-3.013557
-2.091775
-0.836694
0.346531
1.549553
1.533290
0.713004
-0.897206
-2.101372
-2.999661
-3.844510
-3.311037
-2.556946
-1.114985
0.642314
1.790743
2.461035
2.012491
0.057919
-0.871657
-1.369244
-1.840870
-2.417872
-2.331220
-1.602073
-0.926802
0.025618
1.867790
2.819240
2.726094
1.090618
-0.495380
-1.179698
-1.541152
-2.351976
-2.770477
-1.698864
-0.939362
0.363811
2.599361
2.914766
2.361718
1.307950
-0.122085
-1.095568
-2.155770
-2.904780
-2.396424
-2.256470
-1.108141
0.646914
2.653518
3.641971
2.689321
1.523235
-0.090557
-1.514900
-2.317220
-2.778641
-2.037179
-1.894734
-0.978726
0.388092
1.817425
3.194526
1.849042
0.523973
-0.611272
-1.533305
-2.125520
-2.679482
-2.514349
-2.282228
-1.248810
-0.282005
2.207395
3.196128
2.677769
0.635939
-0.351262
-1.143046
-2.095572
-2.292795
-2.565960
-2.025048
-1.217514
0.740638
2.138783
3.098224
2.805713
0.909317
-0.503476
-0.976306
-2.209012
-3.034733
-2.997329
-2.350493
-1.616961
-0.529699
1.352393
2.940047
2.295438
0.939203
-0.858016
-1.408446
-2.199863
-2.403246
-2.697014
-2.090737
-1.707932
-0.405495
1.280164
2.299478
2.029545
0.817922
-0.554391
-1.604553
-1.886509
-2.449812
-2.324348
-2.106578
-1.244900
0.081297
1.571035
2.429311
1.968109
0.611387
-0.506149
-0.904577
-2.214832
-2.114497
-2.124216
-1.893160
-0.770180
0.589042
2.392014
3.593824
2.665392
0.491729
-0.897560
-1.097029
-1.486800
-2.017712
-2.060170
-1.535985
-0.939381
0.452274
2.068547
3.563125
2.766743
0.956692
-0.410340
-1.949976
-2.687751
-2.399219
-2.589088
-2.365052
-1.258338
0.477154
2.361867
3.057703
3.230782
1.442000
0.226734
-0.996051
-1.738388
-2.403839
-2.855988
-2.086968
-0.973570
0.661677
1.920629
2.959031
2.066758
0.493410
-0.775696
-1.271265
-2.016230
-2.370982
-2.295397
-2.272993
-1.952618
-0.193738
1.590075
2.087599
1.224450
0.339903
-1.242623
-1.807625
-2.139475
-2.565806
-2.780331
-2.248064
-0.866446
0.692867
1.782166
3.638882
3.227382
1.069757
-0.728182
-0.776488
-1.377251
-2.090335
-2.623724
-2.635237
-1.942358
-0.596932
1.252135
2.514899
1.671008
-0.140939
-1.171112
-2.437834
-2.585685
-2.357605
-2.761958
-2.713233
-1.460793
0.610191
2.817252
3.514282
2.631785
0.867839
-0.713148
-1.170767
-2.248340
-2.566041
-2.351609
-2.008725
-1.500044
-0.265692
1.428585
2.456970
2.140055
1.054058
-1.121669
-2.024314
-3.124856
-3.232695
-3.719229
-3.322454
-2.024113
-0.075890
1.695014
2.783029
1.837528
-0.328144
-1.657987
-2.861513
-3.670199
-3.782420
-4.144313
-3.657841
-2.872456
-1.637848
-0.046715
0.858711
0.453289
-0.871014
-2.392194
-3.652425
-4.120723
-4.678816
-4.699935
-4.019371
-2.324743
-0.432473
1.269991
2.340810
1.249069
-0.186711
-1.313936
-2.378534
-3.279699
-3.621768
-3.798334
-2.983544
-1.973864
-0.758205
0.867317
2.060284
1.943185
0.319877
-0.971166
-1.806531
-2.536922
-3.261513
-3.197548
-2.918646
-2.573809
-1.185133
0.314356
1.321659
0.618249
-0.509538
-1.536592
-2.446343
-3.058164
-3.442184
-3.891690
-3.462877
-2.250482
-0.548516
2.291743
2.835430
1.841162
-0.081610
-1.541830
-2.449808
